7.853981633974483484e-03 0.000000000000000000e+00
2.356194490192345045e-02 0.000000000000000000e+00
3.926990816987241395e-02 0.000000000000000000e+00
5.497787143782138786e-02 0.000000000000000000e+00
7.068583470577034789e-02 0.000000000000000000e+00
8.639379797371932179e-02 0.000000000000000000e+00
1.021017612416682818e-01 0.000000000000000000e+00
1.178097245096172557e-01 0.000000000000000000e+00
1.335176877775662296e-01 0.000000000000000000e+00
1.492256510455151619e-01 0.000000000000000000e+00
1.649336143134641497e-01 0.000000000000000000e+00
1.806415775814131375e-01 0.000000000000000000e+00
1.963495408493620697e-01 0.000000000000000000e+00
2.120575041173110575e-01 0.000000000000000000e+00
2.277654673852600453e-01 0.000000000000000000e+00
2.434734306532089776e-01 0.000000000000000000e+00
2.591813939211579654e-01 0.000000000000000000e+00
2.748893571891068976e-01 0.000000000000000000e+00
2.905973204570558854e-01 0.000000000000000000e+00
3.063052837250048732e-01 0.000000000000000000e+00
3.220132469929538055e-01 0.000000000000000000e+00
3.377212102609027933e-01 0.000000000000000000e+00
3.534291735288517255e-01 0.000000000000000000e+00
3.691371367968007133e-01 0.000000000000000000e+00
3.848451000647497011e-01 0.000000000000000000e+00
4.005530633326986889e-01 0.000000000000000000e+00
4.162610266006476212e-01 0.000000000000000000e+00
4.319689898685966090e-01 0.000000000000000000e+00
4.476769531365455412e-01 0.000000000000000000e+00
4.633849164044945290e-01 0.000000000000000000e+00
4.790928796724435168e-01 0.000000000000000000e+00
4.948008429403924491e-01 0.000000000000000000e+00
5.105088062083413813e-01 0.000000000000000000e+00
5.262167694762904802e-01 0.000000000000000000e+00
5.419247327442393569e-01 0.000000000000000000e+00
5.576326960121882337e-01 0.000000000000000000e+00
5.733406592801373325e-01 0.000000000000000000e+00
5.890486225480862092e-01 0.000000000000000000e+00
6.047565858160353081e-01 0.000000000000000000e+00
6.204645490839841848e-01 0.000000000000000000e+00
6.361725123519330616e-01 0.000000000000000000e+00
6.518804756198821604e-01 0.000000000000000000e+00
6.675884388878310371e-01 0.000000000000000000e+00
6.832964021557801360e-01 0.000000000000000000e+00
6.990043654237290127e-01 0.000000000000000000e+00
7.147123286916780005e-01 0.000000000000000000e+00
7.304202919596269883e-01 0.000000000000000000e+00
7.461282552275758650e-01 0.000000000000000000e+00
7.618362184955249639e-01 0.000000000000000000e+00
7.775441817634738406e-01 0.000000000000000000e+00
7.932521450314228284e-01 0.000000000000000000e+00
8.089601082993718162e-01 0.000000000000000000e+00
8.246680715673206929e-01 0.000000000000000000e+00
8.403760348352697918e-01 0.000000000000000000e+00
8.560839981032186685e-01 0.000000000000000000e+00
8.717919613711677673e-01 0.000000000000000000e+00
8.874999246391166441e-01 0.000000000000000000e+00
9.032078879070655208e-01 0.000000000000000000e+00
9.189158511750146197e-01 0.000000000000000000e+00
9.346238144429634964e-01 0.000000000000000000e+00
9.503317777109125952e-01 2.200002200002199367e-06
9.660397409788614720e-01 7.333340666673999019e-06
9.817477042468103487e-01 1.026667693334359761e-05
9.974556675147594476e-01 1.466668133334799804e-05
1.013163630782708324e+00 2.273335606668939882e-05
1.028871594050657201e+00 3.226669893336559636e-05
1.044579557318606300e+00 4.766671433338099447e-05
1.060287520586555399e+00 7.626674293340959386e-05
1.075995483854504275e+00 1.004667671334337861e-04
1.091703447122453152e+00 1.444668111334777903e-04
1.107411410390402029e+00 1.906668573335239779e-04
1.123119373658351128e+00 2.280668947335613510e-04
1.138827336926300227e+00 2.794002794002793492e-04
1.154535300194249103e+00 3.520003520003519800e-04
1.170243263462197980e+00 4.319337652670986183e-04
1.185951226730146857e+00 4.935338268671602378e-04
1.201659189998095956e+00 5.353338686672020046e-04
1.217367153266045054e+00 6.035339368672701333e-04
1.233075116533993931e+00 6.666006666006666411e-04
1.248783079801942808e+00 7.260007260007259825e-04
1.264491043069891685e+00 7.678007678007677493e-04
1.280199006337840784e+00 7.890674557341221650e-04
1.295906969605789882e+00 8.257341590674923109e-04
1.311614932873738759e+00 8.646008646008646265e-04
1.327322896141687636e+00 8.697342030675363558e-04
1.343030859409636735e+00 8.822008822008820927e-04
1.358738822677585611e+00 8.536008536008535610e-04
1.374446785945534710e+00 8.206008206008205816e-04
1.390154749213483587e+00 7.832007832007830458e-04
1.405862712481432464e+00 7.436007436007434487e-04
1.421570675749381563e+00 7.179340512673845851e-04
1.437278639017330439e+00 6.651339984673317529e-04
1.452986602285279538e+00 6.123339456672790291e-04
1.468694565553228415e+00 5.764005764005762731e-04
1.484402528821177292e+00 5.610005610005609766e-04
1.500110492089126391e+00 5.309338642671976652e-04
1.515818455357075267e+00 5.294671961338627770e-04
1.531526418625024366e+00 5.280005280005278887e-04
1.547234381892973243e+00 5.338672005338671164e-04
1.562942345160922120e+00 5.412005412005411239e-04
1.578650308428871218e+00 5.749339082672414933e-04
1.594358271696820095e+00 6.160006160006159786e-04
1.610066234964769194e+00 6.556006556006554672e-04
1.625774198232718071e+00 6.776006776006775981e-04
1.641482161500666948e+00 7.480007480007478966e-04
1.657190124768616046e+00 8.308674975341641487e-04
1.672898088036564923e+00 9.174009174009173503e-04
1.688606051304514022e+00 1.005401005401005332e-03
1.704314014572462899e+00 1.121267787934454672e-03
1.720021977840411775e+00 1.272334605667938944e-03
1.735729941108360874e+00 1.493801493801493732e-03
1.751437904376309973e+00 1.650001650001650059e-03
1.767145867644258850e+00 1.859001859001858893e-03
1.782853830912207727e+00 2.114202114202114267e-03
1.798561794180156603e+00 2.429535762869096047e-03
1.814269757448105702e+00 2.729469396136062313e-03
1.829977720716054801e+00 2.959736293069625997e-03
1.845685683984003678e+00 3.318336651669984757e-03
1.861393647251952554e+00 3.724603724603724186e-03
1.877101610519901431e+00 4.189537522870856109e-03
1.892809573787850530e+00 4.606804606804605629e-03
1.908517537055799629e+00 5.170005170005169751e-03
1.924225500323748506e+00 5.749339082672414933e-03
1.939933463591697382e+00 6.476073142739809281e-03
1.955641426859646259e+00 7.177140510473844007e-03
1.971349390127595358e+00 7.970607970607970078e-03
1.987057353395544457e+00 8.727408727408727737e-03
2.002765316663493333e+00 9.638209638209636193e-03
2.018473279931442210e+00 1.070374403707737010e-02
2.034181243199391087e+00 1.176854510187843629e-02
2.049889206467340408e+00 1.280181280181280114e-02
2.065597169735289285e+00 1.396194729528062693e-02
2.081305133003238161e+00 1.514994848328181723e-02
2.097013096271187038e+00 1.625508292174958694e-02
2.112721059539135915e+00 1.740861740861740850e-02
2.128429022807084792e+00 1.816761816761816584e-02
2.144136986075034113e+00 1.904175237508570762e-02
2.159844949342982989e+00 1.969295302628636460e-02
2.175552912610931866e+00 2.024955358288691581e-02
2.191260875878880743e+00 2.053775387108720471e-02
2.206968839146830064e+00 2.065582065582065655e-02
2.222676802414778940e+00 2.067048733715400738e-02
2.238384765682727817e+00 2.063382063382063203e-02
2.254092728950676694e+00 2.033168699835366522e-02
2.269800692218625571e+00 2.001415334748668159e-02
2.285508655486574447e+00 1.940035273368606594e-02
2.301216618754523768e+00 1.885328551995218982e-02
2.316924582022472645e+00 1.821308487975154683e-02
2.332632545290421522e+00 1.769461769461769599e-02
2.348340508558370399e+00 1.708228374895041576e-02
2.364048471826319719e+00 1.652641652641652706e-02
2.379756435094268596e+00 1.593461593461593245e-02
2.395464398362217473e+00 1.543228209894876614e-02
2.411172361630166350e+00 1.510081510081510113e-02
2.426880324898115227e+00 1.487714821048154515e-02
2.442588288166064103e+00 1.451341451341451282e-02
2.458296251434013424e+00 1.430954764288097300e-02
2.474004214701962301e+00 1.408221408221408191e-02
2.489712177969911178e+00 1.412988079654746432e-02
2.505420141237860054e+00 1.432714766048099296e-02
2.521128104505809375e+00 1.434328100994767749e-02
2.536836067773758252e+00 1.442981442981442972e-02
2.552544031041707129e+00 1.454641454641454265e-02
2.568251994309656006e+00 1.476641476641476526e-02
2.583959957577604882e+00 1.493728160394827177e-02
2.599667920845554203e+00 1.511841511841511589e-02
2.615375884113503080e+00 1.508174841508174747e-02
2.631083847381451957e+00 1.519174852508185444e-02
2.646791810649400833e+00 1.521301521301521298e-02
2.662499773917350154e+00 1.538314871648205004e-02
2.678207737185299031e+00 1.534574867908201044e-02
2.693915700453247908e+00 1.512941512941512988e-02
2.709623663721196785e+00 1.497174830508163877e-02
2.725331626989145661e+00 1.476641476641476526e-02
2.741039590257094538e+00 1.434914768248101401e-02
2.756747553525043859e+00 1.392234725568058940e-02
2.772455516792992736e+00 1.304381304381304306e-02
2.788163480060941612e+00 1.222981222981222964e-02
2.803871443328890489e+00 1.147447814114480914e-02
2.819579406596839810e+00 1.053507720174386673e-02
2.835287369864788687e+00 9.564876231542897636e-03
2.850995333132737564e+00 8.533075199741866484e-03
2.866703296400686440e+00 7.645740979074312771e-03
2.882411259668635317e+00 6.859606859606859515e-03
2.898119222936584194e+00 6.015539348872682782e-03
2.913827186204533515e+00 5.239671906338573201e-03
2.929535149472482392e+00 4.483604483604483257e-03
2.945243112740431268e+00 3.792070458737124925e-03
2.960951076008380145e+00 3.220803220803219839e-03
2.976659039276329466e+00 2.642935976269309654e-03
2.992367002544278343e+00 2.147202147202147138e-03
3.008074965812227219e+00 1.718935052268385361e-03
3.023782929080176096e+00 1.406534739868073140e-03
3.039490892348124973e+00 1.117601117601117831e-03
3.055198855616073850e+00 8.800008800008800314e-04
3.070906818884023171e+00 6.768673435340102082e-04
3.086614782151972047e+00 5.177338510671843216e-04
3.102322745419920924e+00 3.916003916003916313e-04
3.118030708687869801e+00 3.138669805336471628e-04
3.133738671955818678e+00 3.058003058003058196e-04
