0.000000000000000000e+00 3.705662768189336589e+02 4.575653430314716985e+01
1.578689775673262907e-02 3.698439230901874453e+02 9.151306860629793505e+01
3.157379551346525814e-02 3.676768619039486907e+02 1.830261372125976607e+02
4.736069327019788722e-02 3.640650932602174521e+02 2.745392058188920146e+02
6.314759102693051629e-02 3.590086171589938431e+02 3.202957401220409679e+02
7.893448878366314536e-02 3.539521410577701204e+02 3.202957401220427869e+02
9.472138654039577443e-02 3.488956649565464545e+02 3.202957401220427869e+02
1.105082842971284035e-01 3.438391888553227318e+02 3.202957401220427869e+02
1.262951820538610326e-01 3.387827127540990659e+02 3.202957401220409679e+02
1.420820798105936755e-01 3.337262366528754001e+02 3.202957401220409679e+02
1.578689775673262907e-01 3.286697605516517342e+02 3.202957401220409679e+02
1.736558753240589059e-01 3.236132844504280683e+02 3.202957401220409679e+02
1.894427730807915489e-01 3.185568083492044025e+02 3.202957401220409679e+02
2.052296708375241918e-01 3.135003322479807366e+02 3.202957401220427869e+02
2.210165685942568070e-01 3.084438561467570139e+02 3.202957401220427869e+02
2.368034663509894222e-01 3.033873800455333480e+02 3.202957401220427869e+02
2.525903641077220652e-01 2.983309039443096253e+02 3.202957401220427869e+02
2.683772618644547081e-01 2.932744278430859595e+02 3.202957401220409679e+02
2.841641596211873511e-01 2.882179517418622936e+02 3.202957401220409679e+02
2.999510573779199385e-01 2.831614756406386277e+02 3.202957401220427869e+02
3.157379551346525814e-01 2.781049995394149050e+02 3.202957401220427869e+02
3.315248528913852244e-01 2.730485234381912392e+02 3.202957401220409679e+02
3.473117506481178118e-01 2.679920473369675733e+02 3.202957401220427869e+02
3.630986484048504548e-01 2.629355712357438506e+02 3.202957401220427869e+02
3.788855461615830977e-01 2.578790951345201847e+02 3.202957401220409679e+02
3.946724439183157407e-01 2.528226190332965189e+02 3.202957401220418774e+02
4.104593416750483836e-01 2.477661429320728246e+02 3.202957401220418774e+02
4.262462394317809711e-01 2.427096668308491587e+02 3.202957401220418774e+02
4.420331371885136140e-01 2.376531907296254644e+02 3.202957401220418774e+02
4.578200349452462570e-01 2.325967146284017986e+02 3.202957401220409679e+02
4.736069327019788444e-01 2.275402385271781327e+02 3.202957401220427869e+02
4.893938304587114874e-01 2.224837624259544100e+02 3.202957401220409679e+02
5.051807282154441303e-01 2.174272863247308010e+02 3.202957401220409679e+02
5.209676259721767178e-01 2.123708102235070783e+02 3.202957401220427869e+02
5.367545237289094162e-01 2.073143341222834124e+02 3.202957401220409679e+02
5.525414214856420037e-01 2.022578580210597465e+02 3.202957401220418774e+02
5.683283192423747021e-01 1.972013819198360522e+02 3.202957401220427869e+02
5.841152169991072896e-01 1.921449058186123580e+02 3.202957401220418774e+02
5.999021147558398770e-01 1.870884297173886921e+02 3.202957401220418774e+02
6.156890125125725755e-01 1.820319536161649978e+02 3.202957401220418774e+02
6.314759102693051629e-01 1.769754775149413319e+02 3.202957401220418774e+02
6.472628080260377503e-01 1.719190014137176377e+02 3.202957401220418774e+02
6.630497057827704488e-01 1.668625253124939718e+02 3.202957401220409679e+02
6.788366035395030362e-01 1.618060492112703059e+02 3.202957401220409679e+02
6.946235012962356237e-01 1.567495731100466401e+02 3.202957401220409679e+02
7.104103990529683221e-01 1.516930970088229742e+02 3.202957401220427869e+02
7.261972968097009096e-01 1.466366209075992515e+02 3.202957401220427869e+02
7.419841945664336080e-01 1.415801448063755856e+02 3.202957401220409679e+02
7.577710923231661955e-01 1.365236687051519198e+02 3.202957401220418774e+02
7.735579900798987829e-01 1.314671926039282255e+02 3.202957401220418774e+02
7.893448878366314814e-01 1.264107165027045596e+02 3.202957401220418774e+02
8.051317855933640688e-01 1.213542404014808653e+02 3.202957401220423321e+02
8.209186833500967673e-01 1.162977643002571853e+02 3.202957401220418774e+02
8.367055811068293547e-01 1.112412881990335052e+02 3.202957401220418774e+02
8.524924788635619421e-01 1.061848120978098251e+02 3.202957401220418774e+02
8.682793766202946406e-01 1.011283359965861450e+02 3.202957401220414226e+02
8.840662743770272280e-01 9.607185989536247916e+01 3.202957401220414226e+02
8.998531721337598155e-01 9.101538379413879909e+01 3.202957401220418774e+02
9.156400698904925139e-01 8.595890769291511901e+01 3.202957401220414226e+02
9.314269676472251014e-01 8.090243159169145315e+01 3.136856078849932032e+02
9.472138654039576888e-01 7.605466245403729886e+01 3.136856078849936580e+02
9.630007631606903873e-01 7.099818635281361878e+01 3.063679484462401774e+02
9.787876609174229747e-01 6.638146349791584555e+01 2.880640957961370532e+02
9.945745586741556732e-01 6.190290949737511994e+01 2.748342757518395842e+02
1.010361456430888261e+00 5.770390227523594007e+01 2.600446150423655922e+02
1.026148354187620848e+00 5.369231399764967705e+01 2.365817383905916813e+02
1.041935251944353436e+00 5.023411884507126501e+01 2.126577009401092369e+02
1.057722149701086245e+00 4.697790323380301913e+01 1.865685750380424111e+02
1.073509047457818832e+00 4.434344080758151563e+01 1.649748688925265299e+02
1.089295945214551420e+00 4.176902045852964562e+01 1.527434051437429332e+02
1.105082842971284007e+00 3.952075176754259900e+01 1.360742262556375408e+02
1.120869740728016595e+00 3.747264066408114047e+01 1.184652823998690678e+02
1.136656638484749404e+00 3.578035316560421819e+01 1.072788082842758115e+02
1.152443536241481992e+00 3.408544150838517339e+01 1.013702914095098322e+02
1.168230433998214579e+00 3.257970831349997098e+01 9.023206115055165810e+01
1.184017331754947167e+00 3.123647286085916264e+01 8.193136542703774694e+01
1.199804229511679754e+00 2.999282413536768388e+01 7.126415900797614711e+01
1.215591127268412341e+00 2.898639287690225075e+01 5.626874771363699068e+01
1.231378025025145151e+00 2.821620620125854373e+01 4.375481926338330396e+01
1.247164922781877738e+00 2.760488716075155580e+01 3.407764693548588042e+01
1.262951820538610326e+00 2.714024554533744649e+01 2.501188068212339388e+01
1.278738718295342913e+00 2.681516715468699985e+01 1.318171700527502388e+01
1.294525616052075501e+00 2.672404870809652522e+01 -1.057206342289327194e+00
1.310312513808808310e+00 2.684854717155398163e+01 -1.006244546355358871e+01
1.326099411565540898e+00 2.704175830352816234e+01 -1.505576386761747187e+01
1.341886309322273485e+00 2.732391478120915451e+01 -2.345631924048760908e+01
1.357673207079006072e+00 2.778236333072587882e+01 -3.576522216148524791e+01
1.373460104835738660e+00 2.845315859222954558e+01 -4.759794561546150504e+01
1.389247002592471247e+00 2.928521113244950058e+01 -5.512385332145663597e+01
1.405033900349204057e+00 3.019362786491547013e+01 -5.812155132507547250e+01
1.420820798105936644e+00 3.112032910891280935e+01 -6.141115935180451402e+01
1.436607695862669232e+00 3.213261125253417561e+01 -6.477146740268752012e+01
1.452394593619401819e+00 3.316541017579234563e+01 -6.202078761672056828e+01
1.468181491376134407e+00 3.409084291832856906e+01 -5.200109024607718311e+01
1.483968389132867216e+00 3.480728196569923938e+01 -3.604961287226854694e+01
1.499755286889599804e+00 3.522906602349716110e+01 -2.065342173103656975e+01
1.515542184646332391e+00 3.545938888008834766e+01 -1.354784939358168572e+01
1.531329082403064978e+00 3.565682304989733353e+01 -9.008894605034141634e+00
1.547115980159797566e+00 3.574383387615005603e+01 -1.400023400500936821e-01
1.562902877916530375e+00 3.566124345515348182e+01 8.269069239170574903e+00
1.578689775673262963e+00 3.548274797490579857e+01 1.201374292411287925e+01
1.594476673429995550e+00 3.528192399271620161e+01 9.955700301196841906e+00
1.610263571186728138e+00 3.516840872940246499e+01 9.672862182496702488e+00
1.626050468943460725e+00 3.497651502013611946e+01 1.931046264845486959e+01
1.641837366700193535e+00 3.455870413046974221e+01 3.148926729633021893e+01
1.657624264456926122e+00 3.398227933365294007e+01 3.710744533295463299e+01
1.673411162213658709e+00 3.338708123949994189e+01 4.113991170538514552e+01
1.689198059970391297e+00 3.268333617402509361e+01 4.802786009633278042e+01
1.704984957727123884e+00 3.187065940586901291e+01 5.711323962829295908e+01
1.720771855483856472e+00 3.088005442488983121e+01 6.418185016802752330e+01
1.736558753240589281e+00 2.984419479298784594e+01 6.582944838728289483e+01
1.752345650997321869e+00 2.880156888274554561e+01 6.699325644591671391e+01
1.768132548754054456e+00 2.772896341318333313e+01 7.014146664547317300e+01
1.783919446510787044e+00 2.658693655786683152e+01 7.323403621759662485e+01
1.799706344267519631e+00 2.541668692902322846e+01 7.367138318487361914e+01
1.815493242024252440e+00 2.426085136999348890e+01 6.955298592243480016e+01
1.831280139780985028e+00 2.322063517415734424e+01 6.541374654211563211e+01
1.847067037537717615e+00 2.219549111290308474e+01 6.428570568026101739e+01
1.862853935294450203e+00 2.119089144856997109e+01 6.311295975427176330e+01
1.878640833051182790e+00 2.020277542737214560e+01 6.214654305325069572e+01
1.894427730807915378e+00 1.922868920633786871e+01 5.952925467978304397e+01
1.910214628564648187e+00 1.832321091304368110e+01 5.686360660001800937e+01
1.926001526321380775e+00 1.743328931939076654e+01 5.781186530717496908e+01
1.941788424078113362e+00 1.649787089958294217e+01 5.918294125859575416e+01
1.957575321834845949e+00 1.556465923420643804e+01 5.915308925332985979e+01
1.973362219591578537e+00 1.463018335550854587e+01 5.805181148117986112e+01
1.989149117348311346e+00 1.373174320931343040e+01 5.589067690231153307e+01
2.004936015105043712e+00 1.286550255188580572e+01 5.486896413004188133e+01
2.020722912861776521e+00 1.199932175583582783e+01 5.452663064560817929e+01
2.036509810618509331e+00 1.114388986584312491e+01 5.290499317734956719e+01
2.052296708375241696e+00 1.032891031961291795e+01 4.991369815863956205e+01
2.068083606131974506e+00 9.567924966861411917e+00 4.583264773660341973e+01
2.083870503888706871e+00 8.881799672136715174e+00 4.174616536002115907e+01
2.099657401645439680e+00 8.249840078312796976e+00 3.797996904403058238e+01
2.115444299402172490e+00 7.682627895932752971e+00 3.294493343233295235e+01
2.131231197158904855e+00 7.209643486915591204e+00 2.665895948257142578e+01
2.147018094915637665e+00 6.840903360628287189e+00 2.015841637875123382e+01
2.162804992672370030e+00 6.573165770297610955e+00 1.368454200966184153e+01
2.178591890429102840e+00 6.408830429519799310e+00 7.715652640528754880e+00
2.194378788185835649e+00 6.329553331572627783e+00 2.207287011257286213e+00
2.210165685942568015e+00 6.339138000786833871e+00 -3.350159386223198421e+00
2.225952583699300824e+00 6.435330578970755333e+00 -8.493826440266232680e+00
2.241739481456033189e+00 6.607320339938664411e+00 -1.301382172529255854e+01
2.257526379212765999e+00 6.846226324973834210e+00 -1.670337030175663529e+01
2.273313276969498808e+00 7.134709138232016912e+00 -1.883270102588840089e+01
2.289100174726231174e+00 7.440846176131461931e+00 -1.994316042182867932e+01
2.304887072482963983e+00 7.764390407283069173e+00 -2.127936075801163085e+01
2.320673970239696349e+00 8.112716361362178219e+00 -2.202142454648924996e+01
2.336460867996429158e+00 8.459690362829125121e+00 -2.084765195707073815e+01
2.352247765753161524e+00 8.770955861190623537e+00 -1.795115577324459721e+01
2.368034663509894333e+00 9.026476484443911374e+00 -1.479147288210637079e+01
2.383821561266627143e+00 9.237978801313216692e+00 -1.229013818888024190e+01
2.399608459023359508e+00 9.414522794451846366e+00 -9.708980393035890444e+00
2.415395356780092317e+00 9.544528162887175426e+00 -6.486826591808531717e+00
2.431182254536824683e+00 9.619336530792917728e+00 -2.783499845160700037e+00
2.446969152293557492e+00 9.632413817810041579e+00 2.175262599955302689e-01
2.462756050050290302e+00 9.612468401141009977e+00 1.844188840646822980e+00
2.478542947807022667e+00 9.574185776467244224e+00 3.623990067211936505e+00
2.494329845563755477e+00 9.498045279816031083e+00 5.911540647734862652e+00
2.510116743320487842e+00 9.387536000886125720e+00 7.795495109508006948e+00
2.525903641077220652e+00 9.251911911302206803e+00 1.023265979668367365e+01
2.541690538833953461e+00 9.064452092906778446e+00 1.281527417706026917e+01
2.557477436590685826e+00 8.847285064986714076e+00 1.525858802382130541e+01
2.573264334347418636e+00 8.582680554818434615e+00 1.768812096793443800e+01
2.589051232104151001e+00 8.288803950527714903e+00 1.927096075666701580e+01
2.604838129860883811e+00 7.974223180539416589e+00 2.072920098044765780e+01
2.620625027617616620e+00 7.634304397613536963e+00 2.172019567614899671e+01
2.636411925374348986e+00 7.288434163748235939e+00 2.101629077811032431e+01
2.652198823131081795e+00 6.970740330133955887e+00 1.950445536911585265e+01
2.667985720887814161e+00 6.672604478322262445e+00 1.725773383854870602e+01
2.683772618644546970e+00 6.425848170889809197e+00 1.466526681265371401e+01
2.699559516401279780e+00 6.209566342829125674e+00 1.222197491353959187e+01
2.715346414158012145e+00 6.039954034199007893e+00 8.493800594542761928e+00
2.731133311914744954e+00 5.941384819724882860e+00 4.505240245324727333e+00
2.746920209671477320e+00 5.897706499954090908e+00 8.065393599896513166e-01
2.762707107428210129e+00 5.915919310899008465e+00 -4.246215481366065525e+00
2.778494005184942495e+00 6.031775639268853517e+00 -9.784239678977504795e+00
2.794280902941675304e+00 6.224844893777777166e+00 -1.526096656708182131e+01
2.810067800698408114e+00 6.513622276995724825e+00 -2.130090338773138470e+01
2.825854698455140479e+00 6.897395261594087224e+00 -2.743638174635391636e+01
2.841641596211873289e+00 7.379892983884474233e+00 -3.398009466436761983e+01
2.857428493968605654e+00 7.970275822055022275e+00 -3.978628650226637120e+01
2.873215391725338463e+00 8.636097058147175431e+00 -4.324835467118509058e+01
2.889002289482071273e+00 9.335790528736840344e+00 -4.551033420671496543e+01
2.904789187238803638e+00 1.007303104413945682e+01 -4.784949153155703527e+01
2.920576084995536448e+00 1.084658058977750983e+01 -5.056765955803228962e+01
2.936362982752268813e+00 1.166964398661929536e+01 -5.275962133125833020e+01
2.952149880509001623e+00 1.251240208505852003e+01 -5.239429270485508994e+01
2.967936778265734432e+00 1.332393067055503444e+01 -5.096425843320364635e+01
2.983723676022466798e+00 1.412153715932388920e+01 -5.110791215053383496e+01
2.999510573779199607e+00 1.493760143791613615e+01 -5.224282667176859007e+01
3.015297471535931972e+00 1.577104148570371933e+01 -5.006047267864843064e+01
3.031084369292664782e+00 1.651820056557919614e+01 -4.098289984239381312e+01
3.046871267049397591e+00 1.706502718487628911e+01 -2.649588995163026084e+01
3.062658164806129957e+00 1.735477637685924890e+01 -1.420195557824512989e+01
3.078445062562862766e+00 1.751343682619511810e+01 -9.412176980585444497e+00
3.094231960319595132e+00 1.765195452818079858e+01 -7.495013702403306333e+00
3.110018858076327941e+00 1.775008285620542026e+01 -1.236022343314273630e+00
3.125805755833060751e+00 1.769098044489867760e+01 3.693719384215913948e+00
3.141592653589793116e+00 1.763345811568406418e+01 3.643675287000696983e+00
