0.000000000000000000e+00 2.071172729313676086e+02 2.282928655836411735e+01
1.578689775673262907e-02 2.067568693186115638e+02 4.565857311673003238e+01
3.157379551346525814e-02 2.056756584803433725e+02 9.131714623345825999e+01
4.736069327019788722e-02 2.038736404165631484e+02 1.369757193501864947e+02
6.314759102693051629e-02 2.013508151272707778e+02 1.598050059085515215e+02
7.893448878366314536e-02 1.988279898379784356e+02 1.598050059085515215e+02
9.472138654039577443e-02 1.963051645486860650e+02 1.598050059085524026e+02
1.105082842971284035e-01 1.937823392593936944e+02 1.598050059085506120e+02
1.262951820538610326e-01 1.912595139701013807e+02 1.598050059085506120e+02
1.420820798105936755e-01 1.887366886808090101e+02 1.598050059085524026e+02
1.578689775673262907e-01 1.862138633915166395e+02 1.598050059085515215e+02
1.736558753240589059e-01 1.836910381022242973e+02 1.598050059085515215e+02
1.894427730807915489e-01 1.811682128129319267e+02 1.598050059085515215e+02
2.052296708375241918e-01 1.786453875236395845e+02 1.598050059085506120e+02
2.210165685942568070e-01 1.761225622343472423e+02 1.598050059085515215e+02
2.368034663509894222e-01 1.735997369450548717e+02 1.598050059085524026e+02
2.525903641077220652e-01 1.710769116557625011e+02 1.598050059085515215e+02
2.683772618644547081e-01 1.685540863664701590e+02 1.598050059085506120e+02
2.841641596211873511e-01 1.660312610771778168e+02 1.598050059085515215e+02
2.999510573779199385e-01 1.635084357878854462e+02 1.598050059085524026e+02
3.157379551346525814e-01 1.609856104985930756e+02 1.598050059085524026e+02
3.315248528913852244e-01 1.584627852093007050e+02 1.598050059085515215e+02
3.473117506481178118e-01 1.559399599200083628e+02 1.598050059085506120e+02
3.630986484048504548e-01 1.534171346307160206e+02 1.598050059085515215e+02
3.788855461615830977e-01 1.508943093414236500e+02 1.598050059085524026e+02
3.946724439183157407e-01 1.483714840521312794e+02 1.598050059085515215e+02
4.104593416750483836e-01 1.458486587628389373e+02 1.598050059085506120e+02
4.262462394317809711e-01 1.433258334735465951e+02 1.598050059085515215e+02
4.420331371885136140e-01 1.408030081842542245e+02 1.598050059085515215e+02
4.578200349452462570e-01 1.382801828949618823e+02 1.598050059085515215e+02
4.736069327019788444e-01 1.357573576056695117e+02 1.598050059085515215e+02
4.893938304587114874e-01 1.332345323163771695e+02 1.598050059085506120e+02
5.051807282154441303e-01 1.307117070270848274e+02 1.598050059085506120e+02
5.209676259721767178e-01 1.281888817377924852e+02 1.598050059085515215e+02
5.367545237289094162e-01 1.256660564485001146e+02 1.598050059085524026e+02
5.525414214856420037e-01 1.231432311592077440e+02 1.598050059085515215e+02
5.683283192423747021e-01 1.206204058699154018e+02 1.598050059085515215e+02
5.841152169991072896e-01 1.180975805806230312e+02 1.598050059085515215e+02
5.999021147558398770e-01 1.155747552913306890e+02 1.598050059085515215e+02
6.156890125125725755e-01 1.130519300020383184e+02 1.598050059085519479e+02
6.314759102693051629e-01 1.105291047127459620e+02 1.598050059085510668e+02
6.472628080260377503e-01 1.080062794234536199e+02 1.598050059085515215e+02
6.630497057827704488e-01 1.054834541341612493e+02 1.598050059085515215e+02
6.788366035395030362e-01 1.029606288448689071e+02 1.598050059085515215e+02
6.946235012962356237e-01 1.004378035555765365e+02 1.598050059085519479e+02
7.104103990529683221e-01 9.791497826628418011e+01 1.598050059085510668e+02
7.261972968097009096e-01 9.539215297699183793e+01 1.598050059085510668e+02
7.419841945664336080e-01 9.286932768769948154e+01 1.598050059085515215e+02
7.577710923231661955e-01 9.034650239840712516e+01 1.598050059085515215e+02
7.735579900798987829e-01 8.782367710911476877e+01 1.598050059085515215e+02
7.893448878366314814e-01 8.530085181982241238e+01 1.598050059085519479e+02
8.051317855933640688e-01 8.277802653053004178e+01 1.598050059085519479e+02
8.209186833500967673e-01 8.025520124123768539e+01 1.598050059085515215e+02
8.367055811068293547e-01 7.773237595194532901e+01 1.598050059085510668e+02
8.524924788635619421e-01 7.520955066265298683e+01 1.598050059085510668e+02
8.682793766202946406e-01 7.268672537336063044e+01 1.598050059085519479e+02
8.840662743770272280e-01 7.016390008406825984e+01 1.598050059085515215e+02
8.998531721337598155e-01 6.764107479477591767e+01 1.598050059085515215e+02
9.156400698904925139e-01 6.511824950548354707e+01 1.598050059085512942e+02
9.314269676472251014e-01 6.259542421619121200e+01 1.598050059085510668e+02
9.472138654039576888e-01 6.007259892689884850e+01 1.598050059085517489e+02
9.630007631606903873e-01 5.754977363760649212e+01 1.538214314341227293e+02
9.787876609174229747e-01 5.521587250520934020e+01 1.538214314341225020e+02
9.945745586741556732e-01 5.269304721591699092e+01 1.634716491511314871e+02
1.010361456430888261e+00 5.005445208266257850e+01 1.670570212360108542e+02
1.026148354187620848e+00 4.741842298832256120e+01 1.674152490271903275e+02
1.041935251944353436e+00 4.476851724404220789e+01 1.644426747769228712e+02
1.057722149701086245e+00 4.222634360122872721e+01 1.589566725006624779e+02
1.073509047457818832e+00 3.974965177100542491e+01 1.607222433951829146e+02
1.089295945214551420e+00 3.715173235380382977e+01 1.538764060319031728e+02
1.105082842971284007e+00 3.489118959260716224e+01 1.351774265019186601e+02
1.120869740728016595e+00 3.288366793139577027e+01 1.205502587982632008e+02
1.136656638484749404e+00 3.108496037221548391e+01 1.083803210694320711e+02
1.152443536241481992e+00 2.946168983626581195e+01 9.900210632176867875e+01
1.168230433998214579e+00 2.795908811180961351e+01 9.004911862271565326e+01
1.184017331754947167e+00 2.661849737870441146e+01 7.753221222422854453e+01
1.199804229511679754e+00 2.551110189733523015e+01 6.523054270217295425e+01
1.215591127268412341e+00 2.455892156219363898e+01 5.391351404380743162e+01
1.231378025025145151e+00 2.380884762950371680e+01 4.386010391968255107e+01
1.247164922781877738e+00 2.317409160983424599e+01 3.175086966848375170e+01
1.262951820538610326e+00 2.280635216321632441e+01 1.737166691731508905e+01
1.278738718295342913e+00 2.262560215085891002e+01 5.572679743270079200e+00
1.294525616052075501e+00 2.263040151254028487e+01 -4.333405462197602809e+00
1.310312513808808310e+00 2.276242420879927053e+01 -1.345414249720521660e+01
1.326099411565540898e+00 2.305519985655606519e+01 -2.257011647988377945e+01
1.341886309322273485e+00 2.347504845125021333e+01 -3.192912694147347707e+01
1.357673207079006072e+00 2.406332358152962314e+01 -3.858406004505893350e+01
1.373460104835738660e+00 2.469329367319216928e+01 -4.102871277997641641e+01
1.389247002592471247e+00 2.535875576902529716e+01 -4.646583492959598516e+01
1.405033900349204057e+00 2.616039644362166428e+01 -5.259105679666557620e+01
1.420820798105936644e+00 2.701925504216025331e+01 -5.470685692781110987e+01
1.436607695862669232e+00 2.788769955744477258e+01 -5.444496599544947202e+01
1.452394593619401819e+00 2.873828926523814431e+01 -5.177854363789339942e+01
1.468181491376134407e+00 2.952254470625265625e+01 -4.613727788336051816e+01
1.483968389132867216e+00 3.019501824267529244e+01 -4.069055866634993635e+01
1.499755286889599804e+00 3.080730008491265082e+01 -3.229583674595319565e+01
1.515542184646332391e+00 3.121472038802827598e+01 -2.033727167294656013e+01
1.531329082403064978e+00 3.144942494201605498e+01 -1.189996725958910595e+01
1.547115980159797566e+00 3.159044752089947394e+01 -4.682582945772143290e+00
1.562902877916530375e+00 3.159727185842070440e+01 3.581469501815729650e+00
1.578689775673262963e+00 3.147736693521143181e+01 9.251147329988969048e+00
1.594476673429995550e+00 3.130517802435869257e+01 1.380350827145310966e+01
1.610263571186728138e+00 3.104153778768014504e+01 1.866606108108819129e+01
1.626050468943460725e+00 3.071581962874256178e+01 2.175520038703070469e+01
1.641837366700193535e+00 3.035464353930557735e+01 2.711953610593214492e+01
1.657624264456926122e+00 2.985955294131382232e+01 3.239175151734928448e+01
1.673411162213658709e+00 2.933191300057381312e+01 3.582362979779105672e+01
1.689198059970391297e+00 2.872846497952828670e+01 3.921600482126675047e+01
1.704984957727123884e+00 2.809371488349206913e+01 4.377490105761041406e+01
1.720771855483856472e+00 2.734632520491312135e+01 4.847128918587479518e+01
1.736558753240589281e+00 2.656329231046321837e+01 4.983043602551529005e+01
1.752345650997321869e+00 2.577298920749668909e+01 5.084060361421330043e+01
1.768132548754054456e+00 2.495806148816690495e+01 5.420621935782856582e+01
1.783919446510787044e+00 2.406149312193456780e+01 5.603379603024187361e+01
1.799706344267519631e+00 2.318886187046482661e+01 5.664144426151579381e+01
1.815493242024252440e+00 2.227310774323412801e+01 5.561512899413182964e+01
1.831280139780985028e+00 2.143288116014911537e+01 5.334395287913859107e+01
1.847067037537717615e+00 2.058883668314827986e+01 5.498896221873172863e+01
1.862853935294450203e+00 1.969667091155721295e+01 5.542162411327795013e+01
1.878640833051182790e+00 1.883896565637150644e+01 5.202398682589804224e+01
1.894427730807915378e+00 1.805407618972109773e+01 4.939079098560590353e+01
1.910214628564648187e+00 1.727951092154368240e+01 4.812776275963425121e+01
1.926001526321380775e+00 1.653450004982783739e+01 4.774606196808691294e+01
1.941788424078113362e+00 1.577198652439006565e+01 4.768128276168982183e+01
1.957575321834845949e+00 1.502902097809052684e+01 4.633276041218107366e+01
1.973362219591578537e+00 1.430908542156148222e+01 4.568918993951855612e+01
1.989149117348311346e+00 1.358643983776429387e+01 4.650582601022742324e+01
2.004936015105043712e+00 1.284071998092976763e+01 4.745327297013331957e+01
2.020722912861776521e+00 1.208815990056065637e+01 4.766192063563650549e+01
2.036509810618509331e+00 1.133585224500117050e+01 4.658181094702469238e+01
2.052296708375241696e+00 1.061739532707240130e+01 4.506836847204575491e+01
2.068083606131974506e+00 9.912872794739293170e+00 4.276511076874142958e+01
2.083870503888706871e+00 9.267138464549468324e+00 3.918125948227240940e+01
2.099657401645439680e+00 8.675771719886002487e+00 3.504558098099983710e+01
2.115444299402172490e+00 8.160616457004792323e+00 2.981537129675428233e+01
2.131231197158904855e+00 7.734387283404241309e+00 2.407850419111829865e+01
2.147018094915637665e+00 7.400366689404306975e+00 1.855075872176725937e+01
2.162804992672370030e+00 7.148669420903529748e+00 1.271101139365209498e+01
2.178591890429102840e+00 6.999031814891808700e+00 7.021944140277025959e+00
2.194378788185835649e+00 6.926959992511447339e+00 1.879418267448500046e+00
2.210165685942568015e+00 6.939691446831118604e+00 -2.757703510649006429e+00
2.225952583699300824e+00 7.014031159243444336e+00 -6.425229006536600451e+00
2.241739481456033189e+00 7.142560313610690770e+00 -9.797308087992963266e+00
2.257526379212765999e+00 7.323369361396153465e+00 -1.292028930918286456e+01
2.273313276969498808e+00 7.550502886233641853e+00 -1.515401212452134594e+01
2.289100174726231174e+00 7.801839041424363685e+00 -1.679939693625955854e+01
2.304887072482963983e+00 8.080923609848635891e+00 -1.771502479397840446e+01
2.320673970239696349e+00 8.361169611785404854e+00 -1.833458802223051265e+01
2.336460867996429158e+00 8.659816142886171519e+00 -1.855054644360055960e+01
2.352247765753161524e+00 8.946880771858689130e+00 -1.700533128262510729e+01
2.368034663509894333e+00 9.196738995442510500e+00 -1.436435080751994420e+01
2.383821561266627143e+00 9.400417846939003397e+00 -1.147070309231610707e+01
2.399608459023359508e+00 9.558912629274972872e+00 -8.215505941502890153e+00
2.415395356780092317e+00 9.659812551575674533e+00 -4.851935451514053810e+00
2.431182254536824683e+00 9.712106647065610332e+00 -9.823021734082232337e-01
2.446969152293557492e+00 9.690827559531298263e+00 2.773076470151657702e+00
2.462756050050290302e+00 9.624550097653839842e+00 5.287320506521957064e+00
2.478542947807022667e+00 9.523886783044222426e+00 7.028960365949765254e+00
2.494329845563755477e+00 9.402619140387090013e+00 8.566015885218348558e+00
2.510116743320487842e+00 9.253425149119243187e+00 1.022160069628612611e+01
2.525903641077220652e+00 9.079884410182257781e+00 1.162419860978074304e+01
2.541690538833953461e+00 8.886405079206118884e+00 1.219164766701593905e+01
2.557477436590685826e+00 8.694947819771680741e+00 1.258066469112007546e+01
2.573264334347418636e+00 8.489185744825221036e+00 1.309495666678483161e+01
2.589051232104151001e+00 8.281490335716927831e+00 1.371964739651455467e+01
2.604838129860883811e+00 8.056004403410824466e+00 1.445756628327121440e+01
2.620625027617616620e+00 7.825010094266552585e+00 1.399066451787024157e+01
2.636411925374348986e+00 7.614266022826095437e+00 1.305880685921761319e+01
2.652198823131081795e+00 7.412693996843778166e+00 1.256615739485719452e+01
2.667985720887814161e+00 7.217504738850855084e+00 1.225746518479214231e+01
2.683772618644546970e+00 7.025679297585731398e+00 1.199988842340847661e+01
2.699559516401279780e+00 6.838622715585756850e+00 1.074008443016058578e+01
2.715346414158012145e+00 6.686574067990489034e+00 8.121655294805769643e+00
2.731133311914744954e+00 6.582191232076707088e+00 6.378703876059666378e+00
2.746920209671477320e+00 6.485174176166832893e+00 4.593207044358770474e+00
2.762707107428210129e+00 6.437166252107115128e+00 1.317592220272913561e+00
2.778494005184942495e+00 6.443572788833803244e+00 -3.691875803918179599e+00
2.794280902941675304e+00 6.553732783801137884e+00 -9.788937167976284215e+00
2.810067800698408114e+00 6.752646689269646174e+00 -1.535587632404791947e+01
2.825854698455140479e+00 7.038576082786689447e+00 -2.093251544472421344e+01
2.841641596211873289e+00 7.413565651503821741e+00 -2.713451296660533885e+01
2.857428493968605654e+00 7.895315646551757993e+00 -3.341718342609070191e+01
2.873215391725338463e+00 8.468672967635169968e+00 -3.785588114138943183e+01
2.889002289482071273e+00 9.090569496692033624e+00 -4.002021238053355745e+01
2.904789187238803638e+00 9.732262969743587178e+00 -4.146985843015212936e+01
2.920576084995536448e+00 1.039993032673801032e+01 -4.227463231721741010e+01
2.936362982752268813e+00 1.106703356593433973e+01 -4.015379911599077190e+01
2.952149880509001623e+00 1.166773816911506501e+01 -3.627597429138440788e+01
2.967936778265734432e+00 1.221240376026223373e+01 -3.322526636849075032e+01
2.983723676022466798e+00 1.271678593531420631e+01 -3.266132528982844008e+01
2.999510573779199607e+00 1.324364576616204836e+01 -3.148987304672276011e+01
3.015297471535931972e+00 1.371104074763641201e+01 -2.974046803067868794e+01
3.031084369292664782e+00 1.418266522223744808e+01 -2.811257918180094606e+01
3.046871267049397591e+00 1.459866157407869558e+01 -2.730376440053426990e+01
3.062658164806129957e+00 1.504474869616774946e+01 -2.808653894179848365e+01
3.078445062562862766e+00 1.548546021130801975e+01 -2.497024624806736881e+01
3.094231960319595132e+00 1.583315414512510166e+01 -1.925557143958853956e+01
3.110018858076327941e+00 1.609343168643651012e+01 -1.551720480397092494e+01
3.125805755833060751e+00 1.632309119654624041e+01 -1.353674049457305983e+01
3.141592653589793116e+00 1.652083796273100447e+01 -1.252600537685949789e+01
