0.000000000000000000e+00 7.457559369146008521e+02 7.058504940371648217e+01
1.578689775673262907e-02 7.446416179565104585e+02 1.411700988074329643e+02
3.157379551346525814e-02 7.412986610822392777e+02 2.823401976148659287e+02
4.736069327019788722e-02 7.357270662917873096e+02 4.235102964222989499e+02
6.314759102693051629e-02 7.279268335851545544e+02 4.940953458260117941e+02
7.893448878366314536e-02 7.201266008785219128e+02 4.940953458260117941e+02
9.472138654039577443e-02 7.123263681718891576e+02 4.940953458260082130e+02
1.105082842971284035e-01 7.045261354652566297e+02 4.940953458260046318e+02
1.262951820538610326e-01 6.967259027586239881e+02 4.940953458260117941e+02
1.420820798105936755e-01 6.889256700519912329e+02 4.940953458260154321e+02
1.578689775673262907e-01 6.811254373453584776e+02 4.940953458260154321e+02
1.736558753240589059e-01 6.733252046387257224e+02 4.940953458260117941e+02
1.894427730807915489e-01 6.655249719320930808e+02 4.940953458260082130e+02
2.052296708375241918e-01 6.577247392254604392e+02 4.940953458260117941e+02
2.210165685942568070e-01 6.499245065188276840e+02 4.940953458260154321e+02
2.368034663509894222e-01 6.421242738121949287e+02 4.940953458260117941e+02
2.525903641077220652e-01 6.343240411055622872e+02 4.940953458260117941e+02
2.683772618644547081e-01 6.265238083989295319e+02 4.940953458260154321e+02
2.841641596211873511e-01 6.187235756922967767e+02 4.940953458260117941e+02
2.999510573779199385e-01 6.109233429856641351e+02 4.940953458260046318e+02
3.157379551346525814e-01 6.031231102790316072e+02 4.940953458260046318e+02
3.315248528913852244e-01 5.953228775723989656e+02 4.940953458260154321e+02
3.473117506481178118e-01 5.875226448657660967e+02 4.940953458260190132e+02
3.630986484048504548e-01 5.797224121591333414e+02 4.940953458260117941e+02
3.788855461615830977e-01 5.719221794525006999e+02 4.940953458260117941e+02
3.946724439183157407e-01 5.641219467458679446e+02 4.940953458260117941e+02
4.104593416750483836e-01 5.563217140392353031e+02 4.940953458260082130e+02
4.262462394317809711e-01 5.485214813326026615e+02 4.940953458260117941e+02
4.420331371885136140e-01 5.407212486259699062e+02 4.940953458260117941e+02
4.578200349452462570e-01 5.329210159193372647e+02 4.940953458260117941e+02
4.736069327019788444e-01 5.251207832127045094e+02 4.940953458260154321e+02
4.893938304587114874e-01 5.173205505060717542e+02 4.940953458260136131e+02
5.051807282154441303e-01 5.095203177994390558e+02 4.940953458260082130e+02
5.209676259721767178e-01 5.017200850928064710e+02 4.940953458260082130e+02
5.367545237289094162e-01 4.939198523861737726e+02 4.940953458260136131e+02
5.525414214856420037e-01 4.861196196795410174e+02 4.940953458260136131e+02
5.683283192423747021e-01 4.783193869729083190e+02 4.940953458260136131e+02
5.841152169991072896e-01 4.705191542662755637e+02 4.940953458260117941e+02
5.999021147558398770e-01 4.627189215596429221e+02 4.940953458260100319e+02
6.156890125125725755e-01 4.549186888530102237e+02 4.940953458260117941e+02
6.314759102693051629e-01 4.471184561463775253e+02 4.940953458260117941e+02
6.472628080260377503e-01 4.393182234397448269e+02 4.940953458260117941e+02
6.630497057827704488e-01 4.315179907331121285e+02 4.940953458260117941e+02
6.788366035395030362e-01 4.237177580264794301e+02 4.940953458260117941e+02
6.946235012962356237e-01 4.159175253198467317e+02 4.940953458260136131e+02
7.104103990529683221e-01 4.081172926132139764e+02 4.940953458260136131e+02
7.261972968097009096e-01 4.003170599065812780e+02 4.940953458260117941e+02
7.419841945664336080e-01 3.925168271999485796e+02 4.940953458260100319e+02
7.577710923231661955e-01 3.847165944933159381e+02 4.940953458260100319e+02
7.735579900798987829e-01 3.769163617866832396e+02 4.940953458260117941e+02
7.893448878366314814e-01 3.691161290800505412e+02 4.940953458260136131e+02
8.051317855933640688e-01 3.613158963734177860e+02 4.940953458260136131e+02
8.209186833500967673e-01 3.535156636667850876e+02 4.940953458260100319e+02
8.367055811068293547e-01 3.457154309601524460e+02 4.940953458260100319e+02
8.524924788635619421e-01 3.379151982535197476e+02 4.940953458260117941e+02
8.682793766202946406e-01 3.301149655468870492e+02 4.940953458260117941e+02
8.840662743770272280e-01 3.223147328402543508e+02 4.940953458260117941e+02
8.998531721337598155e-01 3.145145001336216524e+02 4.940953458260136131e+02
9.156400698904925139e-01 3.067142674269888971e+02 4.940953458260136131e+02
9.314269676472251014e-01 2.989140347203561987e+02 4.940953458260117941e+02
9.472138654039576888e-01 2.911138020137235003e+02 4.940953458260100319e+02
9.630007631606903873e-01 2.833135693070908587e+02 4.940953458260100319e+02
9.787876609174229747e-01 2.755133366004581603e+02 4.940953458260117941e+02
9.945745586741556732e-01 2.677131038938254619e+02 4.940953458260117941e+02
1.010361456430888261e+00 2.599128711871927635e+02 4.940953458260136131e+02
1.026148354187620848e+00 2.521126384805600082e+02 4.940953458260127036e+02
1.041935251944353436e+00 2.443124057739273383e+02 4.940953458260117941e+02
1.057722149701086245e+00 2.365121730672946114e+02 4.940953458260117941e+02
1.073509047457818832e+00 2.287119403606619414e+02 4.940953458260117941e+02
1.089295945214551420e+00 2.209117076540292146e+02 4.940953458260127036e+02
1.105082842971284007e+00 2.131114749473965162e+02 4.940953458260117941e+02
1.120869740728016595e+00 2.053112422407638178e+02 4.940953458260117941e+02
1.136656638484749404e+00 1.975110095341311194e+02 4.940953458260108846e+02
1.152443536241481992e+00 1.897107768274984494e+02 4.940953458260117941e+02
1.168230433998214579e+00 1.819105441208657226e+02 4.940953458260127036e+02
1.184017331754947167e+00 1.741103114142330242e+02 4.940953458260108846e+02
1.199804229511679754e+00 1.663100787076003542e+02 4.940953458260108846e+02
1.215591127268412341e+00 1.585098460009676558e+02 4.940953458260127036e+02
1.231378025025145151e+00 1.507096132943349289e+02 4.940953458260117941e+02
1.247164922781877738e+00 1.429093805877022589e+02 4.940953458260108846e+02
1.262951820538610326e+00 1.351091478810695605e+02 4.940953458260131583e+02
1.278738718295342913e+00 1.273089151744368195e+02 4.940953458260127036e+02
1.294525616052075501e+00 1.195086824678041353e+02 4.940953458260113393e+02
1.310312513808808310e+00 1.117084497611714369e+02 4.940953458260117941e+02
1.326099411565540898e+00 1.039082170545387385e+02 4.997732691074693321e+02
1.341886309322273485e+00 9.592871075927615721e+01 4.997732691074693321e+02
1.357673207079006072e+00 8.812847805264345880e+01 4.853528355319434127e+02
1.373460104835738660e+00 8.060427957831004164e+01 4.689242336913138161e+02
1.389247002592471247e+00 7.332276018676552098e+01 4.280196831089194234e+02
1.405033900349204057e+00 6.709007362809082053e+01 3.667379455325047957e+02
1.420820798105936644e+00 6.174345128749385481e+01 3.016590405475678836e+02
1.436607695862669232e+00 5.756555276705378787e+01 2.270555313715120462e+02
1.452394593619401819e+00 5.457444636976853758e+01 1.665025271284770838e+02
1.468181491376134407e+00 5.230843602302405060e+01 1.198715740676580737e+02
1.483968389132867216e+00 5.078964580227909664e+01 6.935765838426546281e+01
1.499755286889599804e+00 5.011855149990647362e+01 4.519456163259592785e+01
1.515542184646332391e+00 4.936268195497081024e+01 4.653378972124411916e+01
1.531329082403064978e+00 4.864930313878132040e+01 5.514589141343434875e+01
1.547115980159797566e+00 4.762151685607527440e+01 6.528584924812437862e+01
1.562902877916530375e+00 4.658798108469812149e+01 6.360888100950131729e+01
1.578689775673262963e+00 4.561314305424093618e+01 6.402163731084442588e+01
1.594476673429995550e+00 4.456657499980828163e+01 7.109679120075865910e+01
1.610263571186728138e+00 4.336834750720464626e+01 7.803049089323501164e+01
1.626050468943460725e+00 4.210285623652996634e+01 7.575851247634311392e+01
1.641837366700193535e+00 4.097636372587228237e+01 7.161525082039430856e+01
1.657624264456926122e+00 3.984169095148131134e+01 7.706300848379584068e+01
1.673411162213658709e+00 3.854319205435247397e+01 8.193092697555802317e+01
1.689198059970391297e+00 3.725482061692638780e+01 8.315700558342945214e+01
1.704984957727123884e+00 3.591760976454918364e+01 8.189641924273105644e+01
1.720771855483856472e+00 3.466903982247137606e+01 7.546519037009755948e+01
1.736558753240589281e+00 3.353488727541899550e+01 7.761280288310534559e+01
1.752345650997321869e+00 3.221850905501332107e+01 7.955902866662867723e+01
1.768132548754054456e+00 3.102290677304894118e+01 7.228985968061078893e+01
1.783919446510787044e+00 2.993604380776061902e+01 6.984839408855744125e+01
1.799706344267519631e+00 2.881752786115289311e+01 7.016123956504979731e+01
1.815493242024252440e+00 2.772078717676248871e+01 7.333887984352921308e+01
1.831280139780985028e+00 2.650194106578670272e+01 8.086720574322481525e+01
1.847067037537717615e+00 2.516750255888058518e+01 8.213445558410951719e+01
1.862853935294450203e+00 2.390864456056423393e+01 8.074577438732912071e+01
1.878640833051182790e+00 2.261805198979865494e+01 8.192576273335515680e+01
1.894427730807915378e+00 2.132193728073660566e+01 8.169205248933313612e+01
1.910214628564648187e+00 2.003872382942518016e+01 8.026841368852024061e+01
1.926001526321380775e+00 1.878755880074503182e+01 7.858769400175900444e+01
1.941788424078113362e+00 1.755741204913886122e+01 7.629806524054968975e+01
1.957575321834845949e+00 1.637853929076688431e+01 7.499263661055580599e+01
1.973362219591578537e+00 1.518960987578156363e+01 7.421076370412414747e+01
1.989149117348311346e+00 1.403542381267477879e+01 7.216126265505850768e+01
2.004936015105043712e+00 1.291120492471728909e+01 7.069042430538522126e+01
2.020722912861776521e+00 1.180345881089645133e+01 6.895055860272285031e+01
2.036509810618509331e+00 1.073417408685571495e+01 6.461560682770542030e+01
2.052296708375241696e+00 9.763298853940010957e+00 5.878435898745995303e+01
2.068083606131974506e+00 8.878128756795520715e+00 5.316938334191084436e+01
2.083870503888706871e+00 8.084539616725471944e+00 4.721922951859348672e+01
2.099657401645439680e+00 7.387238459672067492e+00 4.091700407232166725e+01
2.115444299402172490e+00 6.792634497122362447e+00 3.365783425821317820e+01
2.131231197158904855e+00 6.324532883377139036e+00 2.586326913362251290e+01
2.147018094915637665e+00 5.976032926187647476e+00 1.907629673460072084e+01
2.162804992672370030e+00 5.722221791124670887e+00 1.313345083808176739e+01
2.178591890429102840e+00 5.561360035039904837e+00 7.001189830514110035e+00
2.194378788185835649e+00 5.501167655065065887e+00 1.252729606245466032e+00
2.210165685942568015e+00 5.521806606618646640e+00 -4.209239778211231631e+00
2.225952583699300824e+00 5.634069331089451182e+00 -9.487740639169015111e+00
2.241739481456033189e+00 5.821370589444563315e+00 -1.354579309394072517e+01
2.257526379212765999e+00 6.061761432305245556e+00 -1.725362063416174152e+01
2.273313276969498808e+00 6.366132879214490892e+00 -2.165233530938356310e+01
2.289100174726231174e+00 6.745407839752705748e+00 -2.535456798243035337e+01
2.304887072482963983e+00 7.166672824024000299e+00 -2.737483425603559795e+01
2.320673970239696349e+00 7.609735258767777566e+00 -2.783179230264536841e+01
2.336460867996429158e+00 8.045428142960961537e+00 -2.681337574156576053e+01
2.352247765753161524e+00 8.456335301457684750e+00 -2.501556662062537484e+01
2.368034663509894333e+00 8.835264528094054270e+00 -2.225449346978018639e+01
2.383821561266627143e+00 9.158994127528272244e+00 -1.757331709462114588e+01
2.399608459023359508e+00 9.390120848532905740e+00 -1.224544188596487082e+01
2.415395356780092317e+00 9.545629205607749412e+00 -7.901042368217344958e+00
2.431182254536824683e+00 9.639586744610225466e+00 -4.195348260125936868e+00
2.446969152293557492e+00 9.678092273680737989e+00 -5.393893737772232910e-01
2.462756050050290302e+00 9.656617314400003593e+00 3.017917272529629713e+00
2.478542947807022667e+00 9.582805170841332654e+00 6.703653146250114325e+00
2.494329845563755477e+00 9.444957540767104476e+00 9.919967602457271383e+00
2.510116743320487842e+00 9.269594142261146530e+00 1.249669096544538860e+01
2.525903641077220652e+00 9.050389575629163019e+00 1.489701611990733809e+01
2.541690538833953461e+00 8.799238801530396614e+00 1.680533624077987298e+01
2.557477436590685826e+00 8.519781325627752366e+00 1.838469567910848568e+01
2.573264334347418636e+00 8.218764179580936968e+00 1.933461628833766355e+01
2.589051232104151001e+00 7.909314104608464291e+00 1.925714417317109195e+01
2.604838129860883811e+00 7.610743047283913931e+00 1.881255324610470581e+01
2.620625027617616620e+00 7.315330395329777247e+00 1.861031743974078623e+01
2.636411925374348986e+00 7.023144690000862056e+00 1.886234366199937185e+01
2.652198823131081795e+00 6.719774613641101624e+00 1.922960043601028346e+01
2.667985720887814161e+00 6.415993218028630984e+00 1.836843266287477405e+01
2.683772618644546970e+00 6.139813476840637385e+00 1.729621221436079992e+01
2.699559516401279780e+00 5.869886150414902914e+00 1.612282303362913538e+01
2.715346414158012145e+00 5.630754759277043497e+00 1.348206076465825376e+01
2.731133311914744954e+00 5.444206320731470150e+00 9.363096814932930556e+00
2.746920209671477320e+00 5.335126255069573276e+00 3.787896892263904025e+00
2.762707107428210129e+00 5.324608038829039103e+00 -2.478479984267616842e+00
2.778494005184942495e+00 5.413381275277055593e+00 -8.143399224961543226e+00
2.794280902941675304e+00 5.581726060742486339e+00 -1.508996444406993120e+01
2.810067800698408114e+00 5.889828726939581038e+00 -2.310728276816673343e+01
2.825854698455140479e+00 6.311310681736402195e+00 -2.950068103231766514e+01
2.841641596211873289e+00 6.821277197361942157e+00 -3.551279108321013922e+01
2.857428493968605654e+00 7.432584285510091426e+00 -4.146282336791681189e+01
2.873215391725338463e+00 8.130415903791476495e+00 -4.766849397765930263e+01
2.889002289482071273e+00 8.937659566795556287e+00 -5.550098897629060701e+01
2.904789187238803638e+00 9.882792780523965703e+00 -6.229120607436411916e+01
2.920576084995536448e+00 1.090442936967465393e+01 -6.888331685588451592e+01
2.936362982752268813e+00 1.205770054122089796e+01 -7.807968024537423446e+01
2.952149880509001623e+00 1.336970122749885270e+01 -8.492607809661186025e+01
2.967936778265734432e+00 1.473913916480390185e+01 -8.939276016324431851e+01
2.983723676022466798e+00 1.619216995727737185e+01 -9.157679460038139041e+01
2.999510573779199607e+00 1.763056615129495341e+01 -9.474570873244242364e+01
3.015297471535931972e+00 1.918365159057384872e+01 -1.024563436680918045e+02
3.031084369292664782e+00 2.086550179532860483e+01 -1.007803268995809134e+02
3.046871267049397591e+00 2.236566902388139866e+01 -8.879745536226373304e+01
3.062658164806129957e+00 2.366917449305277898e+01 -8.186134414221749012e+01
3.078445062562862766e+00 2.495034236428518071e+01 -6.352644811139790448e+01
3.094231960319595132e+00 2.567494557541881761e+01 -5.173898163177433673e+01
3.110018858076327941e+00 2.658393839040175877e+01 -4.237603939143550491e+01
3.125805755833060751e+00 2.701291797783455095e+01 -1.532218716706994854e+01
3.141592653589793116e+00 2.706771799483386687e+01 -3.471234047610486595e+00
