0.000000000000000000e+00 5.651191067527761334e+02 7.570458538830752104e+01
1.578689775673262907e-02 5.639239662035350875e+02 1.514091707766222612e+02
3.157379551346525814e-02 5.603385445558117226e+02 3.028183415532445224e+02
4.736069327019788722e-02 5.543628418096062660e+02 4.542275123298595645e+02
6.314759102693051629e-02 5.459968579649187177e+02 5.299320977181706667e+02
7.893448878366314536e-02 5.376308741202310557e+02 5.299320977181706667e+02
9.472138654039577443e-02 5.292648902755435074e+02 5.299320977181706667e+02
1.105082842971284035e-01 5.208989064308558454e+02 5.299320977181778289e+02
1.262951820538610326e-01 5.125329225861680698e+02 5.299320977181724857e+02
1.420820798105936755e-01 5.041669387414805783e+02 5.299320977181706667e+02
1.578689775673262907e-01 4.958009548967928595e+02 5.299320977181724857e+02
1.736558753240589059e-01 4.874349710521053112e+02 5.299320977181706667e+02
1.894427730807915489e-01 4.790689872074176492e+02 5.299320977181724857e+02
2.052296708375241918e-01 4.707030033627300440e+02 5.299320977181724857e+02
2.210165685942568070e-01 4.623370195180423821e+02 5.299320977181724857e+02
2.368034663509894222e-01 4.539710356733547769e+02 5.299320977181724857e+02
2.525903641077220652e-01 4.456050518286671149e+02 5.299320977181743046e+02
2.683772618644547081e-01 4.372390679839794529e+02 5.299320977181724857e+02
2.841641596211873511e-01 4.288730841392918478e+02 5.299320977181724857e+02
2.999510573779199385e-01 4.205071002946041858e+02 5.299320977181724857e+02
3.157379551346525814e-01 4.121411164499165807e+02 5.299320977181724857e+02
3.315248528913852244e-01 4.037751326052289187e+02 5.299320977181706667e+02
3.473117506481178118e-01 3.954091487605413704e+02 5.299320977181706667e+02
3.630986484048504548e-01 3.870431649158537084e+02 5.299320977181743046e+02
3.788855461615830977e-01 3.786771810711660464e+02 5.299320977181743046e+02
3.946724439183157407e-01 3.703111972264783844e+02 5.299320977181724857e+02
4.104593416750483836e-01 3.619452133817907793e+02 5.299320977181706667e+02
4.262462394317809711e-01 3.535792295371031742e+02 5.299320977181724857e+02
4.420331371885136140e-01 3.452132456924155122e+02 5.299320977181743046e+02
4.578200349452462570e-01 3.368472618477278502e+02 5.299320977181743046e+02
4.736069327019788444e-01 3.284812780030401882e+02 5.299320977181724857e+02
4.893938304587114874e-01 3.201152941583525831e+02 5.299320977181706667e+02
5.051807282154441303e-01 3.117493103136649779e+02 5.299320977181724857e+02
5.209676259721767178e-01 3.033833264689773159e+02 5.299320977181724857e+02
5.367545237289094162e-01 2.950173426242897108e+02 5.299320977181706667e+02
5.525414214856420037e-01 2.866513587796021056e+02 5.299320977181724857e+02
5.683283192423747021e-01 2.782853749349144437e+02 5.299320977181743046e+02
5.841152169991072896e-01 2.699193910902267817e+02 5.299320977181724857e+02
5.999021147558398770e-01 2.615534072455391765e+02 5.299320977181715762e+02
6.156890125125725755e-01 2.531874234008515430e+02 5.299320977181724857e+02
6.314759102693051629e-01 2.448214395561639094e+02 5.299320977181724857e+02
6.472628080260377503e-01 2.364554557114762758e+02 5.299320977181724857e+02
6.630497057827704488e-01 2.280894718667886423e+02 5.299320977181715762e+02
6.788366035395030362e-01 2.197234880221010371e+02 5.299320977181715762e+02
6.946235012962356237e-01 2.113575041774134036e+02 5.299320977181733952e+02
7.104103990529683221e-01 2.029915203327257416e+02 5.299320977181733952e+02
7.261972968097009096e-01 1.946255364880381080e+02 5.299320977181724857e+02
7.419841945664336080e-01 1.862595526433504745e+02 5.299320977181715762e+02
7.577710923231661955e-01 1.778935687986628693e+02 5.299320977181724857e+02
7.735579900798987829e-01 1.695275849539752073e+02 5.299320977181733952e+02
7.893448878366314814e-01 1.611616011092875738e+02 5.299320977181715762e+02
8.051317855933640688e-01 1.527956172645999686e+02 5.299320977181724857e+02
8.209186833500967673e-01 1.444296334199123066e+02 5.299320977181733952e+02
8.367055811068293547e-01 1.360636495752246731e+02 5.299320977181720309e+02
8.524924788635619421e-01 1.276976657305370537e+02 5.299320977181724857e+02
8.682793766202946406e-01 1.193316818858494059e+02 5.299320977181729404e+02
8.840662743770272280e-01 1.109656980411617724e+02 5.442534735250739004e+02
8.998531721337598155e-01 1.021475340052755456e+02 5.442534735250734457e+02
9.156400698904925139e-01 9.378155016058792626e+01 5.297202108019821480e+02
9.314269676472251014e-01 8.542225639006404947e+01 5.207748967656403920e+02
9.472138654039576888e-01 7.733871006156361716e+01 5.001818619405702293e+02
9.630007631606903873e-01 6.962961656160817370e+01 4.681172822567629055e+02
9.787876609174229747e-01 6.255847071526948611e+01 4.182402073932365738e+02
9.945745586741556732e-01 5.642418577786482103e+01 3.487952865324132290e+02
1.010361456430888261e+00 5.154567966223454789e+01 3.011722332203987094e+02
1.026148354187620848e+00 4.691503527183028410e+01 2.659355799076704443e+02
1.041935251944353436e+00 4.314908404247496065e+01 2.186326931465021062e+02
1.057722149701086245e+00 4.001197132586442962e+01 1.805437280867438119e+02
1.073509047457818832e+00 3.744863329062543755e+01 1.517791930212861189e+02
1.089295945214551420e+00 3.521972612221156851e+01 1.418401379668852940e+02
1.105082842971284007e+00 3.297020177885730163e+01 1.365338259955983062e+02
1.120869740728016595e+00 3.090883501955550017e+01 1.201763333548725399e+02
1.136656638484749404e+00 2.917577880395252166e+01 1.053496919367902223e+02
1.152443536241481992e+00 2.758254538893672603e+01 9.569918662368286277e+01
1.168230433998214579e+00 2.615419225469140940e+01 8.565486370531273508e+01
1.184017331754947167e+00 2.487809623757144450e+01 7.744662596795325271e+01
1.199804229511679754e+00 2.370890832317142483e+01 6.661906493548416108e+01
1.215591127268412341e+00 2.277467950400020413e+01 5.360927931399557167e+01
1.231378025025145151e+00 2.201625990048708559e+01 4.191851590411007322e+01
1.247164922781877738e+00 2.145115285461589139e+01 2.836844814036284390e+01
1.262951820538610326e+00 2.112056031986892535e+01 1.552088995066614174e+01
1.278738718295342913e+00 2.096109944912656076e+01 5.371865628481192978e+00
1.294525616052075501e+00 2.095095013298944764e+01 -6.853942546645691358e+00
1.310312513808808310e+00 2.117750442955539114e+01 -1.855709836165347326e+01
1.326099411565540898e+00 2.153686816198355558e+01 -2.763768824641289257e+01
1.341886309322273485e+00 2.205013114671253405e+01 -3.438511261450669565e+01
1.357673207079006072e+00 2.262253667638146482e+01 -3.849825823856492235e+01
1.373460104835738660e+00 2.326566727996156203e+01 -4.438785876338325664e+01
1.389247002592471247e+00 2.402402985225710452e+01 -5.076259461228695358e+01
1.405033900349204057e+00 2.486843506198284359e+01 -5.332721380957934798e+01
1.420820798105936644e+00 2.570777239638360356e+01 -5.491386868640989860e+01
1.436607695862669232e+00 2.660227432274083270e+01 -5.477054600686445696e+01
1.452394593619401819e+00 2.743708641616518307e+01 -5.203774912298807465e+01
1.468181491376134407e+00 2.824530357253106416e+01 -4.832365143788417328e+01
1.483968389132867216e+00 2.896284750512890938e+01 -3.917436438898328532e+01
1.499755286889599804e+00 2.948218694311879773e+01 -2.849989865360581831e+01
1.515542184646332391e+00 2.986269747737234326e+01 -2.132832824536561844e+01
1.531329082403064978e+00 3.015560321778203701e+01 -1.297430676788989601e+01
1.547115980159797566e+00 3.027234558619066718e+01 -5.684015994867177568e+00
1.562902877916530375e+00 3.033506917649923906e+01 -1.118754241378560055e+00
1.578689775673262963e+00 3.030766890383777579e+01 3.018242127172417355e+00
1.594476673429995550e+00 3.023977181676577075e+01 5.826268471426137907e+00
1.610263571186728138e+00 3.012371149451441710e+01 1.068523403453510845e+01
1.626050468943460725e+00 2.990239842234583989e+01 1.909252560055652026e+01
1.641837366700193535e+00 2.952088799536684505e+01 2.758342230747713586e+01
1.657624264456926122e+00 2.903148508684800078e+01 3.467822857658572389e+01
1.673411162213658709e+00 2.842596469752052002e+01 4.113179354209537308e+01
1.689198059970391297e+00 2.773279824844781061e+01 4.782897023843221262e+01
1.704984957727123884e+00 2.691582257159264557e+01 5.235972261240907955e+01
1.720771855483856472e+00 2.607960307354184337e+01 5.411942904590476644e+01
1.736558753240589281e+00 2.520706678559175629e+01 5.373255809413734596e+01
1.752345650997321869e+00 2.438306227186215835e+01 5.137162583974421892e+01
1.768132548754054456e+00 2.358506957613342436e+01 5.144350890930306974e+01
1.783919446510787044e+00 2.275879544106469510e+01 5.167289079215738923e+01
1.799706344267519631e+00 2.195356028867222520e+01 5.015075874791568111e+01
1.815493242024252440e+00 2.117534563951287652e+01 4.862454015197550206e+01
1.831280139780985028e+00 2.041829900097746986e+01 4.559341631311828991e+01
1.847067037537717615e+00 1.973578843608218847e+01 4.469716144033880312e+01
1.862853935294450203e+00 1.900703996562786813e+01 4.505983059869220142e+01
1.878640833051182790e+00 1.831307855888769609e+01 4.208644882237217644e+01
1.894427730807915378e+00 1.767821103662236837e+01 4.036453668916716708e+01
1.910214628564648187e+00 1.703861693146816592e+01 3.986060658940126444e+01
1.926001526321380775e+00 1.641966039512592701e+01 3.914900961980693239e+01
1.941788424078113362e+00 1.580253410717769746e+01 4.001953273571874092e+01
1.957575321834845949e+00 1.515609185198391451e+01 3.984236104139345258e+01
1.973362219591578537e+00 1.454455954688308594e+01 3.875882434442378610e+01
1.989149117348311346e+00 1.393232865779075880e+01 3.972406431412120753e+01
2.004936015105043712e+00 1.329032006326528048e+01 4.007694673883006686e+01
2.020722912861776521e+00 1.266694733665489991e+01 3.932610388914343957e+01
2.036509810618509331e+00 1.204864570072817465e+01 3.912853122798898653e+01
2.052296708375241696e+00 1.143151109292013601e+01 3.849964221525296182e+01
2.068083606131974506e+00 1.083306587008220312e+01 3.654072231423434403e+01
2.083870503888706871e+00 1.027778179865618391e+01 3.452618710479949726e+01
2.099657401645439680e+00 9.742943098575622685e+00 3.144796849533324234e+01
2.115444299402172490e+00 9.284850072070634397e+00 2.720012029564805189e+01
2.131231197158904855e+00 8.884132062419174858e+00 2.314172753357107126e+01
2.147018094915637665e+00 8.554177899097332727e+00 1.841407742814629245e+01
2.162804992672370030e+00 8.302729747133767546e+00 1.319803736222977975e+01
2.178591890429102840e+00 8.137465766243215270e+00 8.439614755160253168e+00
2.194378788185835649e+00 8.036259076641913524e+00 3.413090873601278830e+00
2.210165685942568015e+00 8.029701532931253993e+00 -1.017133511942668544e+00
2.225952583699300824e+00 8.068373842157884113e+00 -4.639904125081118380e+00
2.241739481456033189e+00 8.176200916978649147e+00 -8.097351464846189728e+00
2.257526379212765999e+00 8.324037961509596073e+00 -1.063300669090450157e+01
2.273313276969498808e+00 8.511925295930575786e+00 -1.275101415270851035e+01
2.289100174726231174e+00 8.726635874956516048e+00 -1.441312061556795854e+01
2.304887072482963983e+00 8.967002218957428994e+00 -1.456733623260414134e+01
2.320673970239696349e+00 9.186581970340652603e+00 -1.418414469944435830e+01
2.336460867996429158e+00 9.414849503231087269e+00 -1.339853830366473630e+01
2.352247765753161524e+00 9.609624678919894691e+00 -1.189472705733620117e+01
2.368034663509894333e+00 9.790411183027902808e+00 -9.959462389645926450e+00
2.383821561266627143e+00 9.924082707834623207e+00 -7.180903699069268065e+00
2.399608459023359508e+00 1.001713956802420213e+01 -4.481386358841136897e+00
2.415395356780092317e+00 1.006557708434550591e+01 -2.509553693309710010e+00
2.431182254536824683e+00 1.009637570316682442e+01 -4.703776017370119300e-01
2.446969152293557492e+00 1.008042869055686452e+01 1.729854226521294391e+00
2.462756050050290302e+00 1.004175763955053746e+01 3.515104103816259595e+00
2.478542947807022667e+00 9.969443512374427385e+00 4.940145553546813062e+00
2.494329845563755477e+00 9.885778494036095765e+00 6.092785960773196230e+00
2.510116743320487842e+00 9.777071134341662528e+00 7.711279167664399026e+00
2.525903641077220652e+00 9.642304142449015458e+00 9.301004626086072591e+00
2.541690538833953461e+00 9.483403116207826500e+00 1.007741278025439513e+01
2.557477436590685826e+00 9.324121972020481763e+00 1.076068060013552419e+01
2.573264334347418636e+00 9.143647587353434858e+00 1.228376153592468256e+01
2.589051232104151001e+00 8.936276997149025902e+00 1.339424676676430970e+01
2.604838129860883811e+00 8.720740378882725352e+00 1.413965961049469833e+01
2.620625027617616620e+00 8.489834275977262479e+00 1.442546331806016013e+01
2.636411925374348986e+00 8.265273749891299815e+00 1.477125386114011896e+01
2.652198823131081795e+00 8.023449727088140193e+00 1.592638598003498984e+01
2.667985720887814161e+00 7.762417295689155061e+00 1.634363420101053421e+01
2.683772618644546970e+00 7.507419162878556484e+00 1.481472899126529086e+01
2.699559516401279780e+00 7.294660071931539314e+00 1.290071715215296955e+01
2.715346414158012145e+00 7.100094557539424756e+00 1.025911888208279343e+01
2.731133311914744954e+00 6.970740750200326907e+00 7.005554238684143620e+00
2.746920209671477320e+00 6.878902620548721814e+00 3.160880083261812690e+00
2.762707107428210129e+00 6.870939768808833392e+00 -2.002734605005088930e+00
2.778494005184942495e+00 6.942136553434893109e+00 -7.133221911212158872e+00
2.794280902941675304e+00 7.096162658785615918e+00 -1.114533659987162650e+01
2.810067800698408114e+00 7.294037132167979998e+00 -1.542486132917145270e+01
2.825854698455140479e+00 7.583184076216433311e+00 -1.980290631198469598e+01
2.841641596211873289e+00 7.919290046634895219e+00 -2.357898914819358183e+01
2.857428493968605654e+00 8.327662257995713802e+00 -2.746313512540407942e+01
2.873215391725338463e+00 8.786405459243068705e+00 -3.017066052277829513e+01
2.889002289482071273e+00 9.280264523848094527e+00 -3.220147845914873130e+01
2.904789187238803638e+00 9.803128355343487144e+00 -3.459615203805466876e+01
2.920576084995536448e+00 1.037259635385038692e+01 -3.473767665590267484e+01
2.936362982752268813e+00 1.089992865468983396e+01 -3.326333519015704354e+01
2.952149880509001623e+00 1.142284609724025835e+01 -3.236150926808689121e+01
2.967936778265734432e+00 1.192170433082752012e+01 -2.846958665679853340e+01
2.983723676022466798e+00 1.232173900469489425e+01 -2.317881269834797919e+01
2.999510573779199607e+00 1.265354742321007109e+01 -1.831152361469431256e+01
3.015297471535931972e+00 1.289990330684524267e+01 -1.176361078087944101e+01
3.031084369292664782e+00 1.302496926450555392e+01 -7.740981467340815492e+00
3.046871267049397591e+00 1.314431547276858581e+01 -3.610125850892079047e+00
3.062658164806129957e+00 1.313895463989949519e+01 4.641753361208848183e+00
3.078445062562862766e+00 1.299775770131783759e+01 8.669286107698580324e+00
3.094231960319595132e+00 1.286523237308729506e+01 8.627673490637027598e+00
3.110018858076327941e+00 1.272534930276751908e+01 6.371215441055348094e+00
3.125805755833060751e+00 1.266406891957918113e+01 9.027209011239432090e-01
3.141592653589793116e+00 1.269684697762970060e+01 -2.076282405549921162e+00
