0.000000000000000000e+00 9.656682487188243158e+01 3.310742832061892127e+00
1.578689775673262907e-02 9.651455851329383506e+01 6.621485664125584591e+00
3.157379551346525814e-02 9.635775943752798867e+01 1.277000806652939247e+01
4.736069327019788722e-02 9.611136088989593418e+01 1.797260394548424500e+01
6.314759102693051629e-02 9.579029611570877023e+01 2.222927330099329168e+01
7.893448878366314536e-02 9.540949836027743913e+01 2.554001613305698370e+01
9.472138654039577443e-02 9.498390086891302531e+01 2.790483244167307220e+01
1.105082842971284035e-01 9.452843688692654212e+01 2.932372222684290364e+01
1.262951820538610326e-01 9.405803965962903135e+01 2.979668548856558274e+01
1.420820798105936755e-01 9.358764243233153479e+01 2.979668548856558274e+01
1.578689775673262907e-01 9.311724520503402402e+01 2.979668548856603039e+01
1.736558753240589059e-01 9.264684797773651326e+01 2.979668548856558274e+01
1.894427730807915489e-01 9.217645075043901670e+01 2.979668548856513155e+01
2.052296708375241918e-01 9.170605352314152015e+01 2.979668548856648158e+01
2.210165685942568070e-01 9.123565629584398096e+01 2.979668548856693278e+01
2.368034663509894222e-01 9.076525906854647019e+01 2.979668548856603039e+01
2.525903641077220652e-01 9.029486184124895942e+01 2.979668548856558274e+01
2.683772618644547081e-01 8.982446461395146287e+01 2.979668548856558274e+01
2.841641596211873511e-01 8.935406738665395210e+01 2.979668548856603039e+01
2.999510573779199385e-01 8.888367015935644133e+01 2.979668548856558274e+01
3.157379551346525814e-01 8.841327293205894478e+01 2.979668548856558274e+01
3.315248528913852244e-01 8.794287570476143401e+01 2.979668548856603039e+01
3.473117506481178118e-01 8.747247847746392324e+01 2.979668548856558274e+01
3.630986484048504548e-01 8.700208125016642668e+01 2.979668548856603039e+01
3.788855461615830977e-01 8.653168402286890171e+01 2.979668548856648158e+01
3.946724439183157407e-01 8.606128679557139094e+01 2.979668548856603039e+01
4.104593416750483836e-01 8.559088956827388017e+01 2.979668548856603039e+01
4.262462394317809711e-01 8.512049234097636941e+01 2.979668548856558274e+01
4.420331371885136140e-01 8.465009511367887285e+01 2.979668548856558274e+01
4.578200349452462570e-01 8.417969788638136208e+01 2.979668548856603039e+01
4.736069327019788444e-01 8.370930065908385131e+01 2.979668548856558274e+01
4.893938304587114874e-01 8.323890343178635476e+01 2.979668548856558274e+01
5.051807282154441303e-01 8.276850620448884399e+01 2.979668548856558274e+01
5.209676259721767178e-01 8.229810897719134744e+01 2.979668548856558274e+01
5.367545237289094162e-01 8.182771174989383667e+01 2.979668548856603039e+01
5.525414214856420037e-01 8.135731452259632590e+01 2.979668548856603039e+01
5.683283192423747021e-01 8.088691729529881513e+01 2.979668548856648158e+01
5.841152169991072896e-01 8.041652006800129016e+01 2.979668548856648158e+01
5.999021147558398770e-01 7.994612284070377939e+01 2.979668548856558274e+01
6.156890125125725755e-01 7.947572561340628283e+01 2.979668548856558274e+01
6.314759102693051629e-01 7.900532838610877207e+01 2.979668548856603039e+01
6.472628080260377503e-01 7.853493115881126130e+01 2.979668548856603039e+01
6.630497057827704488e-01 7.806453393151375053e+01 2.979668548856558274e+01
6.788366035395030362e-01 7.759413670421625397e+01 2.979668548856513155e+01
6.946235012962356237e-01 7.712373947691875742e+01 2.979668548856603039e+01
7.104103990529683221e-01 7.665334224962123244e+01 2.979668548856648158e+01
7.261972968097009096e-01 7.618294502232372167e+01 2.979668548856603039e+01
7.419841945664336080e-01 7.571254779502621091e+01 2.979668548856603039e+01
7.577710923231661955e-01 7.524215056772870014e+01 2.979668548856558274e+01
7.735579900798987829e-01 7.477175334043120358e+01 2.979668548856558274e+01
7.893448878366314814e-01 7.430135611313369282e+01 2.979668548856603039e+01
8.051317855933640688e-01 7.383095888583618205e+01 2.979668548856603039e+01
8.209186833500967673e-01 7.336056165853867128e+01 2.979668548856603039e+01
8.367055811068293547e-01 7.289016443124116051e+01 2.979668548856558274e+01
8.524924788635619421e-01 7.241976720394366396e+01 2.979668548856513155e+01
8.682793766202946406e-01 7.194936997664616740e+01 2.979668548856603039e+01
8.840662743770272280e-01 7.147897274934864242e+01 2.979668548856648158e+01
8.998531721337598155e-01 7.100857552205113166e+01 2.979668548856603039e+01
9.156400698904925139e-01 7.053817829475362089e+01 2.979668548856558274e+01
9.314269676472251014e-01 7.006778106745612433e+01 2.979668548856558274e+01
9.472138654039576888e-01 6.959738384015861357e+01 2.979668548856603039e+01
9.630007631606903873e-01 6.912698661286110280e+01 2.979668548856603039e+01
9.787876609174229747e-01 6.865658938556359203e+01 2.979668548856603039e+01
9.945745586741556732e-01 6.818619215826608126e+01 2.979668548856603039e+01
1.010361456430888261e+00 6.771579493096857050e+01 2.979668548856558274e+01
1.026148354187620848e+00 6.724539770367107394e+01 2.979668548856558274e+01
1.041935251944353436e+00 6.677500047637356317e+01 2.979668548856603039e+01
1.057722149701086245e+00 6.630460324907605241e+01 2.979668548856603039e+01
1.073509047457818832e+00 6.583420602177854164e+01 2.979668548856603039e+01
1.089295945214551420e+00 6.536380879448103087e+01 2.979668548856603039e+01
1.105082842971284007e+00 6.489341156718352011e+01 2.979668548856603039e+01
1.120869740728016595e+00 6.442301433988600934e+01 2.979668548856580657e+01
1.136656638484749404e+00 6.395261711258850568e+01 2.979668548856580657e+01
1.152443536241481992e+00 6.348221988529099491e+01 2.979668548856603039e+01
1.168230433998214579e+00 6.301182265799348414e+01 2.979668548856580657e+01
1.184017331754947167e+00 6.254142543069598048e+01 2.979668548856558274e+01
1.199804229511679754e+00 6.207102820339847682e+01 2.979668548856603039e+01
1.215591127268412341e+00 6.160063097610095895e+01 2.979668548856603039e+01
1.231378025025145151e+00 6.113023374880345528e+01 2.979668548856558274e+01
1.247164922781877738e+00 6.065983652150595162e+01 2.979668548856580657e+01
1.262951820538610326e+00 6.018943929420844086e+01 2.979668548856603039e+01
1.278738718295342913e+00 5.971904206691093009e+01 2.979668548856603039e+01
1.294525616052075501e+00 5.924864483961341932e+01 2.979668548856603039e+01
1.310312513808808310e+00 5.877824761231590855e+01 2.979668548856580657e+01
1.326099411565540898e+00 5.830785038501840489e+01 2.979668548856558274e+01
1.341886309322273485e+00 5.783745315772090123e+01 2.979668548856580657e+01
1.357673207079006072e+00 5.736705593042339046e+01 2.979668548856603039e+01
1.373460104835738660e+00 5.689665870312587970e+01 2.868352429678336790e+01
1.389247002592471247e+00 5.646140819967124003e+01 2.662443658155422455e+01
1.405033900349204057e+00 5.605602418683866262e+01 2.461103824978167864e+01
1.420820798105936644e+00 5.568434431059856138e+01 2.260582986999865085e+01
1.436607695862669232e+00 5.534227233711114025e+01 2.053052913407061553e+01
1.452394593619401819e+00 5.503611758193617476e+01 1.856450593532875004e+01
1.468181491376134407e+00 5.475612042290055825e+01 1.842004752695660486e+01
1.483968389132867216e+00 5.445452676797173552e+01 2.221137641184747480e+01
1.499755286889599804e+00 5.405482296600028036e+01 2.879277969284078154e+01
1.515542184646332391e+00 5.354542942968572561e+01 3.698889680151615522e+01
1.531329082403064978e+00 5.288694310212054006e+01 4.676118303649415964e+01
1.547115980159797566e+00 5.206900139852373854e+01 5.756377366870009382e+01
1.562902877916530375e+00 5.106943628332160756e+01 6.924946576597957915e+01
1.578689775673262963e+00 4.988253292701198660e+01 8.033700055897799075e+01
1.594476673429995550e+00 4.853289225550729213e+01 8.924022162348364873e+01
1.610263571186728138e+00 4.706488041789579313e+01 9.457371582460750403e+01
1.626050468943460725e+00 4.554684109111256163e+01 9.558912785508661614e+01
1.641837366700193535e+00 4.404676884168880235e+01 9.380141028846973938e+01
1.657624264456926122e+00 4.258517454378976197e+01 9.132109864679632949e+01
1.673411162213658709e+00 4.116341514694986614e+01 8.805042432490073168e+01
1.689198059970391297e+00 3.980508845128149886e+01 8.299038617954717267e+01
1.704984957727123884e+00 3.854309366413333038e+01 7.654655478482258957e+01
1.720771855483856472e+00 3.738822318324524474e+01 7.138497635924476015e+01
1.736558753240589281e+00 3.628919901783298485e+01 6.891203914007076037e+01
1.752345650997321869e+00 3.521240855102073652e+01 6.839937253233036074e+01
1.768132548754054456e+00 3.412957121624785373e+01 6.821723196555792867e+01
1.783919446510787044e+00 3.305853161844558485e+01 6.775172925289533055e+01
1.799706344267519631e+00 3.199039197113327404e+01 6.775310565302503107e+01
1.815493242024252440e+00 3.091930891515476532e+01 6.833699079371407947e+01
1.831280139780985028e+00 2.983273379780698775e+01 6.969336732239068510e+01
1.847067037537717615e+00 2.871882478667277994e+01 7.159136192338768012e+01
1.862853935294450203e+00 2.757232277590746250e+01 7.271126682651105000e+01
1.878640833051182790e+00 2.642305411636750989e+01 7.311792619729496323e+01
1.894427730807915378e+00 2.526371232578542703e+01 7.344634140004782807e+01
1.910214628564648187e+00 2.410407435179024205e+01 7.381890668998919125e+01
1.926001526321380775e+00 2.293296926092813592e+01 7.439871377745268433e+01
1.941788424078113362e+00 2.175502457651612076e+01 7.435743271519504560e+01
1.957575321834845949e+00 2.058522288547231582e+01 7.352185022944050274e+01
1.973362219591578537e+00 1.943366071160014741e+01 7.238789804153448415e+01
1.989149117348311346e+00 1.829966219505933367e+01 7.095895895307653234e+01
2.004936015105043712e+00 1.719321705176733417e+01 6.933350667096941322e+01
2.020722912861776521e+00 1.611054023319866602e+01 6.728722311815322144e+01
2.036509810618509331e+00 1.506870402836585221e+01 6.475805259248176071e+01
2.052296708375241696e+00 1.406588272279341822e+01 6.207826468378132034e+01
2.068083606131974506e+00 1.310865759340936876e+01 5.919371641202334189e+01
2.083870503888706871e+00 1.219691242511814089e+01 5.632677058146636284e+01
2.099657401645439680e+00 1.133020765713627931e+01 5.346466260490699085e+01
2.115444299402172490e+00 1.050883010083439473e+01 5.052770950502253555e+01
2.131231197158904855e+00 9.734856089460922846e+00 4.758150588824354088e+01
2.147018094915637665e+00 9.006501363696250095e+00 4.458140739339931713e+01
2.162804992672370030e+00 8.327251848719244620e+00 4.157484361276821971e+01
2.178591890429102840e+00 7.693825752962409226e+00 3.845664735362576891e+01
2.194378788185835649e+00 7.113029529042419696e+00 3.503857924503419241e+01
2.210165685942568015e+00 6.587524816797351690e+00 3.140970933336383197e+01
2.225952583699300824e+00 6.121305789413408860e+00 2.756590924093851314e+01
2.241739481456033189e+00 5.717164435281216761e+00 2.356483090881816977e+01
2.257526379212765999e+00 5.377274636988998324e+00 1.945904284207293955e+01
2.273313276969498808e+00 5.102768595697845910e+00 1.523231524885744825e+01
2.289100174726231174e+00 4.896332630124934582e+00 1.095706850401144727e+01
2.304887072482963983e+00 4.756812355325157782e+00 6.741245926709246383e+00
2.320673970239696349e+00 4.683485909729036223e+00 2.625171258565158983e+00
2.336460867996429158e+00 4.673925734819395217e+00 -1.280843655941654502e+00
2.352247765753161524e+00 4.723927005406457269e+00 -4.859680319400518478e+00
2.368034663509894333e+00 4.827364287484958716e+00 -8.126134810579394241e+00
2.383821561266627143e+00 4.980499924230542774e+00 -1.099636476690919906e+01
2.399608459023359508e+00 5.174561260026823817e+00 -1.333807266419242588e+01
2.415395356780092317e+00 5.401633503073495213e+00 -1.511632690528526091e+01
2.431182254536824683e+00 5.651841074648993768e+00 -1.617534154013637604e+01
2.446969152293557492e+00 5.912350429222221315e+00 -1.648534172715792678e+01
2.462756050050290302e+00 6.172345883311874282e+00 -1.615908408461287138e+01
2.478542947807022667e+00 6.422554045794679034e+00 -1.527172349515040217e+01
2.494329845563755477e+00 6.654532158085936011e+00 -1.400434038663852832e+01
2.510116743320487842e+00 6.864724225463366913e+00 -1.223933018319940125e+01
2.525903641077220652e+00 7.040974266512057156e+00 -1.001330768522875125e+01
2.541690538833953461e+00 7.180882354730189654e+00 -7.770018765108908099e+00
2.557477436590685826e+00 7.286303250137393661e+00 -5.656127531373326356e+00
2.573264334347418636e+00 7.359467768803852117e+00 -3.626228871472233273e+00
2.589051232104151001e+00 7.400797059010281842e+00 -1.498192752015519158e+00
2.604838129860883811e+00 7.406771400395745886e+00 8.132338593666532667e-01
2.620625027617616620e+00 7.375120179430012968e+00 3.027473891984809207e+00
2.636411925374348986e+00 7.311182558807862719e+00 5.126532229601392210e+00
2.652198823131081795e+00 7.213256099119389475e+00 7.246537813116515458e+00
2.667985720887814161e+00 7.082381855715928154e+00 9.454962929047033171e+00
2.683772618644546970e+00 6.914727033010263924e+00 1.168958677963385817e+01
2.699559516401279780e+00 6.713297233098861838e+00 1.369983985762277889e+01
2.715346414158012145e+00 6.482171090778461320e+00 1.540396850460487777e+01
2.731133311914744954e+00 6.226935481438608200e+00 1.652644547151470533e+01
2.746920209671477320e+00 5.960368480896422128e+00 1.700843365522130668e+01
2.762707107428210129e+00 5.689914675204310157e+00 1.712233571055174863e+01
2.778494005184942495e+00 5.419751354458557380e+00 1.679529277161241296e+01
2.794280902941675304e+00 5.159623535644638714e+00 1.598286588155994892e+01
2.810067800698408114e+00 4.915111615395042932e+00 1.467048790785519685e+01
2.825854698455140479e+00 4.696420550359253987e+00 1.293026870933501549e+01
2.841641596211873289e+00 4.506853955232340780e+00 1.123543216998955607e+01
2.857428493968605654e+00 4.341675312518594509e+00 9.559531563903220786e+00
2.873215391725338463e+00 4.205023260429143761e+00 7.793279128841184900e+00
2.889002289482071273e+00 4.095611910925206267e+00 5.900356587949065812e+00
2.904789187238803638e+00 4.018726608064712380e+00 3.779554803410615449e+00
2.920576084995536448e+00 3.976277020430384113e+00 1.670017672509740203e+00
2.936362982752268813e+00 3.965997811569016651e+00 -4.350096065144685720e-01
2.952149880509001623e+00 3.990011924792864928e+00 -2.767533373586564149e+00
2.967936778265734432e+00 4.053379344383329475e+00 -5.083395005994908900e+00
2.983723676022466798e+00 4.150513999226318695e+00 -7.691095464555393058e+00
2.999510573779199607e+00 4.296216419855741542e+00 -1.030811423486863632e+01
3.015297471535931972e+00 4.475980290207501433e+00 -1.240812967765552344e+01
3.031084369292664782e+00 4.687988169002596628e+00 -1.430149723836617959e+01
3.046871267049397591e+00 4.927532839548063315e+00 -1.563046274268515567e+01
3.062658164806129957e+00 5.181501203420975088e+00 -1.663202679703548270e+01
3.078445062562862766e+00 5.452669052612136191e+00 -1.767580190246160754e+01
3.094231960319595132e+00 5.739593358225818065e+00 -1.817872579913531084e+01
3.110018858076327941e+00 6.026640423689389792e+00 -1.840865707555796149e+01
3.125805755833060751e+00 6.320824532406990492e+00 -1.841006150276284714e+01
3.141592653589793116e+00 6.607915940967942880e+00 -1.818542268309279919e+01
