-3.946724439183105226e-05 0.000000000000000000e+00
1.566849602355713592e-02 0.000000000000000000e+00
3.137645929150609941e-02 0.000000000000000000e+00
4.708442255945507332e-02 0.000000000000000000e+00
6.279238582740404029e-02 0.000000000000000000e+00
7.850034909535300032e-02 0.000000000000000000e+00
9.420831236330196035e-02 0.000000000000000000e+00
1.099162756312509481e-01 0.000000000000000000e+00
1.256242388991999082e-01 0.000000000000000000e+00
1.413322021671488404e-01 0.000000000000000000e+00
1.570401654350978282e-01 0.000000000000000000e+00
1.727481287030468160e-01 0.000000000000000000e+00
1.884560919709957483e-01 0.000000000000000000e+00
2.041640552389447361e-01 0.000000000000000000e+00
2.198720185068937238e-01 0.000000000000000000e+00
2.355799817748426561e-01 0.000000000000000000e+00
2.512879450427916717e-01 0.000000000000000000e+00
2.669959083107406039e-01 0.000000000000000000e+00
2.827038715786895917e-01 0.000000000000000000e+00
2.984118348466385795e-01 0.000000000000000000e+00
3.141197981145875118e-01 0.000000000000000000e+00
3.298277613825364996e-01 0.000000000000000000e+00
3.455357246504854318e-01 0.000000000000000000e+00
3.612436879184344196e-01 0.000000000000000000e+00
3.769516511863834074e-01 0.000000000000000000e+00
3.926596144543323952e-01 0.000000000000000000e+00
4.083675777222813275e-01 0.000000000000000000e+00
4.240755409902303152e-01 0.000000000000000000e+00
4.397835042581792475e-01 0.000000000000000000e+00
4.554914675261282353e-01 0.000000000000000000e+00
4.711994307940772231e-01 0.000000000000000000e+00
4.869073940620261554e-01 0.000000000000000000e+00
5.026153573299750876e-01 0.000000000000000000e+00
5.183233205979241864e-01 0.000000000000000000e+00
5.340312838658730632e-01 0.000000000000000000e+00
5.497392471338219400e-01 0.000000000000000000e+00
5.654472104017710388e-01 0.000000000000000000e+00
5.811551736697199155e-01 0.000000000000000000e+00
5.968631369376690143e-01 0.000000000000000000e+00
6.125711002056178911e-01 0.000000000000000000e+00
6.282790634735667679e-01 0.000000000000000000e+00
6.439870267415158667e-01 0.000000000000000000e+00
6.596949900094647434e-01 0.000000000000000000e+00
6.754029532774138422e-01 0.000000000000000000e+00
6.911109165453627190e-01 0.000000000000000000e+00
7.068188798133117068e-01 0.000000000000000000e+00
7.225268430812606946e-01 0.000000000000000000e+00
7.382348063492095713e-01 0.000000000000000000e+00
7.539427696171586701e-01 0.000000000000000000e+00
7.696507328851075469e-01 0.000000000000000000e+00
7.853586961530565347e-01 0.000000000000000000e+00
8.010666594210055225e-01 0.000000000000000000e+00
8.167746226889543992e-01 0.000000000000000000e+00
8.324825859569034980e-01 0.000000000000000000e+00
8.481905492248523748e-01 0.000000000000000000e+00
8.638985124928014736e-01 7.340688703414153447e-06
8.796064757607503504e-01 7.340688703414153447e-06
8.953144390286992271e-01 7.340688703414153447e-06
9.110224022966483259e-01 7.340688703414153447e-06
9.267303655645972027e-01 7.340688703414153447e-06
9.424383288325463015e-01 7.340688703414153447e-06
9.581462921004951783e-01 7.340688703414155141e-06
9.738542553684440550e-01 0.000000000000000000e+00
9.895622186363931538e-01 0.000000000000000000e+00
1.005270181904341920e+00 0.000000000000000000e+00
1.020978145172290796e+00 7.340688703414153447e-06
1.036686108440239895e+00 2.202206611024246034e-05
1.052394071708188994e+00 5.138482092389907074e-05
1.068102034976137871e+00 7.340688703414154125e-05
1.083809998244086747e+00 1.468137740682830825e-04
1.099517961512035624e+00 1.835172175853538531e-04
1.115225924779984723e+00 2.275613498058387941e-04
1.130933888047933822e+00 3.009682368399803354e-04
1.146641851315882699e+00 4.551226996116775883e-04
1.162349814583831575e+00 5.725737188663039892e-04
1.178057777851780452e+00 7.487502477482437533e-04
1.193765741119729551e+00 8.662012670028701542e-04
1.209473704387678650e+00 1.005674352367739175e-03
1.225181667655627527e+00 1.137806749029193808e-03
1.240889630923576403e+00 1.240576390876991977e-03
1.256597594191525280e+00 1.247917079580406147e-03
1.272305557459474379e+00 1.299301900504305340e-03
1.288013520727423478e+00 1.255257768283820317e-03
1.303721483995372354e+00 1.218554324766749465e-03
1.319429447263321231e+00 1.174510192546264877e-03
1.335137410531270330e+00 1.130466060325779854e-03
1.350845373799219207e+00 1.049718484588223980e-03
1.366553337067168306e+00 9.469488427404258116e-04
1.382261300335117182e+00 8.368385121892134727e-04
1.397969263603066059e+00 7.927943799687286672e-04
1.413677226871015158e+00 7.414095590448296913e-04
1.429385190138964035e+00 6.826840494175163282e-04
1.445093153406913133e+00 6.166178510867889031e-04
1.460801116674862010e+00 6.019364736799605623e-04
1.476509079942810887e+00 6.092771623833747327e-04
1.492217043210759986e+00 5.432109640526474161e-04
1.507925006478708863e+00 5.065075205355766726e-04
1.523632969746657961e+00 5.211888979424050133e-04
1.539340933014606838e+00 4.844854544253341614e-04
1.555048896282555715e+00 4.477820109082634721e-04
1.570756859550504814e+00 4.477820109082634179e-04
1.586464822818453690e+00 4.404413222048493017e-04
1.602172786086402789e+00 5.211888979424049049e-04
1.617880749354351666e+00 5.138482092389908430e-04
1.633588712622300543e+00 5.065075205355765641e-04
1.649296675890249642e+00 5.505516527560614781e-04
1.665004639158198518e+00 6.386399171970313059e-04
1.680712602426147617e+00 7.047061155277587309e-04
1.696420565694096494e+00 8.148164460789710699e-04
1.712128528962045371e+00 9.102453992233550681e-04
1.727836492229994469e+00 1.020355729774567516e-03
1.743544455497943568e+00 1.167169503842850490e-03
1.759252418765892445e+00 1.358027410131618486e-03
1.774960382033841322e+00 1.563566693827214823e-03
1.790668345301790199e+00 1.835172175853538694e-03
1.806376308569739297e+00 2.128799723990104642e-03
1.822084271837688396e+00 2.466471404347156046e-03
1.837792235105637273e+00 2.877549971738348721e-03
1.853500198373586150e+00 3.295969227832954915e-03
1.869208161641535026e+00 3.707047795224147589e-03
1.884916124909484125e+00 4.316324957607522647e-03
1.900624088177433224e+00 5.079756582762594633e-03
1.916332051445382101e+00 5.644989612925484235e-03
1.932040014713330978e+00 6.342355039749830205e-03
1.947747977981279854e+00 7.157171485828799432e-03
1.963455941249228953e+00 8.214230659120438233e-03
1.979163904517178052e+00 9.645664956286197772e-03
1.994871867785126929e+00 1.087155996975636141e-02
2.010579831053076028e+00 1.232501633303236671e-02
2.026287794321024904e+00 1.438040916998832922e-02
2.041995757588974225e+00 1.605408619436675399e-02
2.057703720856923102e+00 1.805075352169540487e-02
2.073411684124871979e+00 1.968772710255676031e-02
2.089119647392820855e+00 2.117054622064642316e-02
2.104827610660769732e+00 2.268272809354973316e-02
2.120535573928718609e+00 2.357829211536625891e-02
2.136243537196667930e+00 2.444449338236913405e-02
2.151951500464616807e+00 2.516388087530372145e-02
2.167659463732565683e+00 2.556761875399149800e-02
2.183367427000514560e+00 2.576581734898368212e-02
2.199075390268463881e+00 2.538410153640614786e-02
2.214783353536412758e+00 2.476748368531935321e-02
2.230491316804361634e+00 2.427565754219060401e-02
2.246199280072310511e+00 2.316721354797506710e-02
2.261907243340259388e+00 2.205876955375953366e-02
2.277615206608208265e+00 2.081085247417912426e-02
2.293323169876157586e+00 1.975379330088749413e-02
2.309031133144106462e+00 1.860130517445146570e-02
2.324739096412055339e+00 1.761765288819396730e-02
2.340447059680004216e+00 1.642112062953746468e-02
2.356155022947953537e+00 1.550353454161069316e-02
2.371862986215902414e+00 1.462265189720099445e-02
2.387570949483851290e+00 1.401337473481761853e-02
2.403278912751800167e+00 1.328664655317961935e-02
2.418986876019749044e+00 1.285354591967818351e-02
2.434694839287697921e+00 1.250853355061771859e-02
2.450402802555647241e+00 1.239108253136309186e-02
2.466110765823596118e+00 1.201670740748896939e-02
2.481818729091544995e+00 1.210479567192994030e-02
2.497526692359493872e+00 1.195064120915824250e-02
2.513234655627443193e+00 1.178914605768313119e-02
2.528942618895392069e+00 1.198734465267531357e-02
2.544650582163340946e+00 1.200202603008214235e-02
2.560358545431289823e+00 1.189191569953093087e-02
2.576066508699238700e+00 1.213415842674359785e-02
2.591774471967188020e+00 1.242044528617674767e-02
2.607482435235136897e+00 1.247917079580406104e-02
2.623190398503085774e+00 1.294897487282256794e-02
2.638898361771034651e+00 1.286822729708501228e-02
2.654606325038983972e+00 1.337473481762058852e-02
2.670314288306932848e+00 1.359495547872301320e-02
2.686022251574881725e+00 1.371240649797764166e-02
2.701730214842830602e+00 1.355825203520594213e-02
2.717438178110779479e+00 1.355825203520594213e-02
2.733146141378728355e+00 1.317653622262840787e-02
2.748854104646677676e+00 1.295631556152598146e-02
2.764562067914626553e+00 1.182584950120020226e-02
2.780270031182575430e+00 1.118720958400317225e-02
2.795977994450524307e+00 1.008610627849104886e-02
2.811685957718473627e+00 9.153838813157450308e-03
2.827393920986422504e+00 8.250934102637509301e-03
2.843101884254371381e+00 7.105786664904900456e-03
2.858809847522320258e+00 6.173519199571302768e-03
2.874517810790269134e+00 5.498175838857201694e-03
2.890225774058218011e+00 4.661337326667988439e-03
2.905933737326167332e+00 4.037378786877784606e-03
2.921641700594116209e+00 3.303309916536369302e-03
2.937349663862065086e+00 2.561900357491540044e-03
2.953057627130013962e+00 2.136140412693519029e-03
2.968765590397963283e+00 1.651654958268184651e-03
2.984473553665912160e+00 1.299301900504305123e-03
3.000181516933861037e+00 1.042377795884809810e-03
3.015889480201809913e+00 9.249267766301834089e-04
3.031597443469758790e+00 7.927943799687286672e-04
3.047305406737707667e+00 6.386399171970314143e-04
3.063013370005656988e+00 5.138482092389908430e-04
3.078721333273605865e+00 4.110785673911926202e-04
3.094429296541554741e+00 3.376716803570510789e-04
3.110137259809503618e+00 2.789461707297378242e-04
3.125845223077452495e+00 2.569241046194954215e-04
