-3.946724439183105226e-05 0.000000000000000000e+00
1.566849602355713592e-02 0.000000000000000000e+00
3.137645929150609941e-02 0.000000000000000000e+00
4.708442255945507332e-02 0.000000000000000000e+00
6.279238582740404029e-02 0.000000000000000000e+00
7.850034909535300032e-02 0.000000000000000000e+00
9.420831236330196035e-02 0.000000000000000000e+00
1.099162756312509481e-01 0.000000000000000000e+00
1.256242388991999082e-01 0.000000000000000000e+00
1.413322021671488404e-01 0.000000000000000000e+00
1.570401654350978282e-01 0.000000000000000000e+00
1.727481287030468160e-01 0.000000000000000000e+00
1.884560919709957483e-01 0.000000000000000000e+00
2.041640552389447361e-01 0.000000000000000000e+00
2.198720185068937238e-01 0.000000000000000000e+00
2.355799817748426561e-01 0.000000000000000000e+00
2.512879450427916717e-01 0.000000000000000000e+00
2.669959083107406039e-01 0.000000000000000000e+00
2.827038715786895917e-01 0.000000000000000000e+00
2.984118348466385795e-01 0.000000000000000000e+00
3.141197981145875118e-01 0.000000000000000000e+00
3.298277613825364996e-01 0.000000000000000000e+00
3.455357246504854318e-01 0.000000000000000000e+00
3.612436879184344196e-01 0.000000000000000000e+00
3.769516511863834074e-01 0.000000000000000000e+00
3.926596144543323952e-01 0.000000000000000000e+00
4.083675777222813275e-01 0.000000000000000000e+00
4.240755409902303152e-01 0.000000000000000000e+00
4.397835042581792475e-01 0.000000000000000000e+00
4.554914675261282353e-01 0.000000000000000000e+00
4.711994307940772231e-01 0.000000000000000000e+00
4.869073940620261554e-01 0.000000000000000000e+00
5.026153573299750876e-01 0.000000000000000000e+00
5.183233205979241864e-01 0.000000000000000000e+00
5.340312838658730632e-01 0.000000000000000000e+00
5.497392471338219400e-01 0.000000000000000000e+00
5.654472104017710388e-01 0.000000000000000000e+00
5.811551736697199155e-01 0.000000000000000000e+00
5.968631369376690143e-01 0.000000000000000000e+00
6.125711002056178911e-01 0.000000000000000000e+00
6.282790634735667679e-01 0.000000000000000000e+00
6.439870267415158667e-01 0.000000000000000000e+00
6.596949900094647434e-01 0.000000000000000000e+00
6.754029532774138422e-01 0.000000000000000000e+00
6.911109165453627190e-01 0.000000000000000000e+00
7.068188798133117068e-01 0.000000000000000000e+00
7.225268430812606946e-01 0.000000000000000000e+00
7.382348063492095713e-01 0.000000000000000000e+00
7.539427696171586701e-01 0.000000000000000000e+00
7.696507328851075469e-01 0.000000000000000000e+00
7.853586961530565347e-01 0.000000000000000000e+00
8.010666594210055225e-01 0.000000000000000000e+00
8.167746226889543992e-01 0.000000000000000000e+00
8.324825859569034980e-01 0.000000000000000000e+00
8.481905492248523748e-01 0.000000000000000000e+00
8.638985124928014736e-01 0.000000000000000000e+00
8.796064757607503504e-01 0.000000000000000000e+00
8.953144390286992271e-01 0.000000000000000000e+00
9.110224022966483259e-01 0.000000000000000000e+00
9.267303655645972027e-01 0.000000000000000000e+00
9.424383288325463015e-01 0.000000000000000000e+00
9.581462921004951783e-01 7.340688703414153447e-06
9.738542553684440550e-01 7.340688703414153447e-06
9.895622186363931538e-01 1.468137740682830689e-05
1.005270181904341920e+00 3.670344351707077062e-05
1.020978145172290796e+00 6.606619833072738441e-05
1.036686108440239895e+00 1.101103305512123119e-04
1.052394071708188994e+00 1.394730853648689121e-04
1.068102034976137871e+00 1.541544627716972258e-04
1.083809998244086747e+00 2.055392836955963372e-04
1.099517961512035624e+00 3.523530577638794197e-04
1.115225924779984723e+00 3.743751238741218224e-04
1.130933888047933822e+00 4.551226996116775341e-04
1.146641851315882699e+00 5.065075205355765641e-04
1.162349814583831575e+00 6.019364736799605623e-04
1.178057777851780452e+00 6.973654268243446690e-04
1.193765741119729551e+00 7.781130025619002180e-04
1.209473704387678650e+00 7.781130025619003264e-04
1.225181667655627527e+00 9.175860879267692385e-04
1.240889630923576403e+00 9.689709088506683228e-04
1.256597594191525280e+00 1.057059173291638151e-03
1.272305557459474379e+00 1.137806749029193808e-03
1.288013520727423478e+00 1.115784682918951297e-03
1.303721483995372354e+00 1.108443994215537343e-03
1.319429447263321231e+00 1.049718484588223980e-03
1.335137410531270330e+00 9.689709088506682144e-04
1.350845373799219207e+00 9.175860879267692385e-04
1.366553337067168306e+00 8.441792008926277515e-04
1.382261300335117182e+00 7.340688703414154125e-04
1.397969263603066059e+00 7.120468042311727929e-04
1.413677226871015158e+00 6.533212946038597551e-04
1.429385190138964035e+00 6.166178510867890115e-04
1.445093153406913133e+00 5.505516527560614781e-04
1.460801116674862010e+00 4.991668318321625022e-04
1.476509079942810887e+00 4.624633883150917044e-04
1.492217043210759986e+00 4.184192560946067905e-04
1.507925006478708863e+00 4.257599447980209609e-04
1.523632969746657961e+00 4.037378786877785040e-04
1.539340933014606838e+00 5.138482092389908430e-04
1.555048896282555715e+00 5.211888979424050133e-04
1.570756859550504814e+00 5.285295866458190753e-04
1.586464822818453690e+00 5.138482092389907345e-04
1.602172786086402789e+00 5.578923414594756484e-04
1.617880749354351666e+00 5.432109640526474161e-04
1.633588712622300543e+00 5.725737188663039892e-04
1.649296675890249642e+00 4.771447657219199910e-04
1.665004639158198518e+00 5.285295866458190753e-04
1.680712602426147617e+00 6.019364736799606708e-04
1.696420565694096494e+00 7.634316251550719856e-04
1.712128528962045371e+00 8.074757573755568995e-04
1.727836492229994469e+00 9.029047105199408977e-04
1.743544455497943568e+00 1.145147437732607978e-03
1.759252418765892445e+00 1.284620523097476999e-03
1.774960382033841322e+00 1.460797051979416655e-03
1.790668345301790199e+00 1.681017713081841333e-03
1.806376308569739297e+00 1.820490798446710136e-03
1.822084271837688396e+00 2.040711459549134597e-03
1.837792235105637273e+00 2.304976252872044298e-03
1.853500198373586150e+00 2.642647933229095268e-03
1.869208161641535026e+00 3.156496142468086328e-03
1.884916124909484125e+00 3.699707106520733636e-03
1.900624088177433224e+00 4.382391155938249530e-03
1.916332051445382101e+00 5.219229668127463653e-03
1.932040014713330978e+00 6.041386802909849002e-03
1.947747977981279854e+00 7.281963193786840545e-03
1.963455941249228953e+00 8.280296857451165116e-03
1.979163904517178052e+00 9.594280135362299664e-03
1.994871867785126929e+00 1.086421928105294962e-02
2.010579831053076028e+00 1.239842322006650711e-02
2.026287794321024904e+00 1.391060509296982231e-02
2.041995757588974225e+00 1.552555660772093546e-02
2.057703720856923102e+00 1.708178261284473698e-02
2.073411684124871979e+00 1.863800861796853503e-02
2.089119647392820855e+00 2.017221255698209426e-02
2.104827610660769732e+00 2.174311993951272282e-02
2.120535573928718609e+00 2.302774046261020155e-02
2.136243537196667930e+00 2.396000792794380010e-02
2.151951500464616807e+00 2.489227539327739866e-02
2.167659463732565683e+00 2.553091531047442866e-02
2.183367427000514560e+00 2.586124630212806308e-02
2.199075390268463881e+00 2.522994707363444833e-02
2.214783353536412758e+00 2.496568228031153733e-02
2.230491316804361634e+00 2.418756927774963483e-02
2.246199280072310511e+00 2.341679696389115106e-02
2.261907243340259388e+00 2.223494608264147201e-02
2.277615206608208265e+00 2.080351178547571248e-02
2.293323169876157586e+00 1.969506779126017557e-02
2.309031133144106462e+00 1.912249407239387244e-02
2.324739096412055339e+00 1.805075352169540487e-02
2.340447059680004216e+00 1.678081437600475664e-02
2.356155022947953537e+00 1.583386553326433105e-02
2.371862986215902414e+00 1.486489462441366316e-02
2.387570949483851290e+00 1.413082575407224699e-02
2.403278912751800167e+00 1.367570305446056886e-02
2.418986876019749044e+00 1.322792104355230598e-02
2.434694839287697921e+00 1.264066594727917235e-02
2.450402802555647241e+00 1.265534732468600113e-02
2.466110765823596118e+00 1.258928112635527424e-02
2.481818729091544995e+00 1.284620523097476825e-02
2.497526692359493872e+00 1.290493074060208162e-02
2.513234655627443193e+00 1.291227142930549687e-02
2.528942618895392069e+00 1.286088660838159876e-02
2.544650582163340946e+00 1.291961211800891039e-02
2.560358545431289823e+00 1.297833762763622376e-02
2.576066508699238700e+00 1.291961211800891213e-02
2.591774471967188020e+00 1.305908520337377941e-02
2.607482435235136897e+00 1.311047002429767926e-02
2.623190398503085774e+00 1.284620523097476999e-02
2.638898361771034651e+00 1.297099693893281024e-02
2.654606325038983972e+00 1.302238175985670834e-02
2.670314288306932848e+00 1.306642589207719467e-02
2.686022251574881725e+00 1.325728379836596180e-02
2.701730214842830602e+00 1.324260242095913476e-02
2.717438178110779479e+00 1.301504107115329656e-02
2.733146141378728355e+00 1.280950178745769892e-02
2.748854104646677676e+00 1.221490600248115177e-02
2.764562067914626553e+00 1.192861914304800194e-02
2.780270031182575430e+00 1.126795715974072618e-02
2.795977994450524307e+00 1.026962349607640074e-02
2.811685957718473627e+00 9.330015342039390397e-03
2.827393920986422504e+00 8.698716113545773912e-03
2.843101884254371381e+00 7.839855535246317494e-03
2.858809847522320258e+00 6.892906692505891032e-03
2.874517810790269134e+00 5.806484764400595550e-03
2.890225774058218011e+00 4.918261431287483318e-03
2.905933737326167332e+00 4.235577381869967857e-03
2.921641700594116209e+00 3.420760935790996028e-03
2.937349663862065086e+00 2.679351376746166337e-03
2.953057627130013962e+00 2.209547299727660733e-03
2.968765590397963283e+00 1.886556996777437887e-03
2.984473553665912160e+00 1.570907382530628994e-03
3.000181516933861037e+00 1.291961211800891169e-03
3.015889480201809913e+00 1.086421928105294832e-03
3.031597443469758790e+00 9.322674653335975793e-04
3.047305406737707667e+00 7.340688703414155209e-04
3.063013370005656988e+00 5.578923414594757569e-04
3.078721333273605865e+00 4.404413222048493017e-04
3.094429296541554741e+00 3.083089255433944516e-04
3.110137259809503618e+00 2.275613498058387670e-04
3.125845223077452495e+00 1.761765288819397098e-04
