-3.946724439183105226e-05 0.000000000000000000e+00
1.566849602355713592e-02 0.000000000000000000e+00
3.137645929150609941e-02 0.000000000000000000e+00
4.708442255945507332e-02 0.000000000000000000e+00
6.279238582740404029e-02 0.000000000000000000e+00
7.850034909535300032e-02 0.000000000000000000e+00
9.420831236330196035e-02 0.000000000000000000e+00
1.099162756312509481e-01 0.000000000000000000e+00
1.256242388991999082e-01 0.000000000000000000e+00
1.413322021671488404e-01 0.000000000000000000e+00
1.570401654350978282e-01 0.000000000000000000e+00
1.727481287030468160e-01 0.000000000000000000e+00
1.884560919709957483e-01 0.000000000000000000e+00
2.041640552389447361e-01 0.000000000000000000e+00
2.198720185068937238e-01 0.000000000000000000e+00
2.355799817748426561e-01 0.000000000000000000e+00
2.512879450427916717e-01 0.000000000000000000e+00
2.669959083107406039e-01 0.000000000000000000e+00
2.827038715786895917e-01 0.000000000000000000e+00
2.984118348466385795e-01 0.000000000000000000e+00
3.141197981145875118e-01 0.000000000000000000e+00
3.298277613825364996e-01 0.000000000000000000e+00
3.455357246504854318e-01 0.000000000000000000e+00
3.612436879184344196e-01 0.000000000000000000e+00
3.769516511863834074e-01 0.000000000000000000e+00
3.926596144543323952e-01 0.000000000000000000e+00
4.083675777222813275e-01 0.000000000000000000e+00
4.240755409902303152e-01 0.000000000000000000e+00
4.397835042581792475e-01 0.000000000000000000e+00
4.554914675261282353e-01 0.000000000000000000e+00
4.711994307940772231e-01 0.000000000000000000e+00
4.869073940620261554e-01 0.000000000000000000e+00
5.026153573299750876e-01 0.000000000000000000e+00
5.183233205979241864e-01 0.000000000000000000e+00
5.340312838658730632e-01 0.000000000000000000e+00
5.497392471338219400e-01 0.000000000000000000e+00
5.654472104017710388e-01 0.000000000000000000e+00
5.811551736697199155e-01 0.000000000000000000e+00
5.968631369376690143e-01 0.000000000000000000e+00
6.125711002056178911e-01 0.000000000000000000e+00
6.282790634735667679e-01 0.000000000000000000e+00
6.439870267415158667e-01 0.000000000000000000e+00
6.596949900094647434e-01 0.000000000000000000e+00
6.754029532774138422e-01 0.000000000000000000e+00
6.911109165453627190e-01 0.000000000000000000e+00
7.068188798133117068e-01 0.000000000000000000e+00
7.225268430812606946e-01 0.000000000000000000e+00
7.382348063492095713e-01 0.000000000000000000e+00
7.539427696171586701e-01 0.000000000000000000e+00
7.696507328851075469e-01 0.000000000000000000e+00
7.853586961530565347e-01 0.000000000000000000e+00
8.010666594210055225e-01 0.000000000000000000e+00
8.167746226889543992e-01 0.000000000000000000e+00
8.324825859569034980e-01 0.000000000000000000e+00
8.481905492248523748e-01 0.000000000000000000e+00
8.638985124928014736e-01 0.000000000000000000e+00
8.796064757607503504e-01 0.000000000000000000e+00
8.953144390286992271e-01 0.000000000000000000e+00
9.110224022966483259e-01 0.000000000000000000e+00
9.267303655645972027e-01 0.000000000000000000e+00
9.424383288325463015e-01 0.000000000000000000e+00
9.581462921004951783e-01 0.000000000000000000e+00
9.738542553684440550e-01 7.340688703414153447e-06
9.895622186363931538e-01 2.202206611024246034e-05
1.005270181904341920e+00 3.670344351707077062e-05
1.020978145172290796e+00 3.670344351707077062e-05
1.036686108440239895e+00 8.074757573755569808e-05
1.052394071708188994e+00 8.808826444096985492e-05
1.068102034976137871e+00 1.321323966614547959e-04
1.083809998244086747e+00 1.761765288819397098e-04
1.099517961512035624e+00 2.349020385092529374e-04
1.115225924779984723e+00 3.743751238741218224e-04
1.130933888047933822e+00 5.138482092389907345e-04
1.146641851315882699e+00 5.945957849765463920e-04
1.162349814583831575e+00 7.047061155277586225e-04
1.178057777851780452e+00 8.515198895960418134e-04
1.193765741119729551e+00 9.469488427404259201e-04
1.209473704387678650e+00 1.020355729774567299e-03
1.225181667655627527e+00 1.020355729774567299e-03
1.240889630923576403e+00 9.909929749609108340e-04
1.256597594191525280e+00 1.020355729774567516e-03
1.272305557459474379e+00 1.035037107181395856e-03
1.288013520727423478e+00 9.909929749609108340e-04
1.303721483995372354e+00 9.396081540370116413e-04
1.319429447263321231e+00 9.322674653335974709e-04
1.335137410531270330e+00 8.955640218165268358e-04
1.350845373799219207e+00 8.955640218165268358e-04
1.366553337067168306e+00 8.662012670028702626e-04
1.382261300335117182e+00 7.781130025619003264e-04
1.397969263603066059e+00 6.973654268243446690e-04
1.413677226871015158e+00 7.047061155277588394e-04
1.429385190138964035e+00 6.533212946038596466e-04
1.445093153406913133e+00 6.166178510867887947e-04
1.460801116674862010e+00 6.019364736799605623e-04
1.476509079942810887e+00 5.432109640526474161e-04
1.492217043210759986e+00 5.432109640526474161e-04
1.507925006478708863e+00 5.138482092389907345e-04
1.523632969746657961e+00 4.771447657219200452e-04
1.539340933014606838e+00 4.331006335014350229e-04
1.555048896282555715e+00 4.110785673911926744e-04
1.570756859550504814e+00 3.963971899843642794e-04
1.586464822818453690e+00 4.477820109082634179e-04
1.602172786086402789e+00 5.138482092389907345e-04
1.617880749354351666e+00 5.945957849765465004e-04
1.633588712622300543e+00 5.799144075697181596e-04
1.649296675890249642e+00 6.753433607141021578e-04
1.665004639158198518e+00 7.120468042311729013e-04
1.680712602426147617e+00 7.193874929345870717e-04
1.696420565694096494e+00 7.487502477482437533e-04
1.712128528962045371e+00 7.781130025619003264e-04
1.727836492229994469e+00 9.175860879267691301e-04
1.743544455497943568e+00 1.196532258656507171e-03
1.759252418765892445e+00 1.394730853648689338e-03
1.774960382033841322e+00 1.585588759937457334e-03
1.790668345301790199e+00 1.842512864556952431e-03
1.806376308569739297e+00 2.121459035286690255e-03
1.822084271837688396e+00 2.363701762499357227e-03
1.837792235105637273e+00 2.708714131559823018e-03
1.853500198373586150e+00 2.987660302289560626e-03
1.869208161641535026e+00 3.435442313197823935e-03
1.884916124909484125e+00 3.978653277250472110e-03
1.900624088177433224e+00 4.543886307413360845e-03
1.916332051445382101e+00 5.263273800347948242e-03
1.932040014713330978e+00 6.122134378647404659e-03
1.947747977981279854e+00 6.966313579540032302e-03
1.963455941249228953e+00 7.810492780432659946e-03
1.979163904517178052e+00 8.977662284275510218e-03
1.994871867785126929e+00 1.022557936385591615e-02
2.010579831053076028e+00 1.149551850954656784e-02
2.026287794321024904e+00 1.303706313726353885e-02
2.041995757588974225e+00 1.485021324700683439e-02
2.057703720856923102e+00 1.670740748897061451e-02
2.073411684124871979e+00 1.877748170333340752e-02
2.089119647392820855e+00 2.034104839716062083e-02
2.104827610660769732e+00 2.200738473283563382e-02
2.120535573928718609e+00 2.395266723924038485e-02
2.136243537196667930e+00 2.531069464937200225e-02
2.151951500464616807e+00 2.583922423601782078e-02
2.167659463732565683e+00 2.633839106784998524e-02
2.183367427000514560e+00 2.655861172895240818e-02
2.199075390268463881e+00 2.643382002099436620e-02
2.214783353536412758e+00 2.616955522767145867e-02
2.230491316804361634e+00 2.557495944269491325e-02
2.246199280072310511e+00 2.452524095810668797e-02
2.261907243340259388e+00 2.338743420907749004e-02
2.277615206608208265e+00 2.219090195042098743e-02
2.293323169876157586e+00 2.087691867250985114e-02
2.309031133144106462e+00 1.970240847996359082e-02
2.324739096412055339e+00 1.838108451334904275e-02
2.340447059680004216e+00 1.697167228229352204e-02
2.356155022947953537e+00 1.611281170399406909e-02
2.371862986215902414e+00 1.548151247550044914e-02
2.387570949483851290e+00 1.474010291645562118e-02
2.403278912751800167e+00 1.404273748963127608e-02
2.418986876019749044e+00 1.352154859168887106e-02
2.434694839287697921e+00 1.319121760003523318e-02
2.450402802555647241e+00 1.282418316486452596e-02
2.466110765823596118e+00 1.225160944599822284e-02
2.481818729091544995e+00 1.220756531377773825e-02
2.497526692359493872e+00 1.216352118155725366e-02
2.513234655627443193e+00 1.215618049285384014e-02
2.528942618895392069e+00 1.204607016230262694e-02
2.544650582163340946e+00 1.212681773804018259e-02
2.560358545431289823e+00 1.228831288951529217e-02
2.576066508699238700e+00 1.242044528617674767e-02
2.591774471967188020e+00 1.260396250376210128e-02
2.607482435235136897e+00 1.278747972134745663e-02
2.623190398503085774e+00 1.300770038244988130e-02
2.638898361771034651e+00 1.309578864689085048e-02
2.654606325038983972e+00 1.291227142930549687e-02
2.670314288306932848e+00 1.274343558912697204e-02
2.686022251574881725e+00 1.283886454227135474e-02
2.701730214842830602e+00 1.272875421172014326e-02
2.717438178110779479e+00 1.250119286191430507e-02
2.733146141378728355e+00 1.225895013470163809e-02
2.748854104646677676e+00 1.216352118155725193e-02
2.764562067914626553e+00 1.162031021750460635e-02
2.780270031182575430e+00 1.114316545178268419e-02
2.795977994450524307e+00 1.025494211866957196e-02
2.811685957718473627e+00 9.205223634081348416e-03
2.827393920986422504e+00 8.104120328569226761e-03
2.843101884254371381e+00 7.003017023057103371e-03
2.858809847522320258e+00 5.901913717544980849e-03
2.874517810790269134e+00 5.138482092389908863e-03
2.890225774058218011e+00 4.184192560946067146e-03
2.905933737326167332e+00 3.560234021155865049e-03
2.921641700594116209e+00 2.987660302289561060e-03
2.937349663862065086e+00 2.451790026940328139e-03
2.953057627130013962e+00 1.937941817701336862e-03
2.968765590397963283e+00 1.548885316420386699e-03
2.984473553665912160e+00 1.211213636063335295e-03
3.000181516933861037e+00 9.909929749609108340e-04
3.015889480201809913e+00 7.487502477482436448e-04
3.031597443469758790e+00 5.945957849765466088e-04
3.047305406737707667e+00 4.844854544253341614e-04
3.063013370005656988e+00 4.110785673911926202e-04
3.078721333273605865e+00 3.229903029502227923e-04
3.094429296541554741e+00 2.569241046194954215e-04
3.110137259809503618e+00 1.908579062887680506e-04
3.125845223077452495e+00 2.202206611024246237e-04
