-3.946724439183105226e-05 0.000000000000000000e+00
1.566849602355713592e-02 0.000000000000000000e+00
3.137645929150609941e-02 0.000000000000000000e+00
4.708442255945507332e-02 0.000000000000000000e+00
6.279238582740404029e-02 0.000000000000000000e+00
7.850034909535300032e-02 0.000000000000000000e+00
9.420831236330196035e-02 0.000000000000000000e+00
1.099162756312509481e-01 0.000000000000000000e+00
1.256242388991999082e-01 0.000000000000000000e+00
1.413322021671488404e-01 0.000000000000000000e+00
1.570401654350978282e-01 0.000000000000000000e+00
1.727481287030468160e-01 0.000000000000000000e+00
1.884560919709957483e-01 0.000000000000000000e+00
2.041640552389447361e-01 0.000000000000000000e+00
2.198720185068937238e-01 0.000000000000000000e+00
2.355799817748426561e-01 0.000000000000000000e+00
2.512879450427916717e-01 0.000000000000000000e+00
2.669959083107406039e-01 0.000000000000000000e+00
2.827038715786895917e-01 0.000000000000000000e+00
2.984118348466385795e-01 0.000000000000000000e+00
3.141197981145875118e-01 0.000000000000000000e+00
3.298277613825364996e-01 0.000000000000000000e+00
3.455357246504854318e-01 0.000000000000000000e+00
3.612436879184344196e-01 0.000000000000000000e+00
3.769516511863834074e-01 0.000000000000000000e+00
3.926596144543323952e-01 0.000000000000000000e+00
4.083675777222813275e-01 0.000000000000000000e+00
4.240755409902303152e-01 0.000000000000000000e+00
4.397835042581792475e-01 0.000000000000000000e+00
4.554914675261282353e-01 0.000000000000000000e+00
4.711994307940772231e-01 0.000000000000000000e+00
4.869073940620261554e-01 0.000000000000000000e+00
5.026153573299750876e-01 0.000000000000000000e+00
5.183233205979241864e-01 0.000000000000000000e+00
5.340312838658730632e-01 0.000000000000000000e+00
5.497392471338219400e-01 0.000000000000000000e+00
5.654472104017710388e-01 0.000000000000000000e+00
5.811551736697199155e-01 0.000000000000000000e+00
5.968631369376690143e-01 0.000000000000000000e+00
6.125711002056178911e-01 0.000000000000000000e+00
6.282790634735667679e-01 0.000000000000000000e+00
6.439870267415158667e-01 0.000000000000000000e+00
6.596949900094647434e-01 0.000000000000000000e+00
6.754029532774138422e-01 0.000000000000000000e+00
6.911109165453627190e-01 0.000000000000000000e+00
7.068188798133117068e-01 0.000000000000000000e+00
7.225268430812606946e-01 0.000000000000000000e+00
7.382348063492095713e-01 0.000000000000000000e+00
7.539427696171586701e-01 0.000000000000000000e+00
7.696507328851075469e-01 0.000000000000000000e+00
7.853586961530565347e-01 0.000000000000000000e+00
8.010666594210055225e-01 0.000000000000000000e+00
8.167746226889543992e-01 0.000000000000000000e+00
8.324825859569034980e-01 0.000000000000000000e+00
8.481905492248523748e-01 0.000000000000000000e+00
8.638985124928014736e-01 0.000000000000000000e+00
8.796064757607503504e-01 0.000000000000000000e+00
8.953144390286992271e-01 0.000000000000000000e+00
9.110224022966483259e-01 0.000000000000000000e+00
9.267303655645972027e-01 0.000000000000000000e+00
9.424383288325463015e-01 0.000000000000000000e+00
9.581462921004951783e-01 0.000000000000000000e+00
9.738542553684440550e-01 2.202206611024246373e-05
9.895622186363931538e-01 2.936275481365661718e-05
1.005270181904341920e+00 3.670344351707077062e-05
1.020978145172290796e+00 6.606619833072738441e-05
1.036686108440239895e+00 8.074757573755568453e-05
1.052394071708188994e+00 1.174510192546264552e-04
1.068102034976137871e+00 1.908579062887679964e-04
1.083809998244086747e+00 2.569241046194954215e-04
1.099517961512035624e+00 2.862868594331519946e-04
1.115225924779984723e+00 3.376716803570510789e-04
1.130933888047933822e+00 4.331006335014350771e-04
1.146641851315882699e+00 5.285295866458190753e-04
1.162349814583831575e+00 6.680026720106879874e-04
1.178057777851780452e+00 7.414095590448295829e-04
1.193765741119729551e+00 7.927943799687286672e-04
1.209473704387678650e+00 9.322674653335974709e-04
1.225181667655627527e+00 1.093762616808709003e-03
1.240889630923576403e+00 1.101103305512122956e-03
1.256597594191525280e+00 1.225895013470163636e-03
1.272305557459474379e+00 1.211213636063335295e-03
1.288013520727423478e+00 1.277279834394062829e-03
1.303721483995372354e+00 1.321323966614547634e-03
1.319429447263321231e+00 1.284620523097476999e-03
1.335137410531270330e+00 1.211213636063335295e-03
1.350845373799219207e+00 1.181850881249678830e-03
1.366553337067168306e+00 1.071740550698466491e-03
1.382261300335117182e+00 1.005674352367739175e-03
1.397969263603066059e+00 9.102453992233549597e-04
1.413677226871015158e+00 8.001350686721426207e-04
1.429385190138964035e+00 7.120468042311729013e-04
1.445093153406913133e+00 6.680026720106880958e-04
1.460801116674862010e+00 6.312992284936172439e-04
1.476509079942810887e+00 5.432109640526474161e-04
1.492217043210759986e+00 4.918261431287483318e-04
1.507925006478708863e+00 4.184192560946067363e-04
1.523632969746657961e+00 3.890565012809501632e-04
1.539340933014606838e+00 3.817158125775359928e-04
1.555048896282555715e+00 3.376716803570510789e-04
1.570756859550504814e+00 3.156496142468085677e-04
1.586464822818453690e+00 3.743751238741218766e-04
1.602172786086402789e+00 3.890565012809501632e-04
1.617880749354351666e+00 4.331006335014350771e-04
1.633588712622300543e+00 5.285295866458190753e-04
1.649296675890249642e+00 5.945957849765465004e-04
1.665004639158198518e+00 6.312992284936172439e-04
1.680712602426147617e+00 7.781130025619003264e-04
1.696420565694096494e+00 8.294978234857994107e-04
1.712128528962045371e+00 9.322674653335975793e-04
1.727836492229994469e+00 1.093762616808709003e-03
1.743544455497943568e+00 1.093762616808709003e-03
1.759252418765892445e+00 1.262598456987234488e-03
1.774960382033841322e+00 1.372708787538446610e-03
1.790668345301790199e+00 1.658995646971598605e-03
1.806376308569739297e+00 1.981985949921821234e-03
1.822084271837688396e+00 2.312316941575458251e-03
1.837792235105637273e+00 2.679351376746165903e-03
1.853500198373586150e+00 3.112452010247601306e-03
1.869208161641535026e+00 3.574915398562692956e-03
1.884916124909484125e+00 4.331006335014351422e-03
1.900624088177433224e+00 4.808151100736270979e-03
1.916332051445382101e+00 5.439450329229888331e-03
1.932040014713330978e+00 6.173519199571303635e-03
1.947747977981279854e+00 7.164512174532214686e-03
1.963455941249228953e+00 8.339022367078480213e-03
1.979163904517178052e+00 9.542895314438399820e-03
1.994871867785126929e+00 1.064399861995052321e-02
2.010579831053076028e+00 1.233969771043919375e-02
2.026287794321024904e+00 1.404273748963127608e-02
2.041995757588974225e+00 1.565034831567897744e-02
2.057703720856923102e+00 1.735338809487105977e-02
2.073411684124871979e+00 1.910047200628362668e-02
2.089119647392820855e+00 2.056126905826304724e-02
2.104827610660769732e+00 2.211749506338684876e-02
2.120535573928718609e+00 2.357095142666285059e-02
2.136243537196667930e+00 2.423161340997012289e-02
2.151951500464616807e+00 2.498770434642177962e-02
2.167659463732565683e+00 2.536942015899931388e-02
2.183367427000514560e+00 2.557495944269490978e-02
2.199075390268463881e+00 2.548687117825394408e-02
2.214783353536412758e+00 2.525196913974469409e-02
2.230491316804361634e+00 2.431236098570767681e-02
2.246199280072310511e+00 2.380585346517210057e-02
2.261907243340259388e+00 2.263134327262583678e-02
2.277615206608208265e+00 2.153023996711371513e-02
2.293323169876157586e+00 2.023827875531282461e-02
2.309031133144106462e+00 1.896099892091876113e-02
2.324739096412055339e+00 1.759563082208372847e-02
2.340447059680004216e+00 1.636239511991015305e-02
2.356155022947953537e+00 1.538608352235606644e-02
2.371862986215902414e+00 1.475478429386245169e-02
2.387570949483851290e+00 1.399869335741079322e-02
2.403278912751800167e+00 1.311781071300109278e-02
2.418986876019749044e+00 1.293429349541573917e-02
2.434694839287697921e+00 1.290493074060208509e-02
2.450402802555647241e+00 1.279482041005087188e-02
2.466110765823596118e+00 1.244980804099040522e-02
2.481818729091544995e+00 1.253055561672796088e-02
2.497526692359493872e+00 1.262598456987234531e-02
2.513234655627443193e+00 1.278013903264404311e-02
2.528942618895392069e+00 1.244246735228699170e-02
2.544650582163340946e+00 1.225895013470163809e-02
2.560358545431289823e+00 1.242044528617674941e-02
2.576066508699238700e+00 1.261864388116893006e-02
2.591774471967188020e+00 1.277279834394062785e-02
2.607482435235136897e+00 1.289759005189866636e-02
2.623190398503085774e+00 1.324260242095913476e-02
2.638898361771034651e+00 1.377847269630836681e-02
2.654606325038983972e+00 1.367570305446056886e-02
2.670314288306932848e+00 1.355091134650252688e-02
2.686022251574881725e+00 1.347750445946838821e-02
2.701730214842830602e+00 1.313983277911133681e-02
2.717438178110779479e+00 1.297833762763622376e-02
2.733146141378728355e+00 1.255991837154161669e-02
2.748854104646677676e+00 1.184053087860702930e-02
2.764562067914626553e+00 1.162031021750460635e-02
2.780270031182575430e+00 1.106241787604513027e-02
2.795977994450524307e+00 1.024760142996616018e-02
2.811685957718473627e+00 9.440125672590601869e-03
2.827393920986422504e+00 8.177527215603367164e-03
2.843101884254371381e+00 7.120468042311729230e-03
2.858809847522320258e+00 6.415761926783970608e-03
2.874517810790269134e+00 5.321999309975262472e-03
2.890225774058218011e+00 4.389731844641664785e-03
2.905933737326167332e+00 3.699707106520734069e-03
2.921641700594116209e+00 3.009682368399803788e-03
2.937349663862065086e+00 2.488493470457398774e-03
2.953057627130013962e+00 2.077414903066205666e-03
2.968765590397963283e+00 1.585588759937457334e-03
2.984473553665912160e+00 1.247917079580406364e-03
3.000181516933861037e+00 9.322674653335975793e-04
3.015889480201809913e+00 7.267281816380012421e-04
3.031597443469758790e+00 6.019364736799606708e-04
3.047305406737707667e+00 4.991668318321625022e-04
3.063013370005656988e+00 3.890565012809502174e-04
3.078721333273605865e+00 2.495834159160811969e-04
3.094429296541554741e+00 2.275613498058387399e-04
3.110137259809503618e+00 1.835172175853538531e-04
3.125845223077452495e+00 1.908579062887679964e-04
