-3.946724439183105226e-05 0.000000000000000000e+00
1.566849602355713592e-02 0.000000000000000000e+00
3.137645929150609941e-02 0.000000000000000000e+00
4.708442255945507332e-02 0.000000000000000000e+00
6.279238582740404029e-02 0.000000000000000000e+00
7.850034909535300032e-02 0.000000000000000000e+00
9.420831236330196035e-02 0.000000000000000000e+00
1.099162756312509481e-01 0.000000000000000000e+00
1.256242388991999082e-01 0.000000000000000000e+00
1.413322021671488404e-01 0.000000000000000000e+00
1.570401654350978282e-01 0.000000000000000000e+00
1.727481287030468160e-01 0.000000000000000000e+00
1.884560919709957483e-01 0.000000000000000000e+00
2.041640552389447361e-01 0.000000000000000000e+00
2.198720185068937238e-01 0.000000000000000000e+00
2.355799817748426561e-01 0.000000000000000000e+00
2.512879450427916717e-01 0.000000000000000000e+00
2.669959083107406039e-01 0.000000000000000000e+00
2.827038715786895917e-01 0.000000000000000000e+00
2.984118348466385795e-01 0.000000000000000000e+00
3.141197981145875118e-01 0.000000000000000000e+00
3.298277613825364996e-01 0.000000000000000000e+00
3.455357246504854318e-01 0.000000000000000000e+00
3.612436879184344196e-01 0.000000000000000000e+00
3.769516511863834074e-01 0.000000000000000000e+00
3.926596144543323952e-01 0.000000000000000000e+00
4.083675777222813275e-01 0.000000000000000000e+00
4.240755409902303152e-01 0.000000000000000000e+00
4.397835042581792475e-01 0.000000000000000000e+00
4.554914675261282353e-01 0.000000000000000000e+00
4.711994307940772231e-01 0.000000000000000000e+00
4.869073940620261554e-01 0.000000000000000000e+00
5.026153573299750876e-01 0.000000000000000000e+00
5.183233205979241864e-01 0.000000000000000000e+00
5.340312838658730632e-01 0.000000000000000000e+00
5.497392471338219400e-01 0.000000000000000000e+00
5.654472104017710388e-01 0.000000000000000000e+00
5.811551736697199155e-01 0.000000000000000000e+00
5.968631369376690143e-01 0.000000000000000000e+00
6.125711002056178911e-01 0.000000000000000000e+00
6.282790634735667679e-01 0.000000000000000000e+00
6.439870267415158667e-01 0.000000000000000000e+00
6.596949900094647434e-01 0.000000000000000000e+00
6.754029532774138422e-01 0.000000000000000000e+00
6.911109165453627190e-01 0.000000000000000000e+00
7.068188798133117068e-01 0.000000000000000000e+00
7.225268430812606946e-01 0.000000000000000000e+00
7.382348063492095713e-01 0.000000000000000000e+00
7.539427696171586701e-01 0.000000000000000000e+00
7.696507328851075469e-01 0.000000000000000000e+00
7.853586961530565347e-01 0.000000000000000000e+00
8.010666594210055225e-01 0.000000000000000000e+00
8.167746226889543992e-01 0.000000000000000000e+00
8.324825859569034980e-01 0.000000000000000000e+00
8.481905492248523748e-01 0.000000000000000000e+00
8.638985124928014736e-01 0.000000000000000000e+00
8.796064757607503504e-01 0.000000000000000000e+00
8.953144390286992271e-01 0.000000000000000000e+00
9.110224022966483259e-01 0.000000000000000000e+00
9.267303655645972027e-01 0.000000000000000000e+00
9.424383288325463015e-01 0.000000000000000000e+00
9.581462921004951783e-01 0.000000000000000000e+00
9.738542553684440550e-01 1.468137740682830689e-05
9.895622186363931538e-01 2.202206611024246034e-05
1.005270181904341920e+00 2.936275481365661379e-05
1.020978145172290796e+00 3.670344351707077062e-05
1.036686108440239895e+00 3.670344351707077062e-05
1.052394071708188994e+00 5.872550962731323435e-05
1.068102034976137871e+00 1.101103305512123119e-04
1.083809998244086747e+00 1.321323966614547688e-04
1.099517961512035624e+00 1.761765288819397098e-04
1.115225924779984723e+00 2.422427272126670807e-04
1.130933888047933822e+00 3.670344351707076520e-04
1.146641851315882699e+00 4.698040770185058206e-04
1.162349814583831575e+00 6.312992284936172439e-04
1.178057777851780452e+00 7.120468042311729013e-04
1.193765741119729551e+00 8.441792008926276430e-04
1.209473704387678650e+00 1.035037107181395639e-03
1.225181667655627527e+00 1.159828815139436319e-03
1.240889630923576403e+00 1.240576390876992193e-03
1.256597594191525280e+00 1.306642589207719510e-03
1.272305557459474379e+00 1.343346032724790145e-03
1.288013520727423478e+00 1.350686721428204316e-03
1.303721483995372354e+00 1.313983277911133897e-03
1.319429447263321231e+00 1.225895013470163636e-03
1.335137410531270330e+00 1.196532258656506954e-03
1.350845373799219207e+00 1.071740550698466491e-03
1.366553337067168306e+00 9.689709088506684312e-04
1.382261300335117182e+00 8.588605782994560922e-04
1.397969263603066059e+00 7.854536912653146052e-04
1.413677226871015158e+00 7.414095590448295829e-04
1.429385190138964035e+00 6.459806059004455847e-04
1.445093153406913133e+00 5.432109640526474161e-04
1.460801116674862010e+00 5.211888979424049049e-04
1.476509079942810887e+00 5.285295866458191837e-04
1.492217043210759986e+00 4.991668318321625022e-04
1.507925006478708863e+00 4.991668318321625022e-04
1.523632969746657961e+00 4.624633883150917044e-04
1.539340933014606838e+00 4.624633883150917587e-04
1.555048896282555715e+00 4.477820109082634179e-04
1.570756859550504814e+00 4.624633883150917044e-04
1.586464822818453690e+00 4.918261431287483318e-04
1.602172786086402789e+00 4.771447657219200452e-04
1.617880749354351666e+00 5.138482092389907345e-04
1.633588712622300543e+00 5.432109640526473077e-04
1.649296675890249642e+00 5.578923414594757569e-04
1.665004639158198518e+00 5.872550962731323300e-04
1.680712602426147617e+00 6.533212946038596466e-04
1.696420565694096494e+00 6.900247381209304986e-04
1.712128528962045371e+00 8.148164460789711783e-04
1.727836492229994469e+00 9.763115975540824932e-04
1.743544455497943568e+00 1.211213636063335512e-03
1.759252418765892445e+00 1.402071542352103508e-03
1.774960382033841322e+00 1.622292203454527969e-03
1.790668345301790199e+00 1.842512864556952647e-03
1.806376308569739297e+00 2.238910054541316981e-03
1.822084271837688396e+00 2.620625867118852974e-03
1.837792235105637273e+00 2.936275481365661650e-03
1.853500198373586150e+00 3.472145756714895004e-03
1.869208161641535026e+00 3.971312588547057723e-03
1.884916124909484125e+00 4.441116665565563761e-03
1.900624088177433224e+00 5.182526224610392585e-03
1.916332051445382101e+00 5.879891651434737687e-03
1.932040014713330978e+00 6.665345342700051967e-03
1.947747977981279854e+00 7.700382449881447607e-03
1.963455941249228953e+00 8.742760245766256766e-03
1.979163904517178052e+00 1.006408421238080483e-02
1.994871867785126929e+00 1.155424401917387947e-02
2.010579831053076028e+00 1.300770038244988130e-02
2.026287794321024904e+00 1.446849743442929666e-02
2.041995757588974225e+00 1.605408619436675399e-02
2.057703720856923102e+00 1.766903770911786714e-02
2.073411684124871979e+00 1.906376856276655735e-02
2.089119647392820855e+00 2.059797250178011657e-02
2.104827610660769732e+00 2.220558332782781794e-02
2.120535573928718609e+00 2.340211558648432749e-02
2.136243537196667930e+00 2.424629478737694646e-02
2.151951500464616807e+00 2.488493470457397994e-02
2.167659463732565683e+00 2.514919949789689094e-02
2.183367427000514560e+00 2.553091531047442519e-02
2.199075390268463881e+00 2.531069464937200225e-02
2.214783353536412758e+00 2.449587820329303042e-02
2.230491316804361634e+00 2.399671137146086944e-02
2.246199280072310511e+00 2.343147834129798157e-02
2.261907243340259388e+00 2.241112261152341037e-02
2.277615206608208265e+00 2.133204137212153448e-02
2.293323169876157586e+00 1.998135465069332886e-02
2.309031133144106462e+00 1.845449140038318142e-02
2.324739096412055339e+00 1.752956462375299812e-02
2.340447059680004216e+00 1.629632892157942270e-02
2.356155022947953537e+00 1.521724768217754160e-02
2.371862986215902414e+00 1.432902434906442764e-02
2.387570949483851290e+00 1.374176925279129574e-02
2.403278912751800167e+00 1.332334999669669041e-02
2.418986876019749044e+00 1.308844795818743870e-02
2.434694839287697921e+00 1.260396250376210475e-02
2.450402802555647241e+00 1.236171977654943605e-02
2.466110765823596118e+00 1.200936671878555587e-02
2.481818729091544995e+00 1.193595983175141546e-02
2.497526692359493872e+00 1.195064120915824424e-02
2.513234655627443193e+00 1.185521225601385981e-02
2.528942618895392069e+00 1.199468534137872883e-02
2.544650582163340946e+00 1.225895013470163809e-02
2.560358545431289823e+00 1.234703839914260727e-02
2.576066508699238700e+00 1.264066594727917235e-02
2.591774471967188020e+00 1.289024936319525458e-02
2.607482435235136897e+00 1.300035969374646605e-02
2.623190398503085774e+00 1.303706313726353885e-02
2.638898361771034651e+00 1.330866861928986164e-02
2.654606325038983972e+00 1.342611963854448837e-02
2.670314288306932848e+00 1.339675688373083255e-02
2.686022251574881725e+00 1.336739412891717500e-02
2.701730214842830602e+00 1.330132793058644812e-02
2.717438178110779479e+00 1.314717346781475033e-02
2.733146141378728355e+00 1.274343558912697377e-02
2.748854104646677676e+00 1.189925638823434439e-02
2.764562067914626553e+00 1.117252820659634348e-02
2.780270031182575430e+00 1.045314071366175608e-02
2.795977994450524307e+00 9.660346333693024812e-03
2.811685957718473627e+00 8.808826444096985384e-03
2.827393920986422504e+00 7.656338317660963018e-03
2.843101884254371381e+00 6.914928758616132459e-03
2.858809847522320258e+00 6.283629530122515974e-03
2.874517810790269134e+00 5.439450329229888331e-03
2.890225774058218011e+00 4.668678015371401958e-03
2.905933737326167332e+00 4.015356720767542312e-03
2.921641700594116209e+00 3.347354048756854758e-03
2.937349663862065086e+00 2.884890660441763108e-03
2.953057627130013962e+00 2.437108649533499365e-03
2.968765590397963283e+00 1.996667327328649575e-03
2.984473553665912160e+00 1.636973580861356310e-03
3.000181516933861037e+00 1.343346032724790145e-03
3.015889480201809913e+00 1.057059173291638151e-03
3.031597443469758790e+00 8.294978234857994107e-04
3.047305406737707667e+00 6.973654268243446690e-04
3.063013370005656988e+00 4.918261431287483318e-04
3.078721333273605865e+00 3.596937464672935901e-04
3.094429296541554741e+00 3.083089255433944516e-04
3.110137259809503618e+00 3.009682368399803354e-04
3.125845223077452495e+00 2.642647933229095919e-04
