-3.946724439183105226e-05 0.000000000000000000e+00
1.566849602355713592e-02 0.000000000000000000e+00
3.137645929150609941e-02 0.000000000000000000e+00
4.708442255945507332e-02 0.000000000000000000e+00
6.279238582740404029e-02 0.000000000000000000e+00
7.850034909535300032e-02 0.000000000000000000e+00
9.420831236330196035e-02 0.000000000000000000e+00
1.099162756312509481e-01 0.000000000000000000e+00
1.256242388991999082e-01 0.000000000000000000e+00
1.413322021671488404e-01 0.000000000000000000e+00
1.570401654350978282e-01 0.000000000000000000e+00
1.727481287030468160e-01 0.000000000000000000e+00
1.884560919709957483e-01 0.000000000000000000e+00
2.041640552389447361e-01 0.000000000000000000e+00
2.198720185068937238e-01 0.000000000000000000e+00
2.355799817748426561e-01 0.000000000000000000e+00
2.512879450427916717e-01 0.000000000000000000e+00
2.669959083107406039e-01 0.000000000000000000e+00
2.827038715786895917e-01 0.000000000000000000e+00
2.984118348466385795e-01 0.000000000000000000e+00
3.141197981145875118e-01 0.000000000000000000e+00
3.298277613825364996e-01 0.000000000000000000e+00
3.455357246504854318e-01 0.000000000000000000e+00
3.612436879184344196e-01 0.000000000000000000e+00
3.769516511863834074e-01 0.000000000000000000e+00
3.926596144543323952e-01 0.000000000000000000e+00
4.083675777222813275e-01 0.000000000000000000e+00
4.240755409902303152e-01 0.000000000000000000e+00
4.397835042581792475e-01 0.000000000000000000e+00
4.554914675261282353e-01 0.000000000000000000e+00
4.711994307940772231e-01 0.000000000000000000e+00
4.869073940620261554e-01 0.000000000000000000e+00
5.026153573299750876e-01 0.000000000000000000e+00
5.183233205979241864e-01 0.000000000000000000e+00
5.340312838658730632e-01 0.000000000000000000e+00
5.497392471338219400e-01 0.000000000000000000e+00
5.654472104017710388e-01 0.000000000000000000e+00
5.811551736697199155e-01 0.000000000000000000e+00
5.968631369376690143e-01 0.000000000000000000e+00
6.125711002056178911e-01 0.000000000000000000e+00
6.282790634735667679e-01 0.000000000000000000e+00
6.439870267415158667e-01 0.000000000000000000e+00
6.596949900094647434e-01 0.000000000000000000e+00
6.754029532774138422e-01 0.000000000000000000e+00
6.911109165453627190e-01 0.000000000000000000e+00
7.068188798133117068e-01 0.000000000000000000e+00
7.225268430812606946e-01 0.000000000000000000e+00
7.382348063492095713e-01 0.000000000000000000e+00
7.539427696171586701e-01 0.000000000000000000e+00
7.696507328851075469e-01 0.000000000000000000e+00
7.853586961530565347e-01 0.000000000000000000e+00
8.010666594210055225e-01 0.000000000000000000e+00
8.167746226889543992e-01 0.000000000000000000e+00
8.324825859569034980e-01 0.000000000000000000e+00
8.481905492248523748e-01 0.000000000000000000e+00
8.638985124928014736e-01 0.000000000000000000e+00
8.796064757607503504e-01 0.000000000000000000e+00
8.953144390286992271e-01 0.000000000000000000e+00
9.110224022966483259e-01 7.340688703414153447e-06
9.267303655645972027e-01 1.468137740682830689e-05
9.424383288325463015e-01 2.202206611024246034e-05
9.581462921004951783e-01 2.936275481365661379e-05
9.738542553684440550e-01 2.936275481365661379e-05
9.895622186363931538e-01 3.670344351707077062e-05
1.005270181904341920e+00 4.404413222048492746e-05
1.020978145172290796e+00 5.138482092389907752e-05
1.036686108440239895e+00 6.606619833072739797e-05
1.052394071708188994e+00 8.808826444096985492e-05
1.068102034976137871e+00 9.542895314438399820e-05
1.083809998244086747e+00 1.908579062887679964e-04
1.099517961512035624e+00 2.642647933229095919e-04
1.115225924779984723e+00 4.110785673911926744e-04
1.130933888047933822e+00 5.065075205355766726e-04
1.146641851315882699e+00 5.945957849765463920e-04
1.162349814583831575e+00 6.826840494175163282e-04
1.178057777851780452e+00 7.927943799687285588e-04
1.193765741119729551e+00 8.441792008926276430e-04
1.209473704387678650e+00 9.542895314438399820e-04
1.225181667655627527e+00 9.909929749609108340e-04
1.240889630923576403e+00 1.057059173291638151e-03
1.256597594191525280e+00 1.115784682918951297e-03
1.272305557459474379e+00 1.225895013470163853e-03
1.288013520727423478e+00 1.269939145690648658e-03
1.303721483995372354e+00 1.313983277911133681e-03
1.319429447263321231e+00 1.218554324766749682e-03
1.335137410531270330e+00 1.130466060325779638e-03
1.350845373799219207e+00 1.064399861995052321e-03
1.366553337067168306e+00 1.020355729774567516e-03
1.382261300335117182e+00 9.029047105199410062e-04
1.397969263603066059e+00 8.074757573755570079e-04
1.413677226871015158e+00 6.533212946038597551e-04
1.429385190138964035e+00 6.386399171970313059e-04
1.445093153406913133e+00 5.725737188663038808e-04
1.460801116674862010e+00 4.771447657219200452e-04
1.476509079942810887e+00 4.184192560946067363e-04
1.492217043210759986e+00 3.523530577638794197e-04
1.507925006478708863e+00 3.083089255433945058e-04
1.523632969746657961e+00 3.303309916536369085e-04
1.539340933014606838e+00 2.862868594331519946e-04
1.555048896282555715e+00 3.156496142468086219e-04
1.570756859550504814e+00 3.450123690604652493e-04
1.586464822818453690e+00 3.817158125775359928e-04
1.602172786086402789e+00 4.037378786877784498e-04
1.617880749354351666e+00 4.698040770185058748e-04
1.633588712622300543e+00 4.844854544253341614e-04
1.649296675890249642e+00 5.725737188663039892e-04
1.665004639158198518e+00 6.019364736799605623e-04
1.680712602426147617e+00 6.973654268243445606e-04
1.696420565694096494e+00 7.707723138584861560e-04
1.712128528962045371e+00 8.955640218165268358e-04
1.727836492229994469e+00 1.005674352367739175e-03
1.743544455497943568e+00 1.189191569953092784e-03
1.759252418765892445e+00 1.446115674572588314e-03
1.774960382033841322e+00 1.658995646971598821e-03
1.790668345301790199e+00 1.820490798446710136e-03
1.806376308569739297e+00 2.165503167507175277e-03
1.822084271837688396e+00 2.437108649533498931e-03
1.837792235105637273e+00 2.811483773407621404e-03
1.853500198373586150e+00 3.464805068011480617e-03
1.869208161641535026e+00 3.934609145029986654e-03
1.884916124909484125e+00 4.507182863896290644e-03
1.900624088177433224e+00 5.299977243865019311e-03
1.916332051445382101e+00 5.975320604579121252e-03
1.932040014713330978e+00 6.848862560285405576e-03
1.947747977981279854e+00 7.773789336915588877e-03
1.963455941249228953e+00 8.485836141146761019e-03
1.979163904517178052e+00 9.513532559624744006e-03
1.994871867785126929e+00 1.056325104421296755e-02
2.010579831053076028e+00 1.180382743508995996e-02
2.026287794321024904e+00 1.352888928039228458e-02
2.041995757588974225e+00 1.498968633237170167e-02
2.057703720856923102e+00 1.656793440360574549e-02
2.073411684124871979e+00 1.836640313594221224e-02
2.089119647392820855e+00 1.975379330088748719e-02
2.104827610660769732e+00 2.153023996711371513e-02
2.120535573928718609e+00 2.319657630278872812e-02
2.136243537196667930e+00 2.431970167441109207e-02
2.151951500464616807e+00 2.527399120585493292e-02
2.167659463732565683e+00 2.579518010379733620e-02
2.183367427000514560e+00 2.612551109545097408e-02
2.199075390268463881e+00 2.633839106784998524e-02
2.214783353536412758e+00 2.576581734898368559e-02
2.230491316804361634e+00 2.487759401587057162e-02
2.246199280072310511e+00 2.373978726684137369e-02
2.261907243340259388e+00 2.234505641319268349e-02
2.277615206608208265e+00 2.122927173027373132e-02
2.293323169876157586e+00 1.948218781886116441e-02
2.309031133144106462e+00 1.804341283299198961e-02
2.324739096412055339e+00 1.713316743376863682e-02
2.340447059680004216e+00 1.613483377010431138e-02
2.356155022947953537e+00 1.503373046459218799e-02
2.371862986215902414e+00 1.442445330220881380e-02
2.387570949483851290e+00 1.362431823353667075e-02
2.403278912751800167e+00 1.332334999669669041e-02
2.418986876019749044e+00 1.279482041005087015e-02
2.434694839287697921e+00 1.236906046525284783e-02
2.450402802555647241e+00 1.207543291711628448e-02
2.466110765823596118e+00 1.184053087860703103e-02
2.481818729091544995e+00 1.200936671878555413e-02
2.497526692359493872e+00 1.203138878489579816e-02
2.513234655627443193e+00 1.205341085100604046e-02
2.528942618895392069e+00 1.242778597488016466e-02
2.544650582163340946e+00 1.253055561672796261e-02
2.560358545431289823e+00 1.266268801338941638e-02
2.576066508699238700e+00 1.286822729708501228e-02
2.591774471967188020e+00 1.283886454227135647e-02
2.607482435235136897e+00 1.305908520337378115e-02
2.623190398503085774e+00 1.329398724188303460e-02
2.638898361771034651e+00 1.319121760003523665e-02
2.654606325038983972e+00 1.320589897744206369e-02
2.670314288306932848e+00 1.291227142930549861e-02
2.686022251574881725e+00 1.315451415651816558e-02
2.701730214842830602e+00 1.311781071300109278e-02
2.717438178110779479e+00 1.320589897744206195e-02
2.733146141378728355e+00 1.286088660838159703e-02
2.748854104646677676e+00 1.265534732468600113e-02
2.764562067914626553e+00 1.203872947359921342e-02
2.780270031182575430e+00 1.163499159491143686e-02
2.795977994450524307e+00 1.079815308272221927e-02
2.811685957718473627e+00 9.821841485168136127e-03
2.827393920986422504e+00 8.441792008926276430e-03
2.843101884254371381e+00 7.538887298406336292e-03
2.858809847522320258e+00 6.489168813818113613e-03
2.874517810790269134e+00 5.630308235518657195e-03
2.890225774058218011e+00 4.793469723329443072e-03
2.905933737326167332e+00 3.868542946699258904e-03
2.921641700594116209e+00 3.237243718205641552e-03
2.937349663862065086e+00 2.789461707297378242e-03
2.953057627130013962e+00 2.282954186761802003e-03
2.968765590397963283e+00 1.908579062887680181e-03
2.984473553665912160e+00 1.570907382530628994e-03
3.000181516933861037e+00 1.218554324766749465e-03
3.015889480201809913e+00 1.005674352367739392e-03
3.031597443469758790e+00 8.074757573755570079e-04
3.047305406737707667e+00 6.900247381209304986e-04
3.063013370005656988e+00 5.285295866458190753e-04
3.078721333273605865e+00 3.890565012809501090e-04
3.094429296541554741e+00 3.303309916536369085e-04
3.110137259809503618e+00 3.376716803570511331e-04
3.125845223077452495e+00 3.376716803570511331e-04
