-3.946724439183105226e-05 0.000000000000000000e+00
1.566849602355713592e-02 0.000000000000000000e+00
3.137645929150609941e-02 0.000000000000000000e+00
4.708442255945507332e-02 0.000000000000000000e+00
6.279238582740404029e-02 0.000000000000000000e+00
7.850034909535300032e-02 0.000000000000000000e+00
9.420831236330196035e-02 0.000000000000000000e+00
1.099162756312509481e-01 0.000000000000000000e+00
1.256242388991999082e-01 0.000000000000000000e+00
1.413322021671488404e-01 0.000000000000000000e+00
1.570401654350978282e-01 0.000000000000000000e+00
1.727481287030468160e-01 0.000000000000000000e+00
1.884560919709957483e-01 0.000000000000000000e+00
2.041640552389447361e-01 0.000000000000000000e+00
2.198720185068937238e-01 0.000000000000000000e+00
2.355799817748426561e-01 0.000000000000000000e+00
2.512879450427916717e-01 0.000000000000000000e+00
2.669959083107406039e-01 0.000000000000000000e+00
2.827038715786895917e-01 0.000000000000000000e+00
2.984118348466385795e-01 0.000000000000000000e+00
3.141197981145875118e-01 0.000000000000000000e+00
3.298277613825364996e-01 0.000000000000000000e+00
3.455357246504854318e-01 0.000000000000000000e+00
3.612436879184344196e-01 0.000000000000000000e+00
3.769516511863834074e-01 0.000000000000000000e+00
3.926596144543323952e-01 0.000000000000000000e+00
4.083675777222813275e-01 0.000000000000000000e+00
4.240755409902303152e-01 0.000000000000000000e+00
4.397835042581792475e-01 0.000000000000000000e+00
4.554914675261282353e-01 0.000000000000000000e+00
4.711994307940772231e-01 0.000000000000000000e+00
4.869073940620261554e-01 0.000000000000000000e+00
5.026153573299750876e-01 0.000000000000000000e+00
5.183233205979241864e-01 0.000000000000000000e+00
5.340312838658730632e-01 0.000000000000000000e+00
5.497392471338219400e-01 0.000000000000000000e+00
5.654472104017710388e-01 0.000000000000000000e+00
5.811551736697199155e-01 0.000000000000000000e+00
5.968631369376690143e-01 0.000000000000000000e+00
6.125711002056178911e-01 0.000000000000000000e+00
6.282790634735667679e-01 0.000000000000000000e+00
6.439870267415158667e-01 0.000000000000000000e+00
6.596949900094647434e-01 0.000000000000000000e+00
6.754029532774138422e-01 0.000000000000000000e+00
6.911109165453627190e-01 0.000000000000000000e+00
7.068188798133117068e-01 0.000000000000000000e+00
7.225268430812606946e-01 0.000000000000000000e+00
7.382348063492095713e-01 0.000000000000000000e+00
7.539427696171586701e-01 0.000000000000000000e+00
7.696507328851075469e-01 0.000000000000000000e+00
7.853586961530565347e-01 0.000000000000000000e+00
8.010666594210055225e-01 0.000000000000000000e+00
8.167746226889543992e-01 0.000000000000000000e+00
8.324825859569034980e-01 7.340688703414153447e-06
8.481905492248523748e-01 7.340688703414153447e-06
8.638985124928014736e-01 7.340688703414153447e-06
8.796064757607503504e-01 7.340688703414153447e-06
8.953144390286992271e-01 7.340688703414153447e-06
9.110224022966483259e-01 7.340688703414153447e-06
9.267303655645972027e-01 7.340688703414155141e-06
9.424383288325463015e-01 7.340688703414153447e-06
9.581462921004951783e-01 7.340688703414153447e-06
9.738542553684440550e-01 1.468137740682830689e-05
9.895622186363931538e-01 2.202206611024246034e-05
1.005270181904341920e+00 2.936275481365661379e-05
1.020978145172290796e+00 4.404413222048492068e-05
1.036686108440239895e+00 7.340688703414154125e-05
1.052394071708188994e+00 8.808826444096985492e-05
1.068102034976137871e+00 1.688358401785255395e-04
1.083809998244086747e+00 2.275613498058387399e-04
1.099517961512035624e+00 2.642647933229095377e-04
1.115225924779984723e+00 3.229903029502227381e-04
1.130933888047933822e+00 3.963971899843643336e-04
1.146641851315882699e+00 5.065075205355765641e-04
1.162349814583831575e+00 6.239585397902030735e-04
1.178057777851780452e+00 6.973654268243446690e-04
1.193765741119729551e+00 8.735419557062843246e-04
1.209473704387678650e+00 9.909929749609108340e-04
1.225181667655627527e+00 1.057059173291638151e-03
1.240889630923576403e+00 1.167169503842850490e-03
1.256597594191525280e+00 1.240576390876992193e-03
1.272305557459474379e+00 1.269939145690648658e-03
1.288013520727423478e+00 1.225895013470163636e-03
1.303721483995372354e+00 1.115784682918951514e-03
1.319429447263321231e+00 1.101103305512123173e-03
1.335137410531270330e+00 1.101103305512123173e-03
1.350845373799219207e+00 9.909929749609108340e-04
1.366553337067168306e+00 8.735419557062843246e-04
1.382261300335117182e+00 7.854536912653143884e-04
1.397969263603066059e+00 7.193874929345870717e-04
1.413677226871015158e+00 6.680026720106879874e-04
1.429385190138964035e+00 5.652330301628899272e-04
1.445093153406913133e+00 4.844854544253342156e-04
1.460801116674862010e+00 4.477820109082634179e-04
1.476509079942810887e+00 4.331006335014351313e-04
1.492217043210759986e+00 4.110785673911926744e-04
1.507925006478708863e+00 4.331006335014351313e-04
1.523632969746657961e+00 4.037378786877784498e-04
1.539340933014606838e+00 4.331006335014350771e-04
1.555048896282555715e+00 4.477820109082634179e-04
1.570756859550504814e+00 4.624633883150917044e-04
1.586464822818453690e+00 4.404413222048492475e-04
1.602172786086402789e+00 4.257599447980209067e-04
1.617880749354351666e+00 4.257599447980208525e-04
1.633588712622300543e+00 4.551226996116775883e-04
1.649296675890249642e+00 4.624633883150917587e-04
1.665004639158198518e+00 4.551226996116775883e-04
1.680712602426147617e+00 4.991668318321625022e-04
1.696420565694096494e+00 6.019364736799605623e-04
1.712128528962045371e+00 7.193874929345870717e-04
1.727836492229994469e+00 8.662012670028701542e-04
1.743544455497943568e+00 1.027696418477981686e-03
1.759252418765892445e+00 1.247917079580406364e-03
1.774960382033841322e+00 1.431434297165759973e-03
1.790668345301790199e+00 1.754424600115982603e-03
1.806376308569739297e+00 2.092096280473033573e-03
1.822084271837688396e+00 2.385723828609599955e-03
1.837792235105637273e+00 2.848187216924692039e-03
1.853500198373586150e+00 3.310650605239783689e-03
1.869208161641535026e+00 3.736410550037804704e-03
1.884916124909484125e+00 4.455798042972390800e-03
1.900624088177433224e+00 5.079756582762594633e-03
1.916332051445382101e+00 5.791803386993766775e-03
1.932040014713330978e+00 6.496509502521527132e-03
1.947747977981279854e+00 7.259941127676598251e-03
1.963455941249228953e+00 8.375725810595549548e-03
1.979163904517178052e+00 9.748434598133995724e-03
1.994871867785126929e+00 1.073942757309490591e-02
2.010579831053076028e+00 1.215618049285383841e-02
2.026287794321024904e+00 1.369772512057081115e-02
2.041995757588974225e+00 1.518054423866047054e-02
2.057703720856923102e+00 1.726529983043009059e-02
2.073411684124871979e+00 1.857928310834122340e-02
2.089119647392820855e+00 1.998135465069332886e-02
2.104827610660769732e+00 2.198536266672539152e-02
2.120535573928718609e+00 2.336541214296725122e-02
2.136243537196667930e+00 2.440044925014864946e-02
2.151951500464616807e+00 2.534739809288907506e-02
2.167659463732565683e+00 2.542814566862662898e-02
2.183367427000514560e+00 2.608880765193390475e-02
2.199075390268463881e+00 2.575847666028026686e-02
2.214783353536412758e+00 2.498036365771836784e-02
2.230491316804361634e+00 2.412884376812232667e-02
2.246199280072310511e+00 2.315987285927165532e-02
2.261907243340259388e+00 2.214685781820050284e-02
2.277615206608208265e+00 2.117788690934983495e-02
2.293323169876157586e+00 1.974645261218407541e-02
2.309031133144106462e+00 1.857194241963780815e-02
2.324739096412055339e+00 1.745615773671885598e-02
2.340447059680004216e+00 1.643580200694429172e-02
2.356155022947953537e+00 1.562832624956873515e-02
2.371862986215902414e+00 1.485021324700683265e-02
2.387570949483851290e+00 1.416752919758931632e-02
2.403278912751800167e+00 1.348484514817179999e-02
2.418986876019749044e+00 1.313983277911133681e-02
2.434694839287697921e+00 1.265534732468600113e-02
2.450402802555647241e+00 1.251587423932113384e-02
2.466110765823596118e+00 1.225895013470163809e-02
2.481818729091544995e+00 1.232501633303236324e-02
2.497526692359493872e+00 1.215618049285383841e-02
2.513234655627443193e+00 1.226629082340505161e-02
2.528942618895392069e+00 1.240576390876992063e-02
2.544650582163340946e+00 1.286088660838159703e-02
2.560358545431289823e+00 1.269939145690648571e-02
2.576066508699238700e+00 1.256725906024503195e-02
2.591774471967188020e+00 1.272141352301673148e-02
2.607482435235136897e+00 1.280216109875428367e-02
2.623190398503085774e+00 1.285354591967818524e-02
2.638898361771034651e+00 1.302238175985671008e-02
2.654606325038983972e+00 1.275811696653380081e-02
2.670314288306932848e+00 1.297833762763622549e-02
2.686022251574881725e+00 1.318387691133182139e-02
2.701730214842830602e+00 1.303706313726353712e-02
2.717438178110779479e+00 1.313249209040792155e-02
2.733146141378728355e+00 1.311047002429768099e-02
2.748854104646677676e+00 1.243512666358357818e-02
2.764562067914626553e+00 1.203872947359921342e-02
2.780270031182575430e+00 1.148083713213973560e-02
2.795977994450524307e+00 1.075410895050173642e-02
2.811685957718473627e+00 9.755775286837412713e-03
2.827393920986422504e+00 8.595946471697975960e-03
2.843101884254371381e+00 7.450799033965367114e-03
2.858809847522320258e+00 6.768114984547850786e-03
2.874517810790269134e+00 5.945957849765465437e-03
2.890225774058218011e+00 4.918261431287483318e-03
2.905933737326167332e+00 4.147489117428996945e-03
2.921641700594116209e+00 3.530871266342208367e-03
2.937349663862065086e+00 2.906912726552005402e-03
2.953057627130013962e+00 2.393064517313014342e-03
2.968765590397963283e+00 1.930601128997922692e-03
2.984473553665912160e+00 1.453456363276002484e-03
3.000181516933861037e+00 1.211213636063335295e-03
3.015889480201809913e+00 9.029047105199410062e-04
3.031597443469758790e+00 6.973654268243447774e-04
3.047305406737707667e+00 5.358702753492332457e-04
3.063013370005656988e+00 3.963971899843642794e-04
3.078721333273605865e+00 2.642647933229095919e-04
3.094429296541554741e+00 2.128799723990104534e-04
3.110137259809503618e+00 1.541544627716972529e-04
3.125845223077452495e+00 1.835172175853538802e-04
