-3.946724439183105226e-05 0.000000000000000000e+00
1.566849602355713592e-02 0.000000000000000000e+00
3.137645929150609941e-02 0.000000000000000000e+00
4.708442255945507332e-02 0.000000000000000000e+00
6.279238582740404029e-02 0.000000000000000000e+00
7.850034909535300032e-02 0.000000000000000000e+00
9.420831236330196035e-02 0.000000000000000000e+00
1.099162756312509481e-01 0.000000000000000000e+00
1.256242388991999082e-01 0.000000000000000000e+00
1.413322021671488404e-01 0.000000000000000000e+00
1.570401654350978282e-01 0.000000000000000000e+00
1.727481287030468160e-01 0.000000000000000000e+00
1.884560919709957483e-01 0.000000000000000000e+00
2.041640552389447361e-01 0.000000000000000000e+00
2.198720185068937238e-01 0.000000000000000000e+00
2.355799817748426561e-01 0.000000000000000000e+00
2.512879450427916717e-01 0.000000000000000000e+00
2.669959083107406039e-01 0.000000000000000000e+00
2.827038715786895917e-01 0.000000000000000000e+00
2.984118348466385795e-01 0.000000000000000000e+00
3.141197981145875118e-01 0.000000000000000000e+00
3.298277613825364996e-01 0.000000000000000000e+00
3.455357246504854318e-01 0.000000000000000000e+00
3.612436879184344196e-01 0.000000000000000000e+00
3.769516511863834074e-01 0.000000000000000000e+00
3.926596144543323952e-01 0.000000000000000000e+00
4.083675777222813275e-01 0.000000000000000000e+00
4.240755409902303152e-01 0.000000000000000000e+00
4.397835042581792475e-01 0.000000000000000000e+00
4.554914675261282353e-01 0.000000000000000000e+00
4.711994307940772231e-01 0.000000000000000000e+00
4.869073940620261554e-01 0.000000000000000000e+00
5.026153573299750876e-01 0.000000000000000000e+00
5.183233205979241864e-01 0.000000000000000000e+00
5.340312838658730632e-01 0.000000000000000000e+00
5.497392471338219400e-01 0.000000000000000000e+00
5.654472104017710388e-01 0.000000000000000000e+00
5.811551736697199155e-01 0.000000000000000000e+00
5.968631369376690143e-01 0.000000000000000000e+00
6.125711002056178911e-01 0.000000000000000000e+00
6.282790634735667679e-01 0.000000000000000000e+00
6.439870267415158667e-01 0.000000000000000000e+00
6.596949900094647434e-01 0.000000000000000000e+00
6.754029532774138422e-01 0.000000000000000000e+00
6.911109165453627190e-01 0.000000000000000000e+00
7.068188798133117068e-01 0.000000000000000000e+00
7.225268430812606946e-01 0.000000000000000000e+00
7.382348063492095713e-01 0.000000000000000000e+00
7.539427696171586701e-01 0.000000000000000000e+00
7.696507328851075469e-01 0.000000000000000000e+00
7.853586961530565347e-01 0.000000000000000000e+00
8.010666594210055225e-01 0.000000000000000000e+00
8.167746226889543992e-01 0.000000000000000000e+00
8.324825859569034980e-01 0.000000000000000000e+00
8.481905492248523748e-01 0.000000000000000000e+00
8.638985124928014736e-01 0.000000000000000000e+00
8.796064757607503504e-01 0.000000000000000000e+00
8.953144390286992271e-01 0.000000000000000000e+00
9.110224022966483259e-01 0.000000000000000000e+00
9.267303655645972027e-01 0.000000000000000000e+00
9.424383288325463015e-01 0.000000000000000000e+00
9.581462921004951783e-01 0.000000000000000000e+00
9.738542553684440550e-01 0.000000000000000000e+00
9.895622186363931538e-01 0.000000000000000000e+00
1.005270181904341920e+00 1.468137740682830689e-05
1.020978145172290796e+00 2.202206611024246034e-05
1.036686108440239895e+00 2.936275481365661379e-05
1.052394071708188994e+00 6.606619833072738441e-05
1.068102034976137871e+00 1.101103305512123119e-04
1.083809998244086747e+00 1.468137740682830825e-04
1.099517961512035624e+00 2.495834159160812511e-04
1.115225924779984723e+00 3.376716803570510789e-04
1.130933888047933822e+00 4.477820109082633637e-04
1.146641851315882699e+00 5.945957849765463920e-04
1.162349814583831575e+00 7.120468042311729013e-04
1.178057777851780452e+00 8.368385121892134727e-04
1.193765741119729551e+00 1.013015041071153345e-03
1.209473704387678650e+00 1.137806749029194025e-03
1.225181667655627527e+00 1.269939145690648658e-03
1.240889630923576403e+00 1.343346032724790145e-03
1.256597594191525280e+00 1.424093608462346019e-03
1.272305557459474379e+00 1.460797051979416655e-03
1.288013520727423478e+00 1.468137740682830608e-03
1.303721483995372354e+00 1.526863250310143971e-03
1.319429447263321231e+00 1.475478429386244995e-03
1.335137410531270330e+00 1.380049476241860997e-03
1.350845373799219207e+00 1.380049476241860997e-03
1.366553337067168306e+00 1.240576390876992193e-03
1.382261300335117182e+00 1.211213636063335512e-03
1.397969263603066059e+00 1.115784682918951297e-03
1.413677226871015158e+00 9.249267766301834089e-04
1.429385190138964035e+00 8.368385121892134727e-04
1.445093153406913133e+00 7.487502477482436448e-04
1.460801116674862010e+00 6.386399171970314143e-04
1.476509079942810887e+00 6.019364736799606708e-04
1.492217043210759986e+00 4.991668318321625022e-04
1.507925006478708863e+00 5.285295866458191837e-04
1.523632969746657961e+00 5.285295866458190753e-04
1.539340933014606838e+00 5.211888979424049049e-04
1.555048896282555715e+00 5.505516527560615865e-04
1.570756859550504814e+00 5.138482092389908430e-04
1.586464822818453690e+00 5.725737188663039892e-04
1.602172786086402789e+00 5.945957849765465004e-04
1.617880749354351666e+00 5.945957849765465004e-04
1.633588712622300543e+00 6.312992284936173523e-04
1.649296675890249642e+00 7.047061155277587309e-04
1.665004639158198518e+00 7.927943799687286672e-04
1.680712602426147617e+00 8.808826444096983866e-04
1.696420565694096494e+00 9.542895314438398736e-04
1.712128528962045371e+00 1.123125371622365467e-03
1.727836492229994469e+00 1.211213636063335295e-03
1.743544455497943568e+00 1.328664655317962021e-03
1.759252418765892445e+00 1.438774985869174143e-03
1.774960382033841322e+00 1.754424600115982603e-03
1.790668345301790199e+00 2.026030082142306257e-03
1.806376308569739297e+00 2.393064517313013909e-03
1.822084271837688396e+00 2.694032754152994678e-03
1.837792235105637273e+00 3.237243718205641552e-03
1.853500198373586150e+00 3.714388483927561976e-03
1.869208161641535026e+00 4.323665646310937034e-03
1.884916124909484125e+00 4.852195232956755568e-03
1.900624088177433224e+00 5.674352367739140916e-03
1.916332051445382101e+00 6.459806059004456064e-03
1.932040014713330978e+00 7.274622505083427025e-03
1.947747977981279854e+00 7.986669309314600035e-03
1.963455941249228953e+00 8.985002972978925473e-03
1.979163904517178052e+00 9.946633193126179842e-03
1.994871867785126929e+00 1.110646200826561486e-02
2.010579831053076028e+00 1.264800663598258934e-02
2.026287794321024904e+00 1.417486988629273331e-02
2.041995757588974225e+00 1.558428211734824882e-02
2.057703720856923102e+00 1.756626806727007092e-02
2.073411684124871979e+00 1.943080299793726456e-02
2.089119647392820855e+00 2.096500693695082379e-02
2.104827610660769732e+00 2.251389225337121006e-02
2.120535573928718609e+00 2.366638037980723502e-02
2.136243537196667930e+00 2.445183407107254930e-02
2.151951500464616807e+00 2.570709183935636702e-02
2.167659463732565683e+00 2.591997181175537818e-02
2.183367427000514560e+00 2.580986148120416324e-02
2.199075390268463881e+00 2.536942015899931388e-02
2.214783353536412758e+00 2.482620919494666831e-02
2.230491316804361634e+00 2.407745894719842683e-02
2.246199280072310511e+00 2.328466456722969730e-02
2.261907243340259388e+00 2.172109787340248052e-02
2.277615206608208265e+00 2.070074214362791279e-02
2.293323169876157586e+00 1.921792302553825341e-02
2.309031133144106462e+00 1.834438106983196995e-02
2.324739096412055339e+00 1.737541016098130553e-02
2.340447059680004216e+00 1.613483377010431138e-02
2.356155022947953537e+00 1.507777459681267258e-02
2.371862986215902414e+00 1.447583812313271191e-02
2.387570949483851290e+00 1.347016377076497295e-02
2.403278912751800167e+00 1.322792104355230598e-02
2.418986876019749044e+00 1.267002870209283164e-02
2.434694839287697921e+00 1.208277360581969800e-02
2.450402802555647241e+00 1.175244261416606185e-02
2.466110765823596118e+00 1.134136404677486831e-02
2.481818729091544995e+00 1.108443994215537257e-02
2.497526692359493872e+00 1.099635167771440165e-02
2.513234655627443193e+00 1.095230754549391707e-02
2.528942618895392069e+00 1.101103305512123043e-02
2.544650582163340946e+00 1.117986889529975526e-02
2.560358545431289823e+00 1.125327578233389740e-02
2.576066508699238700e+00 1.180382743508995996e-02
2.591774471967188020e+00 1.202404809619238464e-02
2.607482435235136897e+00 1.253055561672796088e-02
2.623190398503085774e+00 1.280216109875428540e-02
2.638898361771034651e+00 1.307376658078060819e-02
2.654606325038983972e+00 1.312515140170450803e-02
2.670314288306932848e+00 1.341143826113766133e-02
2.686022251574881725e+00 1.310312933559426574e-02
2.701730214842830602e+00 1.310312933559426574e-02
2.717438178110779479e+00 1.280950178745769892e-02
2.733146141378728355e+00 1.245714872969381874e-02
2.748854104646677676e+00 1.202404809619238291e-02
2.764562067914626553e+00 1.145881506602949157e-02
2.780270031182575430e+00 1.076879032790856519e-02
2.795977994450524307e+00 1.021089798644908737e-02
2.811685957718473627e+00 9.388740851666703760e-03
2.827393920986422504e+00 8.331681678375064959e-03
2.843101884254371381e+00 7.274622505083426158e-03
2.858809847522320258e+00 6.342355039749829337e-03
2.874517810790269134e+00 5.556901348484514190e-03
2.890225774058218011e+00 4.778788345922614297e-03
2.905933737326167332e+00 4.059400852988026900e-03
2.921641700594116209e+00 3.332672671350025984e-03
2.937349663862065086e+00 2.818824462111035791e-03
2.953057627130013962e+00 2.393064517313013909e-03
2.968765590397963283e+00 2.062733525659377325e-03
2.984473553665912160e+00 1.644314269564770697e-03
3.000181516933861037e+00 1.240576390876991977e-03
3.015889480201809913e+00 9.542895314438399820e-04
3.031597443469758790e+00 7.267281816380012421e-04
3.047305406737707667e+00 5.799144075697181596e-04
3.063013370005656988e+00 4.844854544253341614e-04
3.078721333273605865e+00 3.596937464672935901e-04
3.094429296541554741e+00 3.229903029502228465e-04
3.110137259809503618e+00 2.642647933229095377e-04
3.125845223077452495e+00 2.422427272126670807e-04
