-3.946724439183105226e-05 0.000000000000000000e+00
1.566849602355713592e-02 7.340688703414153447e-06
3.137645929150609941e-02 2.936275481365661379e-05
4.708442255945507332e-02 3.670344351707077062e-05
6.279238582740404029e-02 4.404413222048492746e-05
7.850034909535300032e-02 3.670344351707077062e-05
9.420831236330196035e-02 5.872550962731323435e-05
1.099162756312509481e-01 7.340688703414154125e-05
1.256242388991999082e-01 7.340688703414155480e-05
1.413322021671488404e-01 8.074757573755569808e-05
1.570401654350978282e-01 8.808826444096985492e-05
1.727481287030468160e-01 1.027696418477981686e-04
1.884560919709957483e-01 1.101103305512123254e-04
2.041640552389447361e-01 1.174510192546264552e-04
2.198720185068937238e-01 1.027696418477981686e-04
2.355799817748426561e-01 1.027696418477981550e-04
2.512879450427916717e-01 8.074757573755569808e-05
2.669959083107406039e-01 8.074757573755569808e-05
2.827038715786895917e-01 5.872550962731324113e-05
2.984118348466385795e-01 7.340688703414154125e-05
3.141197981145875118e-01 5.872550962731323435e-05
3.298277613825364996e-01 8.074757573755569808e-05
3.455357246504854318e-01 8.074757573755569808e-05
3.612436879184344196e-01 8.808826444096985492e-05
3.769516511863834074e-01 1.027696418477981415e-04
3.926596144543323952e-01 1.174510192546264552e-04
4.083675777222813275e-01 1.174510192546264552e-04
4.240755409902303152e-01 1.247917079580406255e-04
4.397835042581792475e-01 1.174510192546264823e-04
4.554914675261282353e-01 1.101103305512123119e-04
4.711994307940772231e-01 1.101103305512123119e-04
4.869073940620261554e-01 1.321323966614547959e-04
5.026153573299750876e-01 1.468137740682830825e-04
5.183233205979241864e-01 1.394730853648689392e-04
5.340312838658730632e-01 1.247917079580405984e-04
5.497392471338219400e-01 1.174510192546264823e-04
5.654472104017710388e-01 1.394730853648689392e-04
5.811551736697199155e-01 1.761765288819397098e-04
5.968631369376690143e-01 1.835172175853538802e-04
6.125711002056178911e-01 1.981985949921821668e-04
6.282790634735667679e-01 2.055392836955962830e-04
6.439870267415158667e-01 2.202206611024245695e-04
6.596949900094647434e-01 2.642647933229095377e-04
6.754029532774138422e-01 2.716054820263237080e-04
6.911109165453627190e-01 2.422427272126670807e-04
7.068188798133117068e-01 2.349020385092529103e-04
7.225268430812606946e-01 2.275613498058387670e-04
7.382348063492095713e-01 2.569241046194953673e-04
7.539427696171586701e-01 2.422427272126670536e-04
7.696507328851075469e-01 2.569241046194954215e-04
7.853586961530565347e-01 2.716054820263237080e-04
8.010666594210055225e-01 2.642647933229095377e-04
8.167746226889543992e-01 2.789461707297378784e-04
8.324825859569034980e-01 2.862868594331519946e-04
8.481905492248523748e-01 3.083089255433944516e-04
8.638985124928014736e-01 3.229903029502227923e-04
8.796064757607503504e-01 3.083089255433945058e-04
8.953144390286992271e-01 3.156496142468086219e-04
9.110224022966483259e-01 3.596937464672935901e-04
9.267303655645972027e-01 3.303309916536369627e-04
9.424383288325463015e-01 3.670344351707077605e-04
9.581462921004951783e-01 3.670344351707077062e-04
9.738542553684440550e-01 3.963971899843643336e-04
9.895622186363931538e-01 4.331006335014350771e-04
1.005270181904341920e+00 4.477820109082633637e-04
1.020978145172290796e+00 4.477820109082633095e-04
1.036686108440239895e+00 4.698040770185058206e-04
1.052394071708188994e+00 4.624633883150917044e-04
1.068102034976137871e+00 4.184192560946068448e-04
1.083809998244086747e+00 3.890565012809501632e-04
1.099517961512035624e+00 3.450123690604652493e-04
1.115225924779984723e+00 3.229903029502227381e-04
1.130933888047933822e+00 3.229903029502227381e-04
1.146641851315882699e+00 3.156496142468085677e-04
1.162349814583831575e+00 3.083089255433944516e-04
1.178057777851780452e+00 3.083089255433944516e-04
1.193765741119729551e+00 3.450123690604652493e-04
1.209473704387678650e+00 3.450123690604652493e-04
1.225181667655627527e+00 3.523530577638794197e-04
1.240889630923576403e+00 3.450123690604652493e-04
1.256597594191525280e+00 3.596937464672935901e-04
1.272305557459474379e+00 4.257599447980209067e-04
1.288013520727423478e+00 4.331006335014350771e-04
1.303721483995372354e+00 4.771447657219199910e-04
1.319429447263321231e+00 4.991668318321625022e-04
1.335137410531270330e+00 5.065075205355765641e-04
1.350845373799219207e+00 5.432109640526473077e-04
1.366553337067168306e+00 5.505516527560615865e-04
1.382261300335117182e+00 4.918261431287482234e-04
1.397969263603066059e+00 5.505516527560615865e-04
1.413677226871015158e+00 5.358702753492332457e-04
1.429385190138964035e+00 5.138482092389907345e-04
1.445093153406913133e+00 5.285295866458191837e-04
1.460801116674862010e+00 4.844854544253342156e-04
1.476509079942810887e+00 4.918261431287483318e-04
1.492217043210759986e+00 4.551226996116775883e-04
1.507925006478708863e+00 4.184192560946068448e-04
1.523632969746657961e+00 3.817158125775361012e-04
1.539340933014606838e+00 3.890565012809501632e-04
1.555048896282555715e+00 3.523530577638794197e-04
1.570756859550504814e+00 3.817158125775360470e-04
1.586464822818453690e+00 3.817158125775360470e-04
1.602172786086402789e+00 4.257599447980209067e-04
1.617880749354351666e+00 4.844854544253341614e-04
1.633588712622300543e+00 5.138482092389907345e-04
1.649296675890249642e+00 5.138482092389907345e-04
1.665004639158198518e+00 5.138482092389908430e-04
1.680712602426147617e+00 4.991668318321625022e-04
1.696420565694096494e+00 5.285295866458191837e-04
1.712128528962045371e+00 5.138482092389908430e-04
1.727836492229994469e+00 4.404413222048491933e-04
1.743544455497943568e+00 4.551226996116775341e-04
1.759252418765892445e+00 4.991668318321625022e-04
1.774960382033841322e+00 5.799144075697181596e-04
1.790668345301790199e+00 6.753433607141021578e-04
1.806376308569739297e+00 7.634316251550719856e-04
1.822084271837688396e+00 8.808826444096984950e-04
1.837792235105637273e+00 1.071740550698466491e-03
1.853500198373586150e+00 1.262598456987234488e-03
1.869208161641535026e+00 1.585588759937457334e-03
1.884916124909484125e+00 1.754424600115982820e-03
1.900624088177433224e+00 2.165503167507175711e-03
1.916332051445382101e+00 2.532537602677883363e-03
1.932040014713330978e+00 3.090429944137359011e-03
1.947747977981279854e+00 3.699707106520733202e-03
1.963455941249228953e+00 4.455798042972391668e-03
1.979163904517178052e+00 5.402746885712817262e-03
1.994871867785126929e+00 6.489168813818112745e-03
2.010579831053076028e+00 7.480161788779022929e-03
2.026287794321024904e+00 8.764782311876500795e-03
2.041995757588974225e+00 1.010812834460129116e-02
2.057703720856923102e+00 1.155424401917387947e-02
2.073411684124871979e+00 1.303706313726353885e-02
2.089119647392820855e+00 1.412348506536883347e-02
2.104827610660769732e+00 1.563566693827214693e-02
2.120535573928718609e+00 1.714784881117546386e-02
2.136243537196667930e+00 1.850587622130708473e-02
2.151951500464616807e+00 1.951155057367482196e-02
2.167659463732565683e+00 2.073010489844157034e-02
2.183367427000514560e+00 2.181652682654686495e-02
2.199075390268463881e+00 2.260932120651559449e-02
2.214783353536412758e+00 2.325530181241603975e-02
2.230491316804361634e+00 2.356361073795943187e-02
2.246199280072310511e+00 2.382787553128234287e-02
2.261907243340259388e+00 2.379117208776527354e-02
2.277615206608208265e+00 2.374712795554478895e-02
2.293323169876157586e+00 2.342413765259456632e-02
2.309031133144106462e+00 2.310114734964434369e-02
2.324739096412055339e+00 2.267538740484632484e-02
2.340447059680004216e+00 2.238910054541317154e-02
2.356155022947953537e+00 2.204408817635269968e-02
2.371862986215902414e+00 2.166237236377516195e-02
2.387570949483851290e+00 2.077414903066205840e-02
2.403278912751800167e+00 2.032636701975379032e-02
2.418986876019749044e+00 2.007678360383770982e-02
2.434694839287697921e+00 1.991528845236259851e-02
2.450402802555647241e+00 1.929867060127581080e-02
2.466110765823596118e+00 1.871875619370609242e-02
2.481818729091544995e+00 1.857194241963780815e-02
2.497526692359493872e+00 1.851321691001049652e-02
2.513234655627443193e+00 1.827097418279783128e-02
2.528942618895392069e+00 1.803607214428857436e-02
2.544650582163340946e+00 1.733870671746423273e-02
2.560358545431289823e+00 1.733136602876081747e-02
2.576066508699238700e+00 1.692028746136962566e-02
2.591774471967188020e+00 1.652389027138526090e-02
2.607482435235136897e+00 1.645782407305453401e-02
2.623190398503085774e+00 1.617887790232479597e-02
2.638898361771034651e+00 1.554757867383117949e-02
2.654606325038983972e+00 1.539342421105948169e-02
2.670314288306932848e+00 1.482085049219317684e-02
2.686022251574881725e+00 1.433636503776784289e-02
2.701730214842830602e+00 1.393262715908006460e-02
2.717438178110779479e+00 1.304440382596695237e-02
2.733146141378728355e+00 1.205341085100604219e-02
2.748854104646677676e+00 1.145881506602949504e-02
2.764562067914626553e+00 1.068804275217100780e-02
2.780270031182575430e+00 9.660346333693026546e-03
2.795977994450524307e+00 8.669353358732116363e-03
2.811685957718473627e+00 7.531546609702921904e-03
2.827393920986422504e+00 6.474487436411283103e-03
2.843101884254371381e+00 5.593604792001585259e-03
2.858809847522320258e+00 4.837513855549927660e-03
2.874517810790269134e+00 3.751091927444633045e-03
2.890225774058218011e+00 3.097770632840773398e-03
2.905933737326167332e+00 2.642647933229095268e-03
2.921641700594116209e+00 2.165503167507175711e-03
2.937349663862065086e+00 1.769105977522811377e-03
2.953057627130013962e+00 1.394730853648689338e-03
2.968765590397963283e+00 1.035037107181395856e-03
2.984473553665912160e+00 8.515198895960419219e-04
3.000181516933861037e+00 6.826840494175163282e-04
3.015889480201809913e+00 5.285295866458190753e-04
3.031597443469758790e+00 4.404413222048492475e-04
3.047305406737707667e+00 3.450123690604651951e-04
3.063013370005656988e+00 2.716054820263236538e-04
3.078721333273605865e+00 1.761765288819397098e-04
3.094429296541554741e+00 1.247917079580406255e-04
3.110137259809503618e+00 9.542895314438402531e-05
3.125845223077452495e+00 7.340688703414154125e-05
