-3.946724439183105226e-05 0.000000000000000000e+00
1.566849602355713592e-02 0.000000000000000000e+00
3.137645929150609941e-02 0.000000000000000000e+00
4.708442255945507332e-02 0.000000000000000000e+00
6.279238582740404029e-02 0.000000000000000000e+00
7.850034909535300032e-02 0.000000000000000000e+00
9.420831236330196035e-02 0.000000000000000000e+00
1.099162756312509481e-01 0.000000000000000000e+00
1.256242388991999082e-01 0.000000000000000000e+00
1.413322021671488404e-01 0.000000000000000000e+00
1.570401654350978282e-01 0.000000000000000000e+00
1.727481287030468160e-01 0.000000000000000000e+00
1.884560919709957483e-01 0.000000000000000000e+00
2.041640552389447361e-01 0.000000000000000000e+00
2.198720185068937238e-01 0.000000000000000000e+00
2.355799817748426561e-01 0.000000000000000000e+00
2.512879450427916717e-01 0.000000000000000000e+00
2.669959083107406039e-01 0.000000000000000000e+00
2.827038715786895917e-01 0.000000000000000000e+00
2.984118348466385795e-01 0.000000000000000000e+00
3.141197981145875118e-01 0.000000000000000000e+00
3.298277613825364996e-01 0.000000000000000000e+00
3.455357246504854318e-01 0.000000000000000000e+00
3.612436879184344196e-01 0.000000000000000000e+00
3.769516511863834074e-01 0.000000000000000000e+00
3.926596144543323952e-01 0.000000000000000000e+00
4.083675777222813275e-01 0.000000000000000000e+00
4.240755409902303152e-01 0.000000000000000000e+00
4.397835042581792475e-01 0.000000000000000000e+00
4.554914675261282353e-01 0.000000000000000000e+00
4.711994307940772231e-01 0.000000000000000000e+00
4.869073940620261554e-01 0.000000000000000000e+00
5.026153573299750876e-01 0.000000000000000000e+00
5.183233205979241864e-01 0.000000000000000000e+00
5.340312838658730632e-01 0.000000000000000000e+00
5.497392471338219400e-01 0.000000000000000000e+00
5.654472104017710388e-01 0.000000000000000000e+00
5.811551736697199155e-01 0.000000000000000000e+00
5.968631369376690143e-01 0.000000000000000000e+00
6.125711002056178911e-01 0.000000000000000000e+00
6.282790634735667679e-01 0.000000000000000000e+00
6.439870267415158667e-01 0.000000000000000000e+00
6.596949900094647434e-01 0.000000000000000000e+00
6.754029532774138422e-01 0.000000000000000000e+00
6.911109165453627190e-01 0.000000000000000000e+00
7.068188798133117068e-01 0.000000000000000000e+00
7.225268430812606946e-01 0.000000000000000000e+00
7.382348063492095713e-01 0.000000000000000000e+00
7.539427696171586701e-01 0.000000000000000000e+00
7.696507328851075469e-01 0.000000000000000000e+00
7.853586961530565347e-01 0.000000000000000000e+00
8.010666594210055225e-01 0.000000000000000000e+00
8.167746226889543992e-01 0.000000000000000000e+00
8.324825859569034980e-01 0.000000000000000000e+00
8.481905492248523748e-01 0.000000000000000000e+00
8.638985124928014736e-01 0.000000000000000000e+00
8.796064757607503504e-01 0.000000000000000000e+00
8.953144390286992271e-01 0.000000000000000000e+00
9.110224022966483259e-01 0.000000000000000000e+00
9.267303655645972027e-01 7.340688703414153447e-06
9.424383288325463015e-01 7.340688703414153447e-06
9.581462921004951783e-01 7.340688703414153447e-06
9.738542553684440550e-01 7.340688703414153447e-06
9.895622186363931538e-01 7.340688703414153447e-06
1.005270181904341920e+00 7.340688703414153447e-06
1.020978145172290796e+00 1.468137740682830859e-05
1.036686108440239895e+00 7.340688703414153447e-06
1.052394071708188994e+00 2.202206611024246034e-05
1.068102034976137871e+00 7.340688703414152770e-05
1.083809998244086747e+00 1.247917079580405984e-04
1.099517961512035624e+00 1.614951514751113691e-04
1.115225924779984723e+00 2.202206611024246237e-04
1.130933888047933822e+00 2.862868594331519946e-04
1.146641851315882699e+00 3.817158125775359928e-04
1.162349814583831575e+00 5.358702753492331373e-04
1.178057777851780452e+00 6.019364736799606708e-04
1.193765741119729551e+00 7.340688703414153041e-04
1.209473704387678650e+00 8.588605782994560922e-04
1.225181667655627527e+00 9.469488427404259201e-04
1.240889630923576403e+00 1.071740550698466708e-03
1.256597594191525280e+00 1.196532258656507171e-03
1.272305557459474379e+00 1.174510192546264660e-03
1.288013520727423478e+00 1.181850881249678830e-03
1.303721483995372354e+00 1.159828815139436319e-03
1.319429447263321231e+00 1.145147437732607978e-03
1.335137410531270330e+00 1.115784682918951514e-03
1.350845373799219207e+00 1.086421928105294832e-03
1.366553337067168306e+00 9.763115975540824932e-04
1.382261300335117182e+00 9.836522862574964467e-04
1.397969263603066059e+00 9.469488427404259201e-04
1.413677226871015158e+00 9.322674653335975793e-04
1.429385190138964035e+00 8.588605782994559838e-04
1.445093153406913133e+00 7.927943799687285588e-04
1.460801116674862010e+00 6.826840494175163282e-04
1.476509079942810887e+00 6.239585397902030735e-04
1.492217043210759986e+00 5.065075205355766726e-04
1.507925006478708863e+00 4.771447657219199910e-04
1.523632969746657961e+00 4.184192560946067363e-04
1.539340933014606838e+00 3.817158125775359928e-04
1.555048896282555715e+00 3.817158125775359928e-04
1.570756859550504814e+00 3.596937464672935901e-04
1.586464822818453690e+00 3.596937464672935901e-04
1.602172786086402789e+00 3.743751238741218224e-04
1.617880749354351666e+00 4.257599447980209067e-04
1.633588712622300543e+00 4.331006335014350771e-04
1.649296675890249642e+00 4.918261431287483318e-04
1.665004639158198518e+00 5.578923414594756484e-04
1.680712602426147617e+00 6.826840494175163282e-04
1.696420565694096494e+00 7.707723138584861560e-04
1.712128528962045371e+00 9.175860879267692385e-04
1.727836492229994469e+00 1.049718484588223980e-03
1.743544455497943568e+00 1.255257768283820317e-03
1.759252418765892445e+00 1.468137740682830825e-03
1.774960382033841322e+00 1.754424600115983036e-03
1.790668345301790199e+00 2.062733525659377325e-03
1.806376308569739297e+00 2.304976252872044298e-03
1.822084271837688396e+00 2.517856225271055022e-03
1.837792235105637273e+00 2.862868594331519946e-03
1.853500198373586150e+00 3.229903029502227598e-03
1.869208161641535026e+00 3.560234021155864615e-03
1.884916124909484125e+00 4.022697409470956699e-03
1.900624088177433224e+00 4.558567684820189619e-03
1.916332051445382101e+00 5.366043442195746194e-03
1.932040014713330978e+00 6.210222643088374704e-03
1.947747977981279854e+00 7.171852863235627339e-03
1.963455941249228953e+00 8.258274791340922821e-03
1.979163904517178052e+00 9.572258069252057369e-03
1.994871867785126929e+00 1.094496685679050355e-02
2.010579831053076028e+00 1.236906046525285130e-02
2.026287794321024904e+00 1.424093608462345846e-02
2.041995757588974225e+00 1.558428211734824709e-02
2.057703720856923102e+00 1.721391500950619075e-02
2.073411684124871979e+00 1.901238374184265750e-02
2.089119647392820855e+00 2.031168564234696328e-02
2.104827610660769732e+00 2.207345093116636070e-02
2.120535573928718609e+00 2.371776520073113140e-02
2.136243537196667930e+00 2.445917475977596456e-02
2.151951500464616807e+00 2.553825599917784392e-02
2.167659463732565683e+00 2.616955522767145867e-02
2.183367427000514560e+00 2.637509451136705457e-02
2.199075390268463881e+00 2.616221453896804341e-02
2.214783353536412758e+00 2.541346429121980194e-02
2.230491316804361634e+00 2.435640511792816487e-02
2.246199280072310511e+00 2.329200525593311255e-02
2.261907243340259388e+00 2.216153919560733335e-02
2.277615206608208265e+00 2.078883040806888544e-02
2.293323169876157586e+00 1.936473679960653768e-02
2.309031133144106462e+00 1.824161142798417373e-02
2.324739096412055339e+00 1.722125569820960600e-02
2.340447059680004216e+00 1.634771374250331907e-02
2.356155022947953537e+00 1.532001732402533956e-02
2.371862986215902414e+00 1.428498021684394478e-02
2.387570949483851290e+00 1.367570305446056886e-02
2.403278912751800167e+00 1.311047002429767752e-02
2.418986876019749044e+00 1.275077627783038556e-02
2.434694839287697921e+00 1.229565357821870916e-02
2.450402802555647241e+00 1.195798189786165602e-02
2.466110765823596118e+00 1.184053087860702930e-02
2.481818729091544995e+00 1.207543291711628448e-02
2.497526692359493872e+00 1.205341085100604046e-02
2.513234655627443193e+00 1.209745498322652678e-02
2.528942618895392069e+00 1.233235702173577850e-02
2.544650582163340946e+00 1.237640115395626482e-02
2.560358545431289823e+00 1.250853355061772032e-02
2.576066508699238700e+00 1.267736939079624342e-02
2.591774471967188020e+00 1.283886454227135647e-02
2.607482435235136897e+00 1.311047002429767752e-02
2.623190398503085774e+00 1.351420790298545754e-02
2.638898361771034651e+00 1.362431823353666901e-02
2.654606325038983972e+00 1.377847269630836681e-02
2.670314288306932848e+00 1.374910994149471100e-02
2.686022251574881725e+00 1.394730853648689338e-02
2.701730214842830602e+00 1.393262715908006460e-02
2.717438178110779479e+00 1.360963685612984024e-02
2.733146141378728355e+00 1.305908520337377941e-02
2.748854104646677676e+00 1.250119286191430507e-02
2.764562067914626553e+00 1.198000396397190005e-02
2.780270031182575430e+00 1.119455027270658577e-02
2.795977994450524307e+00 1.028430487348322951e-02
2.811685957718473627e+00 9.205223634081350151e-03
2.827393920986422504e+00 8.221571347823853487e-03
2.843101884254371381e+00 7.098445976201487803e-03
2.858809847522320258e+00 6.320332973639587043e-03
2.874517810790269134e+00 5.219229668127463653e-03
2.890225774058218011e+00 4.499842175192876256e-03
2.905933737326167332e+00 3.648322285596834226e-03
2.921641700594116209e+00 3.046385811916873555e-03
2.937349663862065086e+00 2.547218980084711270e-03
2.953057627130013962e+00 2.114118346583276735e-03
2.968765590397963283e+00 1.739743222709154479e-03
2.984473553665912160e+00 1.490159806793073336e-03
3.000181516933861037e+00 1.196532258656507171e-03
3.015889480201809913e+00 1.042377795884810027e-03
3.031597443469758790e+00 8.808826444096986034e-04
3.047305406737707667e+00 6.239585397902031819e-04
3.063013370005656988e+00 5.505516527560614781e-04
3.078721333273605865e+00 3.670344351707076520e-04
3.094429296541554741e+00 3.009682368399803354e-04
3.110137259809503618e+00 2.055392836955963101e-04
3.125845223077452495e+00 2.128799723990104534e-04
