-3.946724439183105226e-05 0.000000000000000000e+00
1.566849602355713592e-02 0.000000000000000000e+00
3.137645929150609941e-02 0.000000000000000000e+00
4.708442255945507332e-02 0.000000000000000000e+00
6.279238582740404029e-02 0.000000000000000000e+00
7.850034909535300032e-02 0.000000000000000000e+00
9.420831236330196035e-02 0.000000000000000000e+00
1.099162756312509481e-01 0.000000000000000000e+00
1.256242388991999082e-01 0.000000000000000000e+00
1.413322021671488404e-01 0.000000000000000000e+00
1.570401654350978282e-01 0.000000000000000000e+00
1.727481287030468160e-01 0.000000000000000000e+00
1.884560919709957483e-01 0.000000000000000000e+00
2.041640552389447361e-01 0.000000000000000000e+00
2.198720185068937238e-01 0.000000000000000000e+00
2.355799817748426561e-01 0.000000000000000000e+00
2.512879450427916717e-01 0.000000000000000000e+00
2.669959083107406039e-01 0.000000000000000000e+00
2.827038715786895917e-01 0.000000000000000000e+00
2.984118348466385795e-01 0.000000000000000000e+00
3.141197981145875118e-01 0.000000000000000000e+00
3.298277613825364996e-01 0.000000000000000000e+00
3.455357246504854318e-01 0.000000000000000000e+00
3.612436879184344196e-01 0.000000000000000000e+00
3.769516511863834074e-01 0.000000000000000000e+00
3.926596144543323952e-01 0.000000000000000000e+00
4.083675777222813275e-01 0.000000000000000000e+00
4.240755409902303152e-01 0.000000000000000000e+00
4.397835042581792475e-01 0.000000000000000000e+00
4.554914675261282353e-01 0.000000000000000000e+00
4.711994307940772231e-01 0.000000000000000000e+00
4.869073940620261554e-01 0.000000000000000000e+00
5.026153573299750876e-01 0.000000000000000000e+00
5.183233205979241864e-01 0.000000000000000000e+00
5.340312838658730632e-01 0.000000000000000000e+00
5.497392471338219400e-01 0.000000000000000000e+00
5.654472104017710388e-01 0.000000000000000000e+00
5.811551736697199155e-01 0.000000000000000000e+00
5.968631369376690143e-01 0.000000000000000000e+00
6.125711002056178911e-01 0.000000000000000000e+00
6.282790634735667679e-01 0.000000000000000000e+00
6.439870267415158667e-01 0.000000000000000000e+00
6.596949900094647434e-01 0.000000000000000000e+00
6.754029532774138422e-01 0.000000000000000000e+00
6.911109165453627190e-01 0.000000000000000000e+00
7.068188798133117068e-01 0.000000000000000000e+00
7.225268430812606946e-01 0.000000000000000000e+00
7.382348063492095713e-01 0.000000000000000000e+00
7.539427696171586701e-01 0.000000000000000000e+00
7.696507328851075469e-01 0.000000000000000000e+00
7.853586961530565347e-01 0.000000000000000000e+00
8.010666594210055225e-01 0.000000000000000000e+00
8.167746226889543992e-01 0.000000000000000000e+00
8.324825859569034980e-01 0.000000000000000000e+00
8.481905492248523748e-01 0.000000000000000000e+00
8.638985124928014736e-01 0.000000000000000000e+00
8.796064757607503504e-01 0.000000000000000000e+00
8.953144390286992271e-01 0.000000000000000000e+00
9.110224022966483259e-01 0.000000000000000000e+00
9.267303655645972027e-01 7.340688703414153447e-06
9.424383288325463015e-01 2.936275481365661718e-05
9.581462921004951783e-01 2.936275481365661718e-05
9.738542553684440550e-01 5.138482092389908430e-05
9.895622186363931538e-01 6.606619833072739797e-05
1.005270181904341920e+00 8.808826444096985492e-05
1.020978145172290796e+00 1.101103305512123119e-04
1.036686108440239895e+00 1.247917079580406255e-04
1.052394071708188994e+00 1.321323966614547959e-04
1.068102034976137871e+00 1.394730853648689392e-04
1.083809998244086747e+00 1.761765288819397098e-04
1.099517961512035624e+00 2.202206611024246237e-04
1.115225924779984723e+00 2.862868594331519946e-04
1.130933888047933822e+00 3.376716803570511331e-04
1.146641851315882699e+00 3.817158125775359928e-04
1.162349814583831575e+00 4.698040770185058206e-04
1.178057777851780452e+00 6.019364736799606708e-04
1.193765741119729551e+00 7.340688703414153041e-04
1.209473704387678650e+00 8.588605782994559838e-04
1.225181667655627527e+00 8.588605782994559838e-04
1.240889630923576403e+00 9.249267766301833005e-04
1.256597594191525280e+00 9.909929749609108340e-04
1.272305557459474379e+00 1.005674352367739175e-03
1.288013520727423478e+00 9.542895314438399820e-04
1.303721483995372354e+00 9.102453992233550681e-04
1.319429447263321231e+00 8.515198895960418134e-04
1.335137410531270330e+00 8.662012670028701542e-04
1.350845373799219207e+00 8.221571347823852403e-04
1.366553337067168306e+00 8.735419557062843246e-04
1.382261300335117182e+00 8.368385121892135811e-04
1.397969263603066059e+00 8.735419557062842162e-04
1.413677226871015158e+00 7.927943799687286672e-04
1.429385190138964035e+00 7.634316251550719856e-04
1.445093153406913133e+00 7.560909364516579237e-04
1.460801116674862010e+00 7.340688703414155209e-04
1.476509079942810887e+00 6.312992284936171355e-04
1.492217043210759986e+00 6.019364736799606708e-04
1.507925006478708863e+00 5.578923414594757569e-04
1.523632969746657961e+00 5.652330301628898188e-04
1.539340933014606838e+00 5.432109640526474161e-04
1.555048896282555715e+00 5.138482092389908430e-04
1.570756859550504814e+00 5.799144075697181596e-04
1.586464822818453690e+00 6.092771623833748412e-04
1.602172786086402789e+00 6.973654268243446690e-04
1.617880749354351666e+00 7.487502477482436448e-04
1.633588712622300543e+00 8.148164460789709615e-04
1.649296675890249642e+00 9.542895314438399820e-04
1.665004639158198518e+00 1.042377795884809810e-03
1.680712602426147617e+00 1.218554324766749465e-03
1.696420565694096494e+00 1.343346032724789928e-03
1.712128528962045371e+00 1.431434297165759973e-03
1.727836492229994469e+00 1.695699090488669673e-03
1.743544455497943568e+00 1.952623195108164986e-03
1.759252418765892445e+00 2.092096280473034007e-03
1.774960382033841322e+00 2.400405206016428296e-03
1.790668345301790199e+00 2.635307244525681315e-03
1.806376308569739297e+00 2.906912726552005402e-03
1.822084271837688396e+00 3.178518208578328622e-03
1.837792235105637273e+00 3.589596775969521297e-03
1.853500198373586150e+00 3.956631211140228949e-03
1.869208161641535026e+00 4.470479420379219575e-03
1.884916124909484125e+00 4.991668318321624588e-03
1.900624088177433224e+00 5.505516527560615214e-03
1.916332051445382101e+00 6.158837822164475728e-03
1.932040014713330978e+00 6.826840494175164149e-03
1.947747977981279854e+00 7.546227987109750679e-03
1.963455941249228953e+00 8.654671981325287589e-03
1.979163904517178052e+00 9.638324267582784252e-03
1.994871867785126929e+00 1.070272412957783657e-02
2.010579831053076028e+00 1.186989363342068685e-02
2.026287794321024904e+00 1.333803137410351745e-02
2.041995757588974225e+00 1.477680635997269051e-02
2.057703720856923102e+00 1.615685583621455021e-02
2.073411684124871979e+00 1.721391500950619075e-02
2.089119647392820855e+00 1.848385415519683897e-02
2.104827610660769732e+00 1.976113398959090245e-02
2.120535573928718609e+00 2.129533792860445821e-02
2.136243537196667930e+00 2.201472542153904560e-02
2.151951500464616807e+00 2.274145360317704478e-02
2.167659463732565683e+00 2.328466456722969383e-02
2.183367427000514560e+00 2.372510588943454665e-02
2.199075390268463881e+00 2.353424798314577779e-02
2.214783353536412758e+00 2.347552247351846269e-02
2.230491316804361634e+00 2.251389225337121353e-02
2.246199280072310511e+00 2.191929646839466464e-02
2.261907243340259388e+00 2.111916139972252332e-02
2.277615206608208265e+00 2.020891600049916706e-02
2.293323169876157586e+00 1.935005542219971064e-02
2.309031133144106462e+00 1.881418514685047338e-02
2.324739096412055339e+00 1.772042253004176698e-02
2.340447059680004216e+00 1.702305710321742188e-02
2.356155022947953537e+00 1.636239511991014958e-02
2.371862986215902414e+00 1.557694142864483530e-02
2.387570949483851290e+00 1.496032357755804586e-02
2.403278912751800167e+00 1.448317881183612717e-02
2.418986876019749044e+00 1.380783545112202609e-02
2.434694839287697921e+00 1.365368098835032656e-02
2.450402802555647241e+00 1.361697754483325550e-02
2.466110765823596118e+00 1.315451415651816384e-02
2.481818729091544995e+00 1.319855828873864843e-02
2.497526692359493872e+00 1.297833762763622376e-02
2.513234655627443193e+00 1.276545765523721433e-02
2.528942618895392069e+00 1.284620523097476999e-02
2.544650582163340946e+00 1.275077627783038556e-02
2.560358545431289823e+00 1.255257768283820317e-02
2.576066508699238700e+00 1.283152385356794122e-02
2.591774471967188020e+00 1.288290867449183932e-02
2.607482435235136897e+00 1.298567831633963901e-02
2.623190398503085774e+00 1.328664655317962108e-02
2.638898361771034651e+00 1.330866861928986337e-02
2.654606325038983972e+00 1.314717346781475206e-02
2.670314288306932848e+00 1.302972244856012533e-02
2.686022251574881725e+00 1.286822729708501228e-02
2.701730214842830602e+00 1.291227142930549687e-02
2.717438178110779479e+00 1.268471007949965867e-02
2.733146141378728355e+00 1.213415842674359785e-02
2.748854104646677676e+00 1.178180536897971593e-02
2.764562067914626553e+00 1.148083713213973733e-02
2.780270031182575430e+00 1.093028547938367477e-02
2.795977994450524307e+00 1.035771176051737338e-02
2.811685957718473627e+00 9.278630521115490554e-03
2.827393920986422504e+00 8.544561650774076117e-03
2.843101884254371381e+00 7.693041761178034087e-03
2.858809847522320258e+00 6.797477739361507468e-03
2.874517810790269134e+00 5.982661293282535639e-03
2.890225774058218011e+00 5.197207602017221359e-03
2.905933737326167332e+00 4.389731844641664785e-03
2.921641700594116209e+00 3.897905701512916019e-03
2.937349663862065086e+00 3.325331982646612030e-03
2.953057627130013962e+00 2.796802396000793063e-03
2.968765590397963283e+00 2.429767960830085411e-03
2.984473553665912160e+00 1.923260440294508305e-03
3.000181516933861037e+00 1.622292203454528186e-03
3.015889480201809913e+00 1.372708787538447044e-03
3.031597443469758790e+00 1.152488126436022149e-03
3.047305406737707667e+00 9.469488427404259201e-04
3.063013370005656988e+00 7.854536912653144968e-04
3.078721333273605865e+00 5.945957849765465004e-04
3.094429296541554741e+00 4.844854544253341614e-04
3.110137259809503618e+00 4.331006335014350771e-04
3.125845223077452495e+00 4.257599447980209067e-04
