-3.946724439183105226e-05 0.000000000000000000e+00
1.566849602355713592e-02 0.000000000000000000e+00
3.137645929150609941e-02 0.000000000000000000e+00
4.708442255945507332e-02 0.000000000000000000e+00
6.279238582740404029e-02 0.000000000000000000e+00
7.850034909535300032e-02 0.000000000000000000e+00
9.420831236330196035e-02 0.000000000000000000e+00
1.099162756312509481e-01 0.000000000000000000e+00
1.256242388991999082e-01 0.000000000000000000e+00
1.413322021671488404e-01 0.000000000000000000e+00
1.570401654350978282e-01 0.000000000000000000e+00
1.727481287030468160e-01 0.000000000000000000e+00
1.884560919709957483e-01 0.000000000000000000e+00
2.041640552389447361e-01 0.000000000000000000e+00
2.198720185068937238e-01 0.000000000000000000e+00
2.355799817748426561e-01 0.000000000000000000e+00
2.512879450427916717e-01 0.000000000000000000e+00
2.669959083107406039e-01 0.000000000000000000e+00
2.827038715786895917e-01 0.000000000000000000e+00
2.984118348466385795e-01 0.000000000000000000e+00
3.141197981145875118e-01 0.000000000000000000e+00
3.298277613825364996e-01 0.000000000000000000e+00
3.455357246504854318e-01 0.000000000000000000e+00
3.612436879184344196e-01 0.000000000000000000e+00
3.769516511863834074e-01 0.000000000000000000e+00
3.926596144543323952e-01 0.000000000000000000e+00
4.083675777222813275e-01 0.000000000000000000e+00
4.240755409902303152e-01 0.000000000000000000e+00
4.397835042581792475e-01 0.000000000000000000e+00
4.554914675261282353e-01 0.000000000000000000e+00
4.711994307940772231e-01 0.000000000000000000e+00
4.869073940620261554e-01 0.000000000000000000e+00
5.026153573299750876e-01 0.000000000000000000e+00
5.183233205979241864e-01 0.000000000000000000e+00
5.340312838658730632e-01 0.000000000000000000e+00
5.497392471338219400e-01 0.000000000000000000e+00
5.654472104017710388e-01 0.000000000000000000e+00
5.811551736697199155e-01 0.000000000000000000e+00
5.968631369376690143e-01 0.000000000000000000e+00
6.125711002056178911e-01 0.000000000000000000e+00
6.282790634735667679e-01 0.000000000000000000e+00
6.439870267415158667e-01 0.000000000000000000e+00
6.596949900094647434e-01 0.000000000000000000e+00
6.754029532774138422e-01 0.000000000000000000e+00
6.911109165453627190e-01 0.000000000000000000e+00
7.068188798133117068e-01 0.000000000000000000e+00
7.225268430812606946e-01 0.000000000000000000e+00
7.382348063492095713e-01 0.000000000000000000e+00
7.539427696171586701e-01 0.000000000000000000e+00
7.696507328851075469e-01 0.000000000000000000e+00
7.853586961530565347e-01 0.000000000000000000e+00
8.010666594210055225e-01 0.000000000000000000e+00
8.167746226889543992e-01 0.000000000000000000e+00
8.324825859569034980e-01 0.000000000000000000e+00
8.481905492248523748e-01 0.000000000000000000e+00
8.638985124928014736e-01 0.000000000000000000e+00
8.796064757607503504e-01 0.000000000000000000e+00
8.953144390286992271e-01 0.000000000000000000e+00
9.110224022966483259e-01 0.000000000000000000e+00
9.267303655645972027e-01 0.000000000000000000e+00
9.424383288325463015e-01 0.000000000000000000e+00
9.581462921004951783e-01 0.000000000000000000e+00
9.738542553684440550e-01 0.000000000000000000e+00
9.895622186363931538e-01 0.000000000000000000e+00
1.005270181904341920e+00 4.404413222048492746e-05
1.020978145172290796e+00 6.606619833072739797e-05
1.036686108440239895e+00 1.101103305512123254e-04
1.052394071708188994e+00 1.614951514751113962e-04
1.068102034976137871e+00 2.936275481365661650e-04
1.083809998244086747e+00 4.404413222048492475e-04
1.099517961512035624e+00 5.211888979424049049e-04
1.115225924779984723e+00 6.753433607141021578e-04
1.130933888047933822e+00 8.588605782994559838e-04
1.146641851315882699e+00 1.152488126436022366e-03
1.162349814583831575e+00 1.416752919758931632e-03
1.178057777851780452e+00 1.592929448640871505e-03
1.193765741119729551e+00 1.901238374184265794e-03
1.209473704387678650e+00 2.143481101396932983e-03
1.225181667655627527e+00 2.326998318982287026e-03
1.240889630923576403e+00 2.429767960830084977e-03
1.256597594191525280e+00 2.437108649533499365e-03
1.272305557459474379e+00 2.422427272126671024e-03
1.288013520727423478e+00 2.466471404347156046e-03
1.303721483995372354e+00 2.282954186761802003e-03
1.319429447263321231e+00 2.202206611024245912e-03
1.335137410531270330e+00 2.026030082142306257e-03
1.350845373799219207e+00 1.923260440294508305e-03
1.366553337067168306e+00 1.754424600115983036e-03
1.382261300335117182e+00 1.673677024378427162e-03
1.397969263603066059e+00 1.402071542352103508e-03
1.413677226871015158e+00 1.291961211800890953e-03
1.429385190138964035e+00 1.145147437732607978e-03
1.445093153406913133e+00 1.071740550698466491e-03
1.460801116674862010e+00 9.542895314438399820e-04
1.476509079942810887e+00 8.735419557062843246e-04
1.492217043210759986e+00 7.487502477482437533e-04
1.507925006478708863e+00 7.781130025619003264e-04
1.523632969746657961e+00 7.047061155277588394e-04
1.539340933014606838e+00 6.900247381209304986e-04
1.555048896282555715e+00 6.166178510867889031e-04
1.570756859550504814e+00 5.872550962731323300e-04
1.586464822818453690e+00 6.386399171970314143e-04
1.602172786086402789e+00 6.606619833072738170e-04
1.617880749354351666e+00 6.386399171970313059e-04
1.633588712622300543e+00 6.459806059004455847e-04
1.649296675890249642e+00 7.854536912653143884e-04
1.665004639158198518e+00 8.441792008926276430e-04
1.680712602426147617e+00 9.909929749609108340e-04
1.696420565694096494e+00 1.101103305512122956e-03
1.712128528962045371e+00 1.262598456987234488e-03
1.727836492229994469e+00 1.438774985869173927e-03
1.743544455497943568e+00 1.703039779192083410e-03
1.759252418765892445e+00 1.945282506404750599e-03
1.774960382033841322e+00 2.180184544914003618e-03
1.790668345301790199e+00 2.503174847864226248e-03
1.806376308569739297e+00 2.745417575076893220e-03
1.822084271837688396e+00 3.193199585985156963e-03
1.837792235105637273e+00 3.670344351707076520e-03
1.853500198373586150e+00 4.272280825387038058e-03
1.869208161641535026e+00 4.881557987770413116e-03
1.884916124909484125e+00 5.483494461450373787e-03
1.900624088177433224e+00 6.246926086605445773e-03
1.916332051445382101e+00 7.061742532684416734e-03
1.932040014713330978e+00 7.553568675813164199e-03
1.947747977981279854e+00 8.331681678375064959e-03
1.963455941249228953e+00 9.029047105199410062e-03
1.979163904517178052e+00 9.946633193126178107e-03
1.994871867785126929e+00 1.089358203586660370e-02
2.010579831053076028e+00 1.194330052045482898e-02
2.026287794321024904e+00 1.348484514817180173e-02
2.041995757588974225e+00 1.487223531311707668e-02
2.057703720856923102e+00 1.606876757177358450e-02
2.073411684124871979e+00 1.758094944467689796e-02
2.089119647392820855e+00 1.872609688240950421e-02
2.104827610660769732e+00 2.028232288753330920e-02
2.120535573928718609e+00 2.152289927841029640e-02
2.136243537196667930e+00 2.208079161986977595e-02
2.151951500464616807e+00 2.291763013205898661e-02
2.167659463732565683e+00 2.355627004925602008e-02
2.183367427000514560e+00 2.360031418147650467e-02
2.199075390268463881e+00 2.362967693629016222e-02
2.214783353536412758e+00 2.349020385092529320e-02
2.230491316804361634e+00 2.274145360317705172e-02
2.246199280072310511e+00 2.212483575209026401e-02
2.261907243340259388e+00 2.111916139972252332e-02
2.277615206608208265e+00 1.992996982976942555e-02
2.293323169876157586e+00 1.895365823221534241e-02
2.309031133144106462e+00 1.783787354929639718e-02
2.324739096412055339e+00 1.653857164879208794e-02
2.340447059680004216e+00 1.565768900438239269e-02
2.356155022947953537e+00 1.498968633237170341e-02
2.371862986215902414e+00 1.418955126369956035e-02
2.387570949483851290e+00 1.354357065779911683e-02
2.403278912751800167e+00 1.327196517577279057e-02
2.418986876019749044e+00 1.270673214560990097e-02
2.434694839287697921e+00 1.247917079580406104e-02
2.450402802555647241e+00 1.233969771043919202e-02
2.466110765823596118e+00 1.201670740748896939e-02
2.481818729091544995e+00 1.216352118155725366e-02
2.497526692359493872e+00 1.236906046525284956e-02
2.513234655627443193e+00 1.209011429452311152e-02
2.528942618895392069e+00 1.222224669118456529e-02
2.544650582163340946e+00 1.228097220081187865e-02
2.560358545431289823e+00 1.221490600248115177e-02
2.576066508699238700e+00 1.213415842674359785e-02
2.591774471967188020e+00 1.213415842674359611e-02
2.607482435235136897e+00 1.225895013470163636e-02
2.623190398503085774e+00 1.230299426692212095e-02
2.638898361771034651e+00 1.232501633303236324e-02
2.654606325038983972e+00 1.242044528617674767e-02
2.670314288306932848e+00 1.235437908784602253e-02
2.686022251574881725e+00 1.228831288951529391e-02
2.701730214842830602e+00 1.233969771043919375e-02
2.717438178110779479e+00 1.219288393637090948e-02
2.733146141378728355e+00 1.208277360581969800e-02
2.748854104646677676e+00 1.170839848194557553e-02
2.764562067914626553e+00 1.112848407437585889e-02
2.780270031182575430e+00 1.059995448773003862e-02
2.795977994450524307e+00 9.902589060905693519e-03
2.811685957718473627e+00 9.043728482606238836e-03
2.827393920986422504e+00 8.074757573755570947e-03
2.843101884254371381e+00 7.149830797125385912e-03
2.858809847522320258e+00 6.511190879928354172e-03
2.874517810790269134e+00 5.644989612925484235e-03
2.890225774058218011e+00 4.991668318321625455e-03
2.905933737326167332e+00 4.397072533345078305e-03
2.921641700594116209e+00 3.699707106520733202e-03
2.937349663862065086e+00 3.317991293943197209e-03
2.953057627130013962e+00 2.855527905628105993e-03
2.968765590397963283e+00 2.400405206016428730e-03
2.984473553665912160e+00 2.062733525659377325e-03
3.000181516933861037e+00 1.717721156598911968e-03
3.015889480201809913e+00 1.380049476241860997e-03
3.031597443469758790e+00 1.203872947359921342e-03
3.047305406737707667e+00 9.175860879267693469e-04
3.063013370005656988e+00 6.973654268243446690e-04
3.078721333273605865e+00 5.285295866458191837e-04
3.094429296541554741e+00 3.817158125775359386e-04
3.110137259809503618e+00 2.936275481365661650e-04
3.125845223077452495e+00 3.670344351707076520e-04
