-3.946724439183105226e-05 0.000000000000000000e+00
1.566849602355713592e-02 0.000000000000000000e+00
3.137645929150609941e-02 0.000000000000000000e+00
4.708442255945507332e-02 0.000000000000000000e+00
6.279238582740404029e-02 0.000000000000000000e+00
7.850034909535300032e-02 0.000000000000000000e+00
9.420831236330196035e-02 0.000000000000000000e+00
1.099162756312509481e-01 0.000000000000000000e+00
1.256242388991999082e-01 0.000000000000000000e+00
1.413322021671488404e-01 0.000000000000000000e+00
1.570401654350978282e-01 0.000000000000000000e+00
1.727481287030468160e-01 0.000000000000000000e+00
1.884560919709957483e-01 0.000000000000000000e+00
2.041640552389447361e-01 0.000000000000000000e+00
2.198720185068937238e-01 0.000000000000000000e+00
2.355799817748426561e-01 0.000000000000000000e+00
2.512879450427916717e-01 0.000000000000000000e+00
2.669959083107406039e-01 0.000000000000000000e+00
2.827038715786895917e-01 0.000000000000000000e+00
2.984118348466385795e-01 0.000000000000000000e+00
3.141197981145875118e-01 0.000000000000000000e+00
3.298277613825364996e-01 0.000000000000000000e+00
3.455357246504854318e-01 0.000000000000000000e+00
3.612436879184344196e-01 0.000000000000000000e+00
3.769516511863834074e-01 0.000000000000000000e+00
3.926596144543323952e-01 0.000000000000000000e+00
4.083675777222813275e-01 0.000000000000000000e+00
4.240755409902303152e-01 0.000000000000000000e+00
4.397835042581792475e-01 0.000000000000000000e+00
4.554914675261282353e-01 0.000000000000000000e+00
4.711994307940772231e-01 0.000000000000000000e+00
4.869073940620261554e-01 0.000000000000000000e+00
5.026153573299750876e-01 0.000000000000000000e+00
5.183233205979241864e-01 0.000000000000000000e+00
5.340312838658730632e-01 0.000000000000000000e+00
5.497392471338219400e-01 0.000000000000000000e+00
5.654472104017710388e-01 0.000000000000000000e+00
5.811551736697199155e-01 0.000000000000000000e+00
5.968631369376690143e-01 0.000000000000000000e+00
6.125711002056178911e-01 0.000000000000000000e+00
6.282790634735667679e-01 0.000000000000000000e+00
6.439870267415158667e-01 0.000000000000000000e+00
6.596949900094647434e-01 0.000000000000000000e+00
6.754029532774138422e-01 0.000000000000000000e+00
6.911109165453627190e-01 0.000000000000000000e+00
7.068188798133117068e-01 0.000000000000000000e+00
7.225268430812606946e-01 0.000000000000000000e+00
7.382348063492095713e-01 0.000000000000000000e+00
7.539427696171586701e-01 0.000000000000000000e+00
7.696507328851075469e-01 0.000000000000000000e+00
7.853586961530565347e-01 0.000000000000000000e+00
8.010666594210055225e-01 0.000000000000000000e+00
8.167746226889543992e-01 0.000000000000000000e+00
8.324825859569034980e-01 0.000000000000000000e+00
8.481905492248523748e-01 0.000000000000000000e+00
8.638985124928014736e-01 0.000000000000000000e+00
8.796064757607503504e-01 0.000000000000000000e+00
8.953144390286992271e-01 0.000000000000000000e+00
9.110224022966483259e-01 0.000000000000000000e+00
9.267303655645972027e-01 0.000000000000000000e+00
9.424383288325463015e-01 0.000000000000000000e+00
9.581462921004951783e-01 7.340688703414153447e-06
9.738542553684440550e-01 2.202206611024246034e-05
9.895622186363931538e-01 3.670344351707077062e-05
1.005270181904341920e+00 5.872550962731323435e-05
1.020978145172290796e+00 9.542895314438399820e-05
1.036686108440239895e+00 1.247917079580406255e-04
1.052394071708188994e+00 1.761765288819397098e-04
1.068102034976137871e+00 2.495834159160812511e-04
1.083809998244086747e+00 3.817158125775359928e-04
1.099517961512035624e+00 5.432109640526474161e-04
1.115225924779984723e+00 6.680026720106880958e-04
1.130933888047933822e+00 8.074757573755570079e-04
1.146641851315882699e+00 9.983336636643250044e-04
1.162349814583831575e+00 1.291961211800891169e-03
1.178057777851780452e+00 1.482819118089659166e-03
1.193765741119729551e+00 1.754424600115982820e-03
1.209473704387678650e+00 1.996667327328650009e-03
1.225181667655627527e+00 2.282954186761802003e-03
1.240889630923576403e+00 2.591263112305196292e-03
1.256597594191525280e+00 2.738076886373479266e-03
1.272305557459474379e+00 2.760098952483721994e-03
1.288013520727423478e+00 2.782121018593964289e-03
1.303721483995372354e+00 2.782121018593963855e-03
1.319429447263321231e+00 2.840846528221277652e-03
1.335137410531270330e+00 2.774780329890550335e-03
1.350845373799219207e+00 2.539878291381297750e-03
1.366553337067168306e+00 2.473812093050570000e-03
1.382261300335117182e+00 2.312316941575458685e-03
1.397969263603066059e+00 2.238910054541316981e-03
1.413677226871015158e+00 1.981985949921821668e-03
1.429385190138964035e+00 1.710380467895498014e-03
1.445093153406913133e+00 1.504841184199901460e-03
1.460801116674862010e+00 1.380049476241860997e-03
1.476509079942810887e+00 1.218554324766749682e-03
1.492217043210759986e+00 1.130466060325779854e-03
1.507925006478708863e+00 1.042377795884809810e-03
1.523632969746657961e+00 1.020355729774567299e-03
1.539340933014606838e+00 9.175860879267691301e-04
1.555048896282555715e+00 8.662012670028701542e-04
1.570756859550504814e+00 8.735419557062843246e-04
1.586464822818453690e+00 8.221571347823852403e-04
1.602172786086402789e+00 8.294978234857993023e-04
1.617880749354351666e+00 7.707723138584861560e-04
1.633588712622300543e+00 7.927943799687285588e-04
1.649296675890249642e+00 8.515198895960418134e-04
1.665004639158198518e+00 9.616302201472541524e-04
1.680712602426147617e+00 1.071740550698466491e-03
1.696420565694096494e+00 1.233235702173577806e-03
1.712128528962045371e+00 1.313983277911133464e-03
1.727836492229994469e+00 1.563566693827214823e-03
1.743544455497943568e+00 1.717721156598912184e-03
1.759252418765892445e+00 2.092096280473034007e-03
1.774960382033841322e+00 2.385723828609599955e-03
1.790668345301790199e+00 2.672010688042751950e-03
1.806376308569739297e+00 3.105111321544186918e-03
1.822084271837688396e+00 3.508849200231965205e-03
1.837792235105637273e+00 3.971312588547056856e-03
1.853500198373586150e+00 4.485160797786048349e-03
1.869208161641535026e+00 4.786129034626028685e-03
1.884916124909484125e+00 5.197207602017221359e-03
1.900624088177433224e+00 5.813825453104009937e-03
1.916332051445382101e+00 6.312992284936172656e-03
1.932040014713330978e+00 6.907588069912718939e-03
1.947747977981279854e+00 7.832514846542902240e-03
1.963455941249228953e+00 8.706056802249187432e-03
1.979163904517178052e+00 1.002738076886373550e-02
1.994871867785126929e+00 1.114316545178268766e-02
2.010579831053076028e+00 1.214149911544701137e-02
2.026287794321024904e+00 1.341143826113765959e-02
2.041995757588974225e+00 1.474744360515903643e-02
2.057703720856923102e+00 1.589259104289164615e-02
2.073411684124871979e+00 1.733136602876081747e-02
2.089119647392820855e+00 1.830767762631490408e-02
2.104827610660769732e+00 1.962900159292944521e-02
2.120535573928718609e+00 2.073010489844157034e-02
2.136243537196667930e+00 2.197802197802197627e-02
2.151951500464616807e+00 2.266804671614290612e-02
2.167659463732565683e+00 2.332136801074676316e-02
2.183367427000514560e+00 2.362233624758674350e-02
2.199075390268463881e+00 2.351222591703553202e-02
2.214783353536412758e+00 2.331402732204335138e-02
2.230491316804361634e+00 2.316721354797506710e-02
2.246199280072310511e+00 2.205876955375953019e-02
2.261907243340259388e+00 2.109713933361227756e-02
2.277615206608208265e+00 1.992996982976942902e-02
2.293323169876157586e+00 1.880684445814706160e-02
2.309031133144106462e+00 1.747817980282910175e-02
2.324739096412055339e+00 1.649452751657160335e-02
2.340447059680004216e+00 1.527597319180485497e-02
2.356155022947953537e+00 1.469605878423513659e-02
2.371862986215902414e+00 1.402071542352103378e-02
2.387570949483851290e+00 1.346282308206155770e-02
2.403278912751800167e+00 1.292695280671232565e-02
2.418986876019749044e+00 1.297099693893281024e-02
2.434694839287697921e+00 1.242778597488016293e-02
2.450402802555647241e+00 1.234703839914260554e-02
2.466110765823596118e+00 1.202404809619238291e-02
2.481818729091544995e+00 1.202404809619238291e-02
2.497526692359493872e+00 1.198734465267531357e-02
2.513234655627443193e+00 1.184787156731044455e-02
2.528942618895392069e+00 1.162765090620802161e-02
2.544650582163340946e+00 1.190659707693775791e-02
2.560358545431289823e+00 1.192127845434458495e-02
2.576066508699238700e+00 1.184053087860702930e-02
2.591774471967188020e+00 1.194330052045482725e-02
2.607482435235136897e+00 1.192127845434458495e-02
2.623190398503085774e+00 1.184787156731044455e-02
2.638898361771034651e+00 1.204607016230262867e-02
2.654606325038983972e+00 1.186989363342068685e-02
2.670314288306932848e+00 1.177446468027630588e-02
2.686022251574881725e+00 1.186989363342068858e-02
2.701730214842830602e+00 1.166435434972509094e-02
2.717438178110779479e+00 1.156892539658070651e-02
2.733146141378728355e+00 1.165701366102167742e-02
2.748854104646677676e+00 1.136338611288511061e-02
2.764562067914626553e+00 1.100369236641781864e-02
2.780270031182575430e+00 1.037239313792420042e-02
2.795977994450524307e+00 9.719071843320339910e-03
2.811685957718473627e+00 9.175860879267692602e-03
2.827393920986422504e+00 8.544561650774076117e-03
2.843101884254371381e+00 7.612294185440476695e-03
2.858809847522320258e+00 6.760774295844435532e-03
2.874517810790269134e+00 5.967979915875706864e-03
2.890225774058218011e+00 5.439450329229888331e-03
2.905933737326167332e+00 4.756766279812372870e-03
2.921641700594116209e+00 4.147489117428996945e-03
2.937349663862065086e+00 3.340013360053439937e-03
2.953057627130013962e+00 2.818824462111034924e-03
2.968765590397963283e+00 2.378383139906185568e-03
2.984473553665912160e+00 2.055392836955963372e-03
3.000181516933861037e+00 1.607610826047699846e-03
3.015889480201809913e+00 1.313983277911133681e-03
3.031597443469758790e+00 1.064399861995052321e-03
3.047305406737707667e+00 9.029047105199408977e-04
3.063013370005656988e+00 7.340688703414153041e-04
3.078721333273605865e+00 6.092771623833747327e-04
3.094429296541554741e+00 3.817158125775361012e-04
3.110137259809503618e+00 3.009682368399803896e-04
3.125845223077452495e+00 3.156496142468086762e-04
