-3.946724439183105226e-05 0.000000000000000000e+00
1.566849602355713592e-02 0.000000000000000000e+00
3.137645929150609941e-02 0.000000000000000000e+00
4.708442255945507332e-02 0.000000000000000000e+00
6.279238582740404029e-02 0.000000000000000000e+00
7.850034909535300032e-02 0.000000000000000000e+00
9.420831236330196035e-02 0.000000000000000000e+00
1.099162756312509481e-01 0.000000000000000000e+00
1.256242388991999082e-01 0.000000000000000000e+00
1.413322021671488404e-01 0.000000000000000000e+00
1.570401654350978282e-01 0.000000000000000000e+00
1.727481287030468160e-01 0.000000000000000000e+00
1.884560919709957483e-01 0.000000000000000000e+00
2.041640552389447361e-01 0.000000000000000000e+00
2.198720185068937238e-01 0.000000000000000000e+00
2.355799817748426561e-01 0.000000000000000000e+00
2.512879450427916717e-01 0.000000000000000000e+00
2.669959083107406039e-01 0.000000000000000000e+00
2.827038715786895917e-01 0.000000000000000000e+00
2.984118348466385795e-01 0.000000000000000000e+00
3.141197981145875118e-01 0.000000000000000000e+00
3.298277613825364996e-01 0.000000000000000000e+00
3.455357246504854318e-01 0.000000000000000000e+00
3.612436879184344196e-01 0.000000000000000000e+00
3.769516511863834074e-01 0.000000000000000000e+00
3.926596144543323952e-01 0.000000000000000000e+00
4.083675777222813275e-01 0.000000000000000000e+00
4.240755409902303152e-01 0.000000000000000000e+00
4.397835042581792475e-01 0.000000000000000000e+00
4.554914675261282353e-01 0.000000000000000000e+00
4.711994307940772231e-01 0.000000000000000000e+00
4.869073940620261554e-01 0.000000000000000000e+00
5.026153573299750876e-01 0.000000000000000000e+00
5.183233205979241864e-01 0.000000000000000000e+00
5.340312838658730632e-01 0.000000000000000000e+00
5.497392471338219400e-01 0.000000000000000000e+00
5.654472104017710388e-01 0.000000000000000000e+00
5.811551736697199155e-01 0.000000000000000000e+00
5.968631369376690143e-01 0.000000000000000000e+00
6.125711002056178911e-01 0.000000000000000000e+00
6.282790634735667679e-01 0.000000000000000000e+00
6.439870267415158667e-01 0.000000000000000000e+00
6.596949900094647434e-01 0.000000000000000000e+00
6.754029532774138422e-01 0.000000000000000000e+00
6.911109165453627190e-01 0.000000000000000000e+00
7.068188798133117068e-01 0.000000000000000000e+00
7.225268430812606946e-01 0.000000000000000000e+00
7.382348063492095713e-01 0.000000000000000000e+00
7.539427696171586701e-01 0.000000000000000000e+00
7.696507328851075469e-01 0.000000000000000000e+00
7.853586961530565347e-01 0.000000000000000000e+00
8.010666594210055225e-01 0.000000000000000000e+00
8.167746226889543992e-01 0.000000000000000000e+00
8.324825859569034980e-01 0.000000000000000000e+00
8.481905492248523748e-01 0.000000000000000000e+00
8.638985124928014736e-01 0.000000000000000000e+00
8.796064757607503504e-01 0.000000000000000000e+00
8.953144390286992271e-01 0.000000000000000000e+00
9.110224022966483259e-01 7.340688703414153447e-06
9.267303655645972027e-01 7.340688703414153447e-06
9.424383288325463015e-01 7.340688703414153447e-06
9.581462921004951783e-01 1.468137740682830689e-05
9.738542553684440550e-01 1.468137740682830689e-05
9.895622186363931538e-01 1.468137740682830689e-05
1.005270181904341920e+00 4.404413222048492068e-05
1.020978145172290796e+00 5.138482092389907752e-05
1.036686108440239895e+00 7.340688703414154125e-05
1.052394071708188994e+00 1.321323966614547688e-04
1.068102034976137871e+00 2.202206611024246237e-04
1.083809998244086747e+00 3.083089255433945058e-04
1.099517961512035624e+00 4.331006335014350771e-04
1.115225924779984723e+00 5.358702753492331373e-04
1.130933888047933822e+00 6.826840494175163282e-04
1.146641851315882699e+00 8.515198895960419219e-04
1.162349814583831575e+00 1.101103305512123173e-03
1.178057777851780452e+00 1.343346032724790362e-03
1.193765741119729551e+00 1.578248071234043164e-03
1.209473704387678650e+00 1.791128043633053672e-03
1.225181667655627527e+00 1.923260440294508522e-03
1.240889630923576403e+00 2.011348704735477916e-03
1.256597594191525280e+00 2.106777657879861914e-03
1.272305557459474379e+00 1.996667327328650009e-03
1.288013520727423478e+00 1.835172175853538477e-03
1.303721483995372354e+00 1.754424600115982603e-03
1.319429447263321231e+00 1.622292203454527969e-03
1.335137410531270330e+00 1.556226005123800870e-03
1.350845373799219207e+00 1.490159806793073336e-03
1.366553337067168306e+00 1.365368098835032656e-03
1.382261300335117182e+00 1.313983277911133681e-03
1.397969263603066059e+00 1.269939145690648875e-03
1.413677226871015158e+00 1.145147437732608195e-03
1.429385190138964035e+00 1.027696418477981469e-03
1.445093153406913133e+00 9.029047105199407893e-04
1.460801116674862010e+00 8.001350686721426207e-04
1.476509079942810887e+00 7.781130025619002180e-04
1.492217043210759986e+00 7.120468042311729013e-04
1.507925006478708863e+00 6.973654268243446690e-04
1.523632969746657961e+00 6.900247381209304986e-04
1.539340933014606838e+00 7.193874929345871801e-04
1.555048896282555715e+00 7.854536912653143884e-04
1.570756859550504814e+00 7.781130025619003264e-04
1.586464822818453690e+00 7.634316251550718772e-04
1.602172786086402789e+00 8.294978234857993023e-04
1.617880749354351666e+00 8.001350686721427291e-04
1.633588712622300543e+00 8.515198895960419219e-04
1.649296675890249642e+00 9.542895314438399820e-04
1.665004639158198518e+00 9.983336636643250044e-04
1.680712602426147617e+00 1.152488126436022149e-03
1.696420565694096494e+00 1.277279834394062612e-03
1.712128528962045371e+00 1.277279834394062612e-03
1.727836492229994469e+00 1.468137740682830825e-03
1.743544455497943568e+00 1.717721156598911968e-03
1.759252418765892445e+00 1.901238374184265794e-03
1.774960382033841322e+00 2.172843856210589664e-03
1.790668345301790199e+00 2.517856225271054588e-03
1.806376308569739297e+00 2.848187216924692039e-03
1.822084271837688396e+00 3.442783001901238323e-03
1.837792235105637273e+00 3.824498814478774315e-03
1.853500198373586150e+00 4.147489117428996945e-03
1.869208161641535026e+00 4.477820109082633962e-03
1.884916124909484125e+00 4.874217299066998729e-03
1.900624088177433224e+00 5.468813084043544145e-03
1.916332051445382101e+00 6.166178510867889248e-03
1.932040014713330978e+00 6.694708097513707781e-03
1.947747977981279854e+00 7.487502477482436448e-03
1.963455941249228953e+00 8.317000300968236184e-03
1.979163904517178052e+00 9.425444295183773094e-03
1.994871867785126929e+00 1.048250346847541190e-02
2.010579831053076028e+00 1.174510192546264660e-02
2.026287794321024904e+00 1.295631556152598146e-02
2.041995757588974225e+00 1.418955126369956035e-02
2.057703720856923102e+00 1.586322828807798860e-02
2.073411684124871979e+00 1.741945429320178665e-02
2.089119647392820855e+00 1.875545963722316523e-02
2.104827610660769732e+00 2.032636701975379379e-02
2.120535573928718609e+00 2.159630616544443854e-02
2.136243537196667930e+00 2.282220117891460565e-02
2.151951500464616807e+00 2.369574313462088910e-02
2.167659463732565683e+00 2.398937068275745418e-02
2.183367427000514560e+00 2.453992233551351501e-02
2.199075390268463881e+00 2.407745894719842683e-02
2.214783353536412758e+00 2.389394172961307322e-02
2.230491316804361634e+00 2.285890462243167845e-02
2.246199280072310511e+00 2.195599991191173744e-02
2.261907243340259388e+00 2.076680834195864661e-02
2.277615206608208265e+00 1.960697952681920639e-02
2.293323169876157586e+00 1.818288591835686210e-02
2.309031133144106462e+00 1.756626806727007092e-02
2.324739096412055339e+00 1.639175787472380366e-02
2.340447059680004216e+00 1.567237038178921626e-02
2.356155022947953537e+00 1.489425737922731897e-02
2.371862986215902414e+00 1.433636503776784289e-02
2.387570949483851290e+00 1.398401198000396445e-02
2.403278912751800167e+00 1.361697754483325376e-02
2.418986876019749044e+00 1.304440382596695064e-02
2.434694839287697921e+00 1.261130319246551654e-02
2.450402802555647241e+00 1.248651148450747629e-02
2.466110765823596118e+00 1.213415842674359785e-02
2.481818729091544995e+00 1.231767564432895146e-02
2.497526692359493872e+00 1.233235702173577850e-02
2.513234655627443193e+00 1.235437908784602253e-02
2.528942618895392069e+00 1.267002870209283164e-02
2.544650582163340946e+00 1.268471007949966041e-02
2.560358545431289823e+00 1.278747972134745663e-02
2.576066508699238700e+00 1.285354591967818351e-02
2.591774471967188020e+00 1.294163418411915442e-02
2.607482435235136897e+00 1.293429349541573917e-02
2.623190398503085774e+00 1.283886454227135474e-02
2.638898361771034651e+00 1.273609490042355852e-02
2.654606325038983972e+00 1.297833762763622549e-02
2.670314288306932848e+00 1.308110726948402344e-02
2.686022251574881725e+00 1.299301900504305253e-02
2.701730214842830602e+00 1.275811696653380081e-02
2.717438178110779479e+00 1.264800663598258761e-02
2.733146141378728355e+00 1.244980804099040522e-02
2.748854104646677676e+00 1.227363151210846687e-02
2.764562067914626553e+00 1.172307985935240431e-02
2.780270031182575430e+00 1.095230754549391880e-02
2.795977994450524307e+00 1.018153523163542983e-02
2.811685957718473627e+00 9.476829116107672937e-03
2.827393920986422504e+00 8.500517518553589794e-03
2.843101884254371381e+00 7.678360383771205312e-03
2.858809847522320258e+00 6.680026720106879874e-03
2.874517810790269134e+00 5.777122009586939735e-03
2.890225774058218011e+00 5.079756582762594633e-03
2.905933737326167332e+00 4.470479420379220442e-03
2.921641700594116209e+00 3.795136059665117200e-03
2.937349663862065086e+00 3.266606473019298667e-03
2.953057627130013962e+00 2.686692065449580290e-03
2.968765590397963283e+00 2.297635564168629910e-03
2.984473553665912160e+00 1.915919751591094351e-03
3.000181516933861037e+00 1.446115674572588314e-03
3.015889480201809913e+00 1.233235702173577806e-03
3.031597443469758790e+00 9.763115975540824932e-04
3.047305406737707667e+00 7.047061155277587309e-04
3.063013370005656988e+00 5.652330301628899272e-04
3.078721333273605865e+00 3.890565012809501632e-04
3.094429296541554741e+00 3.450123690604652493e-04
3.110137259809503618e+00 2.862868594331519946e-04
3.125845223077452495e+00 2.495834159160812511e-04
