-3.946724439183105226e-05 0.000000000000000000e+00
1.566849602355713592e-02 0.000000000000000000e+00
3.137645929150609941e-02 0.000000000000000000e+00
4.708442255945507332e-02 0.000000000000000000e+00
6.279238582740404029e-02 0.000000000000000000e+00
7.850034909535300032e-02 0.000000000000000000e+00
9.420831236330196035e-02 0.000000000000000000e+00
1.099162756312509481e-01 0.000000000000000000e+00
1.256242388991999082e-01 0.000000000000000000e+00
1.413322021671488404e-01 0.000000000000000000e+00
1.570401654350978282e-01 0.000000000000000000e+00
1.727481287030468160e-01 0.000000000000000000e+00
1.884560919709957483e-01 0.000000000000000000e+00
2.041640552389447361e-01 0.000000000000000000e+00
2.198720185068937238e-01 0.000000000000000000e+00
2.355799817748426561e-01 0.000000000000000000e+00
2.512879450427916717e-01 0.000000000000000000e+00
2.669959083107406039e-01 0.000000000000000000e+00
2.827038715786895917e-01 0.000000000000000000e+00
2.984118348466385795e-01 0.000000000000000000e+00
3.141197981145875118e-01 0.000000000000000000e+00
3.298277613825364996e-01 0.000000000000000000e+00
3.455357246504854318e-01 0.000000000000000000e+00
3.612436879184344196e-01 0.000000000000000000e+00
3.769516511863834074e-01 0.000000000000000000e+00
3.926596144543323952e-01 0.000000000000000000e+00
4.083675777222813275e-01 0.000000000000000000e+00
4.240755409902303152e-01 0.000000000000000000e+00
4.397835042581792475e-01 0.000000000000000000e+00
4.554914675261282353e-01 0.000000000000000000e+00
4.711994307940772231e-01 0.000000000000000000e+00
4.869073940620261554e-01 0.000000000000000000e+00
5.026153573299750876e-01 0.000000000000000000e+00
5.183233205979241864e-01 0.000000000000000000e+00
5.340312838658730632e-01 0.000000000000000000e+00
5.497392471338219400e-01 0.000000000000000000e+00
5.654472104017710388e-01 0.000000000000000000e+00
5.811551736697199155e-01 0.000000000000000000e+00
5.968631369376690143e-01 0.000000000000000000e+00
6.125711002056178911e-01 0.000000000000000000e+00
6.282790634735667679e-01 0.000000000000000000e+00
6.439870267415158667e-01 0.000000000000000000e+00
6.596949900094647434e-01 0.000000000000000000e+00
6.754029532774138422e-01 0.000000000000000000e+00
6.911109165453627190e-01 0.000000000000000000e+00
7.068188798133117068e-01 0.000000000000000000e+00
7.225268430812606946e-01 0.000000000000000000e+00
7.382348063492095713e-01 0.000000000000000000e+00
7.539427696171586701e-01 0.000000000000000000e+00
7.696507328851075469e-01 0.000000000000000000e+00
7.853586961530565347e-01 0.000000000000000000e+00
8.010666594210055225e-01 0.000000000000000000e+00
8.167746226889543992e-01 0.000000000000000000e+00
8.324825859569034980e-01 0.000000000000000000e+00
8.481905492248523748e-01 0.000000000000000000e+00
8.638985124928014736e-01 0.000000000000000000e+00
8.796064757607503504e-01 0.000000000000000000e+00
8.953144390286992271e-01 0.000000000000000000e+00
9.110224022966483259e-01 0.000000000000000000e+00
9.267303655645972027e-01 0.000000000000000000e+00
9.424383288325463015e-01 0.000000000000000000e+00
9.581462921004951783e-01 0.000000000000000000e+00
9.738542553684440550e-01 1.468137740682830689e-05
9.895622186363931538e-01 2.202206611024246034e-05
1.005270181904341920e+00 3.670344351707077062e-05
1.020978145172290796e+00 7.340688703414154125e-05
1.036686108440239895e+00 8.074757573755569808e-05
1.052394071708188994e+00 1.247917079580406255e-04
1.068102034976137871e+00 2.275613498058387670e-04
1.083809998244086747e+00 3.523530577638793655e-04
1.099517961512035624e+00 5.358702753492332457e-04
1.115225924779984723e+00 7.340688703414153041e-04
1.130933888047933822e+00 9.029047105199410062e-04
1.146641851315882699e+00 1.108443994215537343e-03
1.162349814583831575e+00 1.438774985869174143e-03
1.178057777851780452e+00 1.614951514751113799e-03
1.193765741119729551e+00 1.901238374184266011e-03
1.209473704387678650e+00 2.150821790100346936e-03
1.225181667655627527e+00 2.290294875465215957e-03
1.240889630923576403e+00 2.503174847864226248e-03
1.256597594191525280e+00 2.679351376746166337e-03
1.272305557459474379e+00 2.767439641187135948e-03
1.288013520727423478e+00 2.848187216924692039e-03
1.303721483995372354e+00 2.738076886373479700e-03
1.319429447263321231e+00 2.591263112305196292e-03
1.335137410531270330e+00 2.525196913974468976e-03
1.350845373799219207e+00 2.341679696389115366e-03
1.366553337067168306e+00 2.268272809354973663e-03
1.382261300335117182e+00 2.011348704735478349e-03
1.397969263603066059e+00 1.849853553260366818e-03
1.413677226871015158e+00 1.658995646971598821e-03
1.429385190138964035e+00 1.556226005123800870e-03
1.445093153406913133e+00 1.394730853648689338e-03
1.460801116674862010e+00 1.255257768283820534e-03
1.476509079942810887e+00 1.108443994215537126e-03
1.492217043210759986e+00 1.005674352367739175e-03
1.507925006478708863e+00 9.322674653335975793e-04
1.523632969746657961e+00 8.662012670028701542e-04
1.539340933014606838e+00 7.634316251550719856e-04
1.555048896282555715e+00 7.634316251550719856e-04
1.570756859550504814e+00 8.001350686721427291e-04
1.586464822818453690e+00 7.634316251550718772e-04
1.602172786086402789e+00 8.368385121892134727e-04
1.617880749354351666e+00 8.294978234857993023e-04
1.633588712622300543e+00 9.249267766301834089e-04
1.649296675890249642e+00 1.093762616808709003e-03
1.665004639158198518e+00 1.211213636063335295e-03
1.680712602426147617e+00 1.262598456987234488e-03
1.696420565694096494e+00 1.402071542352103508e-03
1.712128528962045371e+00 1.497500495496487290e-03
1.727836492229994469e+00 1.658995646971598605e-03
1.743544455497943568e+00 1.908579062887679964e-03
1.759252418765892445e+00 2.092096280473034007e-03
1.774960382033841322e+00 2.260932120651559275e-03
1.790668345301790199e+00 2.664669999339337996e-03
1.806376308569739297e+00 2.972978924882732285e-03
1.822084271837688396e+00 3.295969227832954915e-03
1.837792235105637273e+00 3.714388483927562410e-03
1.853500198373586150e+00 4.088763607801683582e-03
1.869208161641535026e+00 4.720062836295301802e-03
1.884916124909484125e+00 5.321999309975261605e-03
1.900624088177433224e+00 5.857869585324495393e-03
1.916332051445382101e+00 6.599279144369325084e-03
1.932040014713330978e+00 7.458139722668781502e-03
1.947747977981279854e+00 8.522539584663833823e-03
1.963455941249228953e+00 9.447466361294017123e-03
1.979163904517178052e+00 1.043845933625492731e-02
1.994871867785126929e+00 1.130466060325779898e-02
2.010579831053076028e+00 1.269939145690648571e-02
2.026287794321024904e+00 1.386656096074933599e-02
2.041995757588974225e+00 1.528331388050826849e-02
2.057703720856923102e+00 1.642112062953746121e-02
2.073411684124871979e+00 1.793330250244077814e-02
2.089119647392820855e+00 1.871875619370609242e-02
2.104827610660769732e+00 2.035572977456744787e-02
2.120535573928718609e+00 2.125129379638397709e-02
2.136243537196667930e+00 2.203674748764929137e-02
2.151951500464616807e+00 2.222760539393806023e-02
2.167659463732565683e+00 2.293231150946582059e-02
2.183367427000514560e+00 2.263134327262583678e-02
2.199075390268463881e+00 2.272677222577022121e-02
2.214783353536412758e+00 2.202940679894587611e-02
2.230491316804361634e+00 2.153758065581713038e-02
2.246199280072310511e+00 2.072276420973815855e-02
2.261907243340259388e+00 2.004008016032063702e-02
2.277615206608208265e+00 1.916653820461435356e-02
2.293323169876157586e+00 1.843246933427294260e-02
2.309031133144106462e+00 1.750020186893934404e-02
2.324739096412055339e+00 1.671474817767402976e-02
2.340447059680004216e+00 1.587790966548481564e-02
2.356155022947953537e+00 1.521724768217753987e-02
2.371862986215902414e+00 1.458594845368392338e-02
2.387570949483851290e+00 1.355825203520594213e-02
2.403278912751800167e+00 1.305908520337377941e-02
2.418986876019749044e+00 1.260396250376210128e-02
2.434694839287697921e+00 1.228831288951529391e-02
2.450402802555647241e+00 1.204607016230262694e-02
2.466110765823596118e+00 1.184787156731044629e-02
2.481818729091544995e+00 1.196532258656507128e-02
2.497526692359493872e+00 1.195798189786165776e-02
2.513234655627443193e+00 1.192861914304799847e-02
2.528942618895392069e+00 1.198000396397189832e-02
2.544650582163340946e+00 1.198000396397189832e-02
2.560358545431289823e+00 1.191393776564117143e-02
2.576066508699238700e+00 1.189191569953092914e-02
2.591774471967188020e+00 1.198000396397190005e-02
2.607482435235136897e+00 1.219288393637090948e-02
2.623190398503085774e+00 1.259662181505868776e-02
2.638898361771034651e+00 1.279482041005087015e-02
2.654606325038983972e+00 1.303706313726353885e-02
2.670314288306932848e+00 1.315451415651816384e-02
2.686022251574881725e+00 1.322792104355230598e-02
2.701730214842830602e+00 1.311047002429767752e-02
2.717438178110779479e+00 1.275077627783038556e-02
2.733146141378728355e+00 1.217086187026066718e-02
2.748854104646677676e+00 1.164967297231826217e-02
2.764562067914626553e+00 1.098901098901098987e-02
2.780270031182575430e+00 1.032100831700030058e-02
2.795977994450524307e+00 9.579598757955470889e-03
2.811685957718473627e+00 8.632649915215045294e-03
2.827393920986422504e+00 7.832514846542902240e-03
2.843101884254371381e+00 6.958972890836618783e-03
2.858809847522320258e+00 6.312992284936173523e-03
2.874517810790269134e+00 5.505516527560616082e-03
2.890225774058218011e+00 4.690700081481644253e-03
2.905933737326167332e+00 4.081422919098269195e-03
2.921641700594116209e+00 3.574915398562692956e-03
2.937349663862065086e+00 3.017023057103217307e-03
2.953057627130013962e+00 2.591263112305196292e-03
2.968765590397963283e+00 2.128799723990104642e-03
2.984473553665912160e+00 1.710380467895497797e-03
3.000181516933861037e+00 1.438774985869174360e-03
3.015889480201809913e+00 1.255257768283820534e-03
3.031597443469758790e+00 9.029047105199408977e-04
3.047305406737707667e+00 7.854536912653144968e-04
3.063013370005656988e+00 6.533212946038597551e-04
3.078721333273605865e+00 4.771447657219199910e-04
3.094429296541554741e+00 4.477820109082634179e-04
3.110137259809503618e+00 3.817158125775359928e-04
3.125845223077452495e+00 2.936275481365661650e-04
