-3.946724439183105226e-05 0.000000000000000000e+00
1.566849602355713592e-02 0.000000000000000000e+00
3.137645929150609941e-02 0.000000000000000000e+00
4.708442255945507332e-02 0.000000000000000000e+00
6.279238582740404029e-02 0.000000000000000000e+00
7.850034909535300032e-02 0.000000000000000000e+00
9.420831236330196035e-02 0.000000000000000000e+00
1.099162756312509481e-01 0.000000000000000000e+00
1.256242388991999082e-01 0.000000000000000000e+00
1.413322021671488404e-01 0.000000000000000000e+00
1.570401654350978282e-01 0.000000000000000000e+00
1.727481287030468160e-01 0.000000000000000000e+00
1.884560919709957483e-01 0.000000000000000000e+00
2.041640552389447361e-01 0.000000000000000000e+00
2.198720185068937238e-01 0.000000000000000000e+00
2.355799817748426561e-01 0.000000000000000000e+00
2.512879450427916717e-01 0.000000000000000000e+00
2.669959083107406039e-01 0.000000000000000000e+00
2.827038715786895917e-01 0.000000000000000000e+00
2.984118348466385795e-01 0.000000000000000000e+00
3.141197981145875118e-01 0.000000000000000000e+00
3.298277613825364996e-01 0.000000000000000000e+00
3.455357246504854318e-01 0.000000000000000000e+00
3.612436879184344196e-01 0.000000000000000000e+00
3.769516511863834074e-01 0.000000000000000000e+00
3.926596144543323952e-01 0.000000000000000000e+00
4.083675777222813275e-01 0.000000000000000000e+00
4.240755409902303152e-01 0.000000000000000000e+00
4.397835042581792475e-01 0.000000000000000000e+00
4.554914675261282353e-01 0.000000000000000000e+00
4.711994307940772231e-01 0.000000000000000000e+00
4.869073940620261554e-01 0.000000000000000000e+00
5.026153573299750876e-01 0.000000000000000000e+00
5.183233205979241864e-01 0.000000000000000000e+00
5.340312838658730632e-01 0.000000000000000000e+00
5.497392471338219400e-01 0.000000000000000000e+00
5.654472104017710388e-01 0.000000000000000000e+00
5.811551736697199155e-01 0.000000000000000000e+00
5.968631369376690143e-01 0.000000000000000000e+00
6.125711002056178911e-01 0.000000000000000000e+00
6.282790634735667679e-01 0.000000000000000000e+00
6.439870267415158667e-01 0.000000000000000000e+00
6.596949900094647434e-01 0.000000000000000000e+00
6.754029532774138422e-01 0.000000000000000000e+00
6.911109165453627190e-01 0.000000000000000000e+00
7.068188798133117068e-01 0.000000000000000000e+00
7.225268430812606946e-01 0.000000000000000000e+00
7.382348063492095713e-01 0.000000000000000000e+00
7.539427696171586701e-01 0.000000000000000000e+00
7.696507328851075469e-01 0.000000000000000000e+00
7.853586961530565347e-01 0.000000000000000000e+00
8.010666594210055225e-01 0.000000000000000000e+00
8.167746226889543992e-01 0.000000000000000000e+00
8.324825859569034980e-01 0.000000000000000000e+00
8.481905492248523748e-01 0.000000000000000000e+00
8.638985124928014736e-01 0.000000000000000000e+00
8.796064757607503504e-01 0.000000000000000000e+00
8.953144390286992271e-01 0.000000000000000000e+00
9.110224022966483259e-01 7.340688703414153447e-06
9.267303655645972027e-01 7.340688703414153447e-06
9.424383288325463015e-01 7.340688703414153447e-06
9.581462921004951783e-01 7.340688703414153447e-06
9.738542553684440550e-01 7.340688703414153447e-06
9.895622186363931538e-01 1.468137740682830689e-05
1.005270181904341920e+00 3.670344351707077062e-05
1.020978145172290796e+00 3.670344351707077062e-05
1.036686108440239895e+00 7.340688703414154125e-05
1.052394071708188994e+00 1.101103305512123119e-04
1.068102034976137871e+00 2.055392836955963372e-04
1.083809998244086747e+00 3.450123690604652493e-04
1.099517961512035624e+00 4.404413222048492475e-04
1.115225924779984723e+00 6.092771623833747327e-04
1.130933888047933822e+00 8.294978234857993023e-04
1.146641851315882699e+00 1.057059173291638151e-03
1.162349814583831575e+00 1.343346032724790145e-03
1.178057777851780452e+00 1.614951514751113799e-03
1.193765741119729551e+00 1.769105977522811160e-03
1.209473704387678650e+00 2.106777657879862348e-03
1.225181667655627527e+00 2.304976252872044298e-03
1.240889630923576403e+00 2.481152781753983953e-03
1.256597594191525280e+00 2.657329310635923609e-03
1.272305557459474379e+00 2.738076886373479266e-03
1.288013520727423478e+00 2.745417575076893220e-03
1.303721483995372354e+00 2.811483773407620970e-03
1.319429447263321231e+00 2.672010688042751950e-03
1.335137410531270330e+00 2.635307244525681315e-03
1.350845373799219207e+00 2.451790026940327705e-03
1.366553337067168306e+00 2.304976252872044731e-03
1.382261300335117182e+00 2.077414903066206100e-03
1.397969263603066059e+00 1.827831487150124523e-03
1.413677226871015158e+00 1.570907382530629210e-03
1.429385190138964035e+00 1.387390164945275384e-03
1.445093153406913133e+00 1.167169503842850490e-03
1.460801116674862010e+00 1.115784682918951514e-03
1.476509079942810887e+00 9.029047105199410062e-04
1.492217043210759986e+00 8.148164460789709615e-04
1.507925006478708863e+00 7.927943799687286672e-04
1.523632969746657961e+00 8.294978234857994107e-04
1.539340933014606838e+00 8.221571347823853487e-04
1.555048896282555715e+00 7.854536912653144968e-04
1.570756859550504814e+00 7.414095590448294745e-04
1.586464822818453690e+00 7.707723138584861560e-04
1.602172786086402789e+00 8.515198895960418134e-04
1.617880749354351666e+00 8.808826444096983866e-04
1.633588712622300543e+00 8.588605782994559838e-04
1.649296675890249642e+00 8.882233331131125570e-04
1.665004639158198518e+00 1.049718484588223980e-03
1.680712602426147617e+00 1.225895013470163853e-03
1.696420565694096494e+00 1.490159806793073119e-03
1.712128528962045371e+00 1.688358401785255286e-03
1.727836492229994469e+00 1.835172175853538477e-03
1.743544455497943568e+00 2.077414903066205666e-03
1.759252418765892445e+00 2.378383139906186002e-03
1.774960382033841322e+00 2.716054820263236538e-03
1.790668345301790199e+00 3.046385811916873989e-03
1.806376308569739297e+00 3.332672671350025984e-03
1.822084271837688396e+00 3.604278153376349637e-03
1.837792235105637273e+00 4.022697409470956699e-03
1.853500198373586150e+00 4.624633883150917370e-03
1.869208161641535026e+00 5.087097271466009020e-03
1.884916124909484125e+00 5.549560659781100670e-03
1.900624088177433224e+00 5.975320604579121252e-03
1.916332051445382101e+00 6.511190879928354172e-03
1.932040014713330978e+00 7.142490108421970657e-03
1.947747977981279854e+00 8.060076196348740438e-03
1.963455941249228953e+00 8.581265094291145451e-03
1.979163904517178052e+00 9.895248372202278264e-03
1.994871867785126929e+00 1.081283446012904804e-02
2.010579831053076028e+00 1.220756531377773652e-02
2.026287794321024904e+00 1.330866861928985991e-02
2.041995757588974225e+00 1.452722294405661002e-02
2.057703720856923102e+00 1.575311795752677366e-02
2.073411684124871979e+00 1.749286118023592879e-02
2.089119647392820855e+00 1.807277558780564716e-02
2.104827610660769732e+00 1.960697952681920639e-02
2.120535573928718609e+00 2.043647735030500179e-02
2.136243537196667930e+00 2.148619583489322707e-02
2.151951500464616807e+00 2.247718880985414072e-02
2.167659463732565683e+00 2.307912528353410139e-02
2.183367427000514560e+00 2.268272809354973663e-02
2.199075390268463881e+00 2.278549773539753631e-02
2.214783353536412758e+00 2.235239710189610221e-02
2.230491316804361634e+00 2.167705374118199593e-02
2.246199280072310511e+00 2.111182071101910807e-02
2.261907243340259388e+00 1.975379330088748719e-02
2.277615206608208265e+00 1.884354790166413440e-02
2.293323169876157586e+00 1.814618247483978930e-02
2.309031133144106462e+00 1.727998120783692110e-02
2.324739096412055339e+00 1.600270137344285762e-02
2.340447059680004216e+00 1.537140214494923766e-02
2.356155022947953537e+00 1.451988225535319477e-02
2.371862986215902414e+00 1.427029883943711427e-02
2.387570949483851290e+00 1.355825203520594213e-02
2.403278912751800167e+00 1.333069068540010393e-02
2.418986876019749044e+00 1.300035969374646778e-02
2.434694839287697921e+00 1.305908520337378115e-02
2.450402802555647241e+00 1.298567831633963901e-02
2.466110765823596118e+00 1.283886454227135474e-02
2.481818729091544995e+00 1.262598456987234531e-02
2.497526692359493872e+00 1.264800663598258761e-02
2.513234655627443193e+00 1.261130319246551827e-02
2.528942618895392069e+00 1.250119286191430333e-02
2.544650582163340946e+00 1.251587423932113211e-02
2.560358545431289823e+00 1.237640115395626308e-02
2.576066508699238700e+00 1.241310459747333589e-02
2.591774471967188020e+00 1.259662181505868950e-02
2.607482435235136897e+00 1.237640115395626482e-02
2.623190398503085774e+00 1.232501633303236498e-02
2.638898361771034651e+00 1.243512666358357645e-02
2.654606325038983972e+00 1.233969771043919375e-02
2.670314288306932848e+00 1.233969771043919375e-02
2.686022251574881725e+00 1.223692806859139753e-02
2.701730214842830602e+00 1.195798189786165776e-02
2.717438178110779479e+00 1.206809222841286923e-02
2.733146141378728355e+00 1.176712399157288716e-02
2.748854104646677676e+00 1.141477093380900872e-02
2.764562067914626553e+00 1.087890065845977493e-02
2.780270031182575430e+00 1.040175589273785624e-02
2.795977994450524307e+00 9.711731154616926390e-03
2.811685957718473627e+00 9.095113303530136944e-03
2.827393920986422504e+00 8.236252725230680527e-03
2.843101884254371381e+00 7.326007326007326001e-03
2.858809847522320258e+00 6.680026720106879874e-03
2.874517810790269134e+00 5.990001981985950026e-03
2.890225774058218011e+00 5.123800714983080089e-03
2.905933737326167332e+00 4.565908373523604874e-03
2.921641700594116209e+00 3.956631211140228949e-03
2.937349663862065086e+00 3.391398180977339347e-03
2.953057627130013962e+00 3.031704434510045648e-03
2.968765590397963283e+00 2.554559668788125223e-03
2.984473553665912160e+00 2.158162478803761324e-03
3.000181516933861037e+00 1.835172175853538694e-03
3.015889480201809913e+00 1.453456363276002484e-03
3.031597443469758790e+00 1.189191569953093001e-03
3.047305406737707667e+00 9.102453992233550681e-04
3.063013370005656988e+00 6.680026720106880958e-04
3.078721333273605865e+00 4.404413222048492475e-04
3.094429296541554741e+00 2.862868594331520488e-04
3.110137259809503618e+00 2.202206611024246780e-04
3.125845223077452495e+00 2.055392836955963372e-04
