-3.946724439183105226e-05 0.000000000000000000e+00
1.566849602355713592e-02 0.000000000000000000e+00
3.137645929150609941e-02 0.000000000000000000e+00
4.708442255945507332e-02 0.000000000000000000e+00
6.279238582740404029e-02 0.000000000000000000e+00
7.850034909535300032e-02 0.000000000000000000e+00
9.420831236330196035e-02 0.000000000000000000e+00
1.099162756312509481e-01 0.000000000000000000e+00
1.256242388991999082e-01 0.000000000000000000e+00
1.413322021671488404e-01 0.000000000000000000e+00
1.570401654350978282e-01 0.000000000000000000e+00
1.727481287030468160e-01 0.000000000000000000e+00
1.884560919709957483e-01 0.000000000000000000e+00
2.041640552389447361e-01 0.000000000000000000e+00
2.198720185068937238e-01 0.000000000000000000e+00
2.355799817748426561e-01 0.000000000000000000e+00
2.512879450427916717e-01 0.000000000000000000e+00
2.669959083107406039e-01 0.000000000000000000e+00
2.827038715786895917e-01 0.000000000000000000e+00
2.984118348466385795e-01 0.000000000000000000e+00
3.141197981145875118e-01 0.000000000000000000e+00
3.298277613825364996e-01 0.000000000000000000e+00
3.455357246504854318e-01 0.000000000000000000e+00
3.612436879184344196e-01 0.000000000000000000e+00
3.769516511863834074e-01 0.000000000000000000e+00
3.926596144543323952e-01 0.000000000000000000e+00
4.083675777222813275e-01 0.000000000000000000e+00
4.240755409902303152e-01 0.000000000000000000e+00
4.397835042581792475e-01 0.000000000000000000e+00
4.554914675261282353e-01 0.000000000000000000e+00
4.711994307940772231e-01 0.000000000000000000e+00
4.869073940620261554e-01 0.000000000000000000e+00
5.026153573299750876e-01 0.000000000000000000e+00
5.183233205979241864e-01 0.000000000000000000e+00
5.340312838658730632e-01 0.000000000000000000e+00
5.497392471338219400e-01 0.000000000000000000e+00
5.654472104017710388e-01 0.000000000000000000e+00
5.811551736697199155e-01 0.000000000000000000e+00
5.968631369376690143e-01 0.000000000000000000e+00
6.125711002056178911e-01 0.000000000000000000e+00
6.282790634735667679e-01 0.000000000000000000e+00
6.439870267415158667e-01 0.000000000000000000e+00
6.596949900094647434e-01 0.000000000000000000e+00
6.754029532774138422e-01 0.000000000000000000e+00
6.911109165453627190e-01 0.000000000000000000e+00
7.068188798133117068e-01 0.000000000000000000e+00
7.225268430812606946e-01 0.000000000000000000e+00
7.382348063492095713e-01 0.000000000000000000e+00
7.539427696171586701e-01 0.000000000000000000e+00
7.696507328851075469e-01 0.000000000000000000e+00
7.853586961530565347e-01 0.000000000000000000e+00
8.010666594210055225e-01 0.000000000000000000e+00
8.167746226889543992e-01 0.000000000000000000e+00
8.324825859569034980e-01 0.000000000000000000e+00
8.481905492248523748e-01 0.000000000000000000e+00
8.638985124928014736e-01 0.000000000000000000e+00
8.796064757607503504e-01 0.000000000000000000e+00
8.953144390286992271e-01 0.000000000000000000e+00
9.110224022966483259e-01 0.000000000000000000e+00
9.267303655645972027e-01 0.000000000000000000e+00
9.424383288325463015e-01 0.000000000000000000e+00
9.581462921004951783e-01 0.000000000000000000e+00
9.738542553684440550e-01 7.340688703414153447e-06
9.895622186363931538e-01 1.468137740682830689e-05
1.005270181904341920e+00 2.936275481365661379e-05
1.020978145172290796e+00 5.872550962731322758e-05
1.036686108440239895e+00 8.074757573755568453e-05
1.052394071708188994e+00 1.541544627716972258e-04
1.068102034976137871e+00 2.275613498058387670e-04
1.083809998244086747e+00 3.817158125775359928e-04
1.099517961512035624e+00 4.844854544253341614e-04
1.115225924779984723e+00 6.239585397902030735e-04
1.130933888047933822e+00 8.662012670028701542e-04
1.146641851315882699e+00 1.086421928105294615e-03
1.162349814583831575e+00 1.350686721428204316e-03
1.178057777851780452e+00 1.541544627716972312e-03
1.193765741119729551e+00 1.710380467895497797e-03
1.209473704387678650e+00 2.026030082142306257e-03
1.225181667655627527e+00 2.238910054541316981e-03
1.240889630923576403e+00 2.297635564168630344e-03
1.256597594191525280e+00 2.415086583423257070e-03
1.272305557459474379e+00 2.481152781753983953e-03
1.288013520727423478e+00 2.466471404347156046e-03
1.303721483995372354e+00 2.561900357491540044e-03
1.319429447263321231e+00 2.349020385092528886e-03
1.335137410531270330e+00 2.209547299727659866e-03
1.350845373799219207e+00 2.194865922320832392e-03
1.366553337067168306e+00 2.011348704735478349e-03
1.382261300335117182e+00 1.747083911412568649e-03
1.397969263603066059e+00 1.636973580861356310e-03
1.413677226871015158e+00 1.284620523097476782e-03
1.429385190138964035e+00 1.211213636063335295e-03
1.445093153406913133e+00 1.093762616808709003e-03
1.460801116674862010e+00 8.662012670028702626e-04
1.476509079942810887e+00 7.927943799687286672e-04
1.492217043210759986e+00 8.001350686721428376e-04
1.507925006478708863e+00 7.193874929345870717e-04
1.523632969746657961e+00 7.487502477482437533e-04
1.539340933014606838e+00 7.193874929345871801e-04
1.555048896282555715e+00 7.781130025619003264e-04
1.570756859550504814e+00 7.927943799687286672e-04
1.586464822818453690e+00 8.662012670028701542e-04
1.602172786086402789e+00 8.735419557062842162e-04
1.617880749354351666e+00 9.983336636643250044e-04
1.633588712622300543e+00 1.079081239401880662e-03
1.649296675890249642e+00 1.101103305512123173e-03
1.665004639158198518e+00 1.145147437732607978e-03
1.680712602426147617e+00 1.291961211800890953e-03
1.696420565694096494e+00 1.431434297165759973e-03
1.712128528962045371e+00 1.534203939013558142e-03
1.727836492229994469e+00 1.629632892157942140e-03
1.743544455497943568e+00 1.776446666226225331e-03
1.759252418765892445e+00 2.114118346583276301e-03
1.774960382033841322e+00 2.341679696389114933e-03
1.790668345301790199e+00 2.539878291381297316e-03
1.806376308569739297e+00 2.818824462111035357e-03
1.822084271837688396e+00 3.259265784315884280e-03
1.837792235105637273e+00 3.824498814478773882e-03
1.853500198373586150e+00 4.272280825387038058e-03
1.869208161641535026e+00 4.734744213702128841e-03
1.884916124909484125e+00 5.366043442195747061e-03
1.900624088177433224e+00 6.004683359392777933e-03
1.916332051445382101e+00 6.826840494175163282e-03
1.932040014713330978e+00 7.494843166185850836e-03
1.947747977981279854e+00 8.206889970417022978e-03
1.963455941249228953e+00 9.212564322784763671e-03
1.979163904517178052e+00 1.024026074126274492e-02
1.994871867785126929e+00 1.095964823419733232e-02
2.010579831053076028e+00 1.222224669118456702e-02
2.026287794321024904e+00 1.321323966614547721e-02
2.041995757588974225e+00 1.442445330220881207e-02
2.057703720856923102e+00 1.566502969308580448e-02
2.073411684124871979e+00 1.690560608396279516e-02
2.089119647392820855e+00 1.805809421039882012e-02
2.104827610660769732e+00 1.949686919626798798e-02
2.120535573928718609e+00 2.063467594529718591e-02
2.136243537196667930e+00 2.164769098636833838e-02
2.151951500464616807e+00 2.259463982910876745e-02
2.167659463732565683e+00 2.320391699149214337e-02
2.183367427000514560e+00 2.359297349277309636e-02
2.199075390268463881e+00 2.339477489778090530e-02
2.214783353536412758e+00 2.324062043500920924e-02
2.230491316804361634e+00 2.269740947095656713e-02
2.246199280072310511e+00 2.180184544914003791e-02
2.261907243340259388e+00 2.059063181307670132e-02
2.277615206608208265e+00 1.951155057367482196e-02
2.293323169876157586e+00 1.836640313594221224e-02
2.309031133144106462e+00 1.728732189654033288e-02
2.324739096412055339e+00 1.636973580861356484e-02
2.340447059680004216e+00 1.550353454161069316e-02
2.356155022947953537e+00 1.487957600182049020e-02
2.371862986215902414e+00 1.420423264110638739e-02
2.387570949483851290e+00 1.378581338501178206e-02
2.403278912751800167e+00 1.335271275151034623e-02
2.418986876019749044e+00 1.321323966614547547e-02
2.434694839287697921e+00 1.288290867449183932e-02
2.450402802555647241e+00 1.261130319246551654e-02
2.466110765823596118e+00 1.222958737988798228e-02
2.481818729091544995e+00 1.244980804099040522e-02
2.497526692359493872e+00 1.247183010710064925e-02
2.513234655627443193e+00 1.223692806859139580e-02
2.528942618895392069e+00 1.234703839914260727e-02
2.544650582163340946e+00 1.231767564432895146e-02
2.560358545431289823e+00 1.231767564432895146e-02
2.576066508699238700e+00 1.263332525857575883e-02
2.591774471967188020e+00 1.262598456987234531e-02
2.607482435235136897e+00 1.278013903264404311e-02
2.623190398503085774e+00 1.301504107115329482e-02
2.638898361771034651e+00 1.301504107115329482e-02
2.654606325038983972e+00 1.297099693893280850e-02
2.670314288306932848e+00 1.307376658078060819e-02
2.686022251574881725e+00 1.286822729708501228e-02
2.701730214842830602e+00 1.273609490042355852e-02
2.717438178110779479e+00 1.225160944599822457e-02
2.733146141378728355e+00 1.195798189786165776e-02
2.748854104646677676e+00 1.147349644343632381e-02
2.764562067914626553e+00 1.104773649863830150e-02
2.780270031182575430e+00 1.029164556218664303e-02
2.795977994450524307e+00 9.763115975540824498e-03
2.811685957718473627e+00 8.874892642427712267e-03
2.827393920986422504e+00 7.964647243204357741e-03
2.843101884254371381e+00 7.061742532684416734e-03
2.858809847522320258e+00 6.393739860673728313e-03
2.874517810790269134e+00 5.556901348484515057e-03
2.890225774058218011e+00 4.837513855549927660e-03
2.905933737326167332e+00 4.015356720767542312e-03
2.921641700594116209e+00 3.494167822825136865e-03
2.937349663862065086e+00 3.061067189323702330e-03
2.953057627130013962e+00 2.657329310635924043e-03
2.968765590397963283e+00 2.202206611024245912e-03
2.984473553665912160e+00 1.849853553260366601e-03
3.000181516933861037e+00 1.556226005123800653e-03
3.015889480201809913e+00 1.343346032724790362e-03
3.031597443469758790e+00 1.101103305512122956e-03
3.047305406737707667e+00 8.955640218165268358e-04
3.063013370005656988e+00 6.753433607141022662e-04
3.078721333273605865e+00 4.771447657219199368e-04
3.094429296541554741e+00 3.523530577638793655e-04
3.110137259809503618e+00 2.642647933229095919e-04
3.125845223077452495e+00 2.642647933229095377e-04
