-3.946724439183105226e-05 0.000000000000000000e+00
1.566849602355713592e-02 0.000000000000000000e+00
3.137645929150609941e-02 0.000000000000000000e+00
4.708442255945507332e-02 0.000000000000000000e+00
6.279238582740404029e-02 0.000000000000000000e+00
7.850034909535300032e-02 0.000000000000000000e+00
9.420831236330196035e-02 0.000000000000000000e+00
1.099162756312509481e-01 0.000000000000000000e+00
1.256242388991999082e-01 0.000000000000000000e+00
1.413322021671488404e-01 0.000000000000000000e+00
1.570401654350978282e-01 0.000000000000000000e+00
1.727481287030468160e-01 0.000000000000000000e+00
1.884560919709957483e-01 0.000000000000000000e+00
2.041640552389447361e-01 0.000000000000000000e+00
2.198720185068937238e-01 0.000000000000000000e+00
2.355799817748426561e-01 0.000000000000000000e+00
2.512879450427916717e-01 0.000000000000000000e+00
2.669959083107406039e-01 0.000000000000000000e+00
2.827038715786895917e-01 0.000000000000000000e+00
2.984118348466385795e-01 0.000000000000000000e+00
3.141197981145875118e-01 0.000000000000000000e+00
3.298277613825364996e-01 0.000000000000000000e+00
3.455357246504854318e-01 0.000000000000000000e+00
3.612436879184344196e-01 0.000000000000000000e+00
3.769516511863834074e-01 0.000000000000000000e+00
3.926596144543323952e-01 0.000000000000000000e+00
4.083675777222813275e-01 0.000000000000000000e+00
4.240755409902303152e-01 0.000000000000000000e+00
4.397835042581792475e-01 0.000000000000000000e+00
4.554914675261282353e-01 0.000000000000000000e+00
4.711994307940772231e-01 0.000000000000000000e+00
4.869073940620261554e-01 0.000000000000000000e+00
5.026153573299750876e-01 0.000000000000000000e+00
5.183233205979241864e-01 0.000000000000000000e+00
5.340312838658730632e-01 0.000000000000000000e+00
5.497392471338219400e-01 0.000000000000000000e+00
5.654472104017710388e-01 0.000000000000000000e+00
5.811551736697199155e-01 0.000000000000000000e+00
5.968631369376690143e-01 0.000000000000000000e+00
6.125711002056178911e-01 0.000000000000000000e+00
6.282790634735667679e-01 0.000000000000000000e+00
6.439870267415158667e-01 0.000000000000000000e+00
6.596949900094647434e-01 0.000000000000000000e+00
6.754029532774138422e-01 0.000000000000000000e+00
6.911109165453627190e-01 0.000000000000000000e+00
7.068188798133117068e-01 0.000000000000000000e+00
7.225268430812606946e-01 0.000000000000000000e+00
7.382348063492095713e-01 0.000000000000000000e+00
7.539427696171586701e-01 0.000000000000000000e+00
7.696507328851075469e-01 0.000000000000000000e+00
7.853586961530565347e-01 0.000000000000000000e+00
8.010666594210055225e-01 0.000000000000000000e+00
8.167746226889543992e-01 0.000000000000000000e+00
8.324825859569034980e-01 0.000000000000000000e+00
8.481905492248523748e-01 0.000000000000000000e+00
8.638985124928014736e-01 0.000000000000000000e+00
8.796064757607503504e-01 0.000000000000000000e+00
8.953144390286992271e-01 0.000000000000000000e+00
9.110224022966483259e-01 0.000000000000000000e+00
9.267303655645972027e-01 0.000000000000000000e+00
9.424383288325463015e-01 0.000000000000000000e+00
9.581462921004951783e-01 7.340688703414153447e-06
9.738542553684440550e-01 7.340688703414153447e-06
9.895622186363931538e-01 2.936275481365661718e-05
1.005270181904341920e+00 5.872550962731322758e-05
1.020978145172290796e+00 8.808826444096984137e-05
1.036686108440239895e+00 1.321323966614547688e-04
1.052394071708188994e+00 1.835172175853538802e-04
1.068102034976137871e+00 1.981985949921821668e-04
1.083809998244086747e+00 2.862868594331519946e-04
1.099517961512035624e+00 3.743751238741218766e-04
1.115225924779984723e+00 5.578923414594756484e-04
1.130933888047933822e+00 7.120468042311729013e-04
1.146641851315882699e+00 8.588605782994559838e-04
1.162349814583831575e+00 9.909929749609108340e-04
1.178057777851780452e+00 1.306642589207719293e-03
1.193765741119729551e+00 1.534203939013558358e-03
1.209473704387678650e+00 1.798468732336467842e-03
1.225181667655627527e+00 2.070074214362791279e-03
1.240889630923576403e+00 2.202206611024246346e-03
1.256597594191525280e+00 2.378383139906186002e-03
1.272305557459474379e+00 2.583922423601782772e-03
1.288013520727423478e+00 2.598603801008610679e-03
1.303721483995372354e+00 2.569241046194953998e-03
1.319429447263321231e+00 2.444449338236913318e-03
1.335137410531270330e+00 2.224228677134489074e-03
1.350845373799219207e+00 2.106777657879862348e-03
1.366553337067168306e+00 1.871875619370609329e-03
1.382261300335117182e+00 1.548885316420386482e-03
1.397969263603066059e+00 1.343346032724790362e-03
1.413677226871015158e+00 1.181850881249679047e-03
1.429385190138964035e+00 1.064399861995052321e-03
1.445093153406913133e+00 8.882233331131125570e-04
1.460801116674862010e+00 7.781130025619002180e-04
1.476509079942810887e+00 7.414095590448294745e-04
1.492217043210759986e+00 7.487502477482436448e-04
1.507925006478708863e+00 7.193874929345871801e-04
1.523632969746657961e+00 6.900247381209304986e-04
1.539340933014606838e+00 6.680026720106880958e-04
1.555048896282555715e+00 6.753433607141021578e-04
1.570756859550504814e+00 7.120468042311729013e-04
1.586464822818453690e+00 7.047061155277587309e-04
1.602172786086402789e+00 7.193874929345870717e-04
1.617880749354351666e+00 7.560909364516578152e-04
1.633588712622300543e+00 8.735419557062843246e-04
1.649296675890249642e+00 9.763115975540824932e-04
1.665004639158198518e+00 1.086421928105294832e-03
1.680712602426147617e+00 1.247917079580406147e-03
1.696420565694096494e+00 1.358027410131618486e-03
1.712128528962045371e+00 1.607610826047699629e-03
1.727836492229994469e+00 1.827831487150124090e-03
1.743544455497943568e+00 2.018689393438892303e-03
1.759252418765892445e+00 2.341679696389115366e-03
1.774960382033841322e+00 2.694032754152994678e-03
1.790668345301790199e+00 2.884890660441762240e-03
1.806376308569739297e+00 3.251925095612470326e-03
1.822084271837688396e+00 3.486827134121722911e-03
1.837792235105637273e+00 3.883224324106087678e-03
1.853500198373586150e+00 4.331006335014351422e-03
1.869208161641535026e+00 4.720062836295300934e-03
1.884916124909484125e+00 4.969646252211382294e-03
1.900624088177433224e+00 5.600945480704998779e-03
1.916332051445382101e+00 6.210222643088373837e-03
1.932040014713330978e+00 7.047061155277587960e-03
1.947747977981279854e+00 7.869218290059973309e-03
1.963455941249228953e+00 8.595946471697974225e-03
1.979163904517178052e+00 9.799819419057895567e-03
1.994871867785126929e+00 1.099635167771440339e-02
2.010579831053076028e+00 1.210479567192994030e-02
2.026287794321024904e+00 1.367570305446056886e-02
2.041995757588974225e+00 1.506309321940584381e-02
2.057703720856923102e+00 1.635505443120673433e-02
2.073411684124871979e+00 1.772776321874518224e-02
2.089119647392820855e+00 1.871141550500268064e-02
2.104827610660769732e+00 2.007678360383770982e-02
2.120535573928718609e+00 2.112650208842593511e-02
2.136243537196667930e+00 2.182386751525028021e-02
2.151951500464616807e+00 2.226430883745512956e-02
2.167659463732565683e+00 2.257261776299852168e-02
2.183367427000514560e+00 2.286624531113509023e-02
2.199075390268463881e+00 2.275613498058387876e-02
2.214783353536412758e+00 2.226430883745512956e-02
2.230491316804361634e+00 2.202940679894587611e-02
2.246199280072310511e+00 2.109713933361227756e-02
2.261907243340259388e+00 2.016487186827867900e-02
2.277615206608208265e+00 1.943814368664067982e-02
2.293323169876157586e+00 1.821224867317051618e-02
2.309031133144106462e+00 1.736072878357447502e-02
2.324739096412055339e+00 1.669272611156378400e-02
2.340447059680004216e+00 1.577514002363701595e-02
2.356155022947953537e+00 1.522458837088095686e-02
2.371862986215902414e+00 1.460062983109075389e-02
2.387570949483851290e+00 1.382251682852885313e-02
2.403278912751800167e+00 1.378581338501178206e-02
2.418986876019749044e+00 1.334537206280693271e-02
2.434694839287697921e+00 1.265534732468600113e-02
2.450402802555647241e+00 1.209745498322652504e-02
2.466110765823596118e+00 1.181850881249678874e-02
2.481818729091544995e+00 1.190659707693775791e-02
2.497526692359493872e+00 1.203872947359921342e-02
2.513234655627443193e+00 1.191393776564117143e-02
2.528942618895392069e+00 1.188457501082751562e-02
2.544650582163340946e+00 1.227363151210846687e-02
2.560358545431289823e+00 1.278747972134745663e-02
2.576066508699238700e+00 1.281684247616111244e-02
2.591774471967188020e+00 1.282418316486452770e-02
2.607482435235136897e+00 1.300035969374646778e-02
2.623190398503085774e+00 1.308110726948402344e-02
2.638898361771034651e+00 1.317653622262840440e-02
2.654606325038983972e+00 1.315451415651816384e-02
2.670314288306932848e+00 1.305174451467036589e-02
2.686022251574881725e+00 1.311781071300109278e-02
2.701730214842830602e+00 1.305908520337378115e-02
2.717438178110779479e+00 1.265534732468600113e-02
2.733146141378728355e+00 1.232501633303236498e-02
2.748854104646677676e+00 1.171573917064898905e-02
2.764562067914626553e+00 1.109912131956220134e-02
2.780270031182575430e+00 1.039441520403444272e-02
2.795977994450524307e+00 9.594280135362299664e-03
2.811685957718473627e+00 8.801485755393571864e-03
2.827393920986422504e+00 8.008691375424842329e-03
2.843101884254371381e+00 7.098445976201486936e-03
2.858809847522320258e+00 6.635982587886395286e-03
2.874517810790269134e+00 5.777122009586938868e-03
2.890225774058218011e+00 5.028371761838695657e-03
2.905933737326167332e+00 4.485160797786048349e-03
2.921641700594116209e+00 3.831839503182188269e-03
2.937349663862065086e+00 3.340013360053439503e-03
2.953057627130013962e+00 2.906912726552004968e-03
2.968765590397963283e+00 2.341679696389115366e-03
2.984473553665912160e+00 2.099436969176448394e-03
3.000181516933861037e+00 1.717721156598911968e-03
3.015889480201809913e+00 1.402071542352103508e-03
3.031597443469758790e+00 1.247917079580406364e-03
3.047305406737707667e+00 1.035037107181395639e-03
3.063013370005656988e+00 8.441792008926276430e-04
3.078721333273605865e+00 7.120468042311730097e-04
3.094429296541554741e+00 6.166178510867890115e-04
3.110137259809503618e+00 5.799144075697182680e-04
3.125845223077452495e+00 5.799144075697181596e-04
