-3.946724439183105226e-05 0.000000000000000000e+00
1.566849602355713592e-02 0.000000000000000000e+00
3.137645929150609941e-02 0.000000000000000000e+00
4.708442255945507332e-02 0.000000000000000000e+00
6.279238582740404029e-02 0.000000000000000000e+00
7.850034909535300032e-02 0.000000000000000000e+00
9.420831236330196035e-02 0.000000000000000000e+00
1.099162756312509481e-01 0.000000000000000000e+00
1.256242388991999082e-01 0.000000000000000000e+00
1.413322021671488404e-01 0.000000000000000000e+00
1.570401654350978282e-01 0.000000000000000000e+00
1.727481287030468160e-01 0.000000000000000000e+00
1.884560919709957483e-01 0.000000000000000000e+00
2.041640552389447361e-01 0.000000000000000000e+00
2.198720185068937238e-01 0.000000000000000000e+00
2.355799817748426561e-01 0.000000000000000000e+00
2.512879450427916717e-01 0.000000000000000000e+00
2.669959083107406039e-01 0.000000000000000000e+00
2.827038715786895917e-01 0.000000000000000000e+00
2.984118348466385795e-01 0.000000000000000000e+00
3.141197981145875118e-01 0.000000000000000000e+00
3.298277613825364996e-01 0.000000000000000000e+00
3.455357246504854318e-01 0.000000000000000000e+00
3.612436879184344196e-01 0.000000000000000000e+00
3.769516511863834074e-01 0.000000000000000000e+00
3.926596144543323952e-01 0.000000000000000000e+00
4.083675777222813275e-01 0.000000000000000000e+00
4.240755409902303152e-01 0.000000000000000000e+00
4.397835042581792475e-01 0.000000000000000000e+00
4.554914675261282353e-01 0.000000000000000000e+00
4.711994307940772231e-01 0.000000000000000000e+00
4.869073940620261554e-01 0.000000000000000000e+00
5.026153573299750876e-01 0.000000000000000000e+00
5.183233205979241864e-01 0.000000000000000000e+00
5.340312838658730632e-01 0.000000000000000000e+00
5.497392471338219400e-01 0.000000000000000000e+00
5.654472104017710388e-01 0.000000000000000000e+00
5.811551736697199155e-01 0.000000000000000000e+00
5.968631369376690143e-01 0.000000000000000000e+00
6.125711002056178911e-01 0.000000000000000000e+00
6.282790634735667679e-01 0.000000000000000000e+00
6.439870267415158667e-01 0.000000000000000000e+00
6.596949900094647434e-01 0.000000000000000000e+00
6.754029532774138422e-01 0.000000000000000000e+00
6.911109165453627190e-01 0.000000000000000000e+00
7.068188798133117068e-01 0.000000000000000000e+00
7.225268430812606946e-01 0.000000000000000000e+00
7.382348063492095713e-01 0.000000000000000000e+00
7.539427696171586701e-01 0.000000000000000000e+00
7.696507328851075469e-01 0.000000000000000000e+00
7.853586961530565347e-01 0.000000000000000000e+00
8.010666594210055225e-01 0.000000000000000000e+00
8.167746226889543992e-01 0.000000000000000000e+00
8.324825859569034980e-01 0.000000000000000000e+00
8.481905492248523748e-01 0.000000000000000000e+00
8.638985124928014736e-01 0.000000000000000000e+00
8.796064757607503504e-01 0.000000000000000000e+00
8.953144390286992271e-01 0.000000000000000000e+00
9.110224022966483259e-01 0.000000000000000000e+00
9.267303655645972027e-01 0.000000000000000000e+00
9.424383288325463015e-01 0.000000000000000000e+00
9.581462921004951783e-01 1.468137740682830689e-05
9.738542553684440550e-01 2.936275481365661379e-05
9.895622186363931538e-01 4.404413222048492068e-05
1.005270181904341920e+00 7.340688703414154125e-05
1.020978145172290796e+00 1.027696418477981550e-04
1.036686108440239895e+00 1.468137740682830825e-04
1.052394071708188994e+00 2.128799723990104534e-04
1.068102034976137871e+00 2.422427272126670807e-04
1.083809998244086747e+00 2.936275481365661650e-04
1.099517961512035624e+00 3.890565012809501090e-04
1.115225924779984723e+00 4.844854544253340530e-04
1.130933888047933822e+00 6.606619833072738170e-04
1.146641851315882699e+00 7.854536912653142799e-04
1.162349814583831575e+00 9.322674653335974709e-04
1.178057777851780452e+00 1.108443994215537343e-03
1.193765741119729551e+00 1.269939145690648658e-03
1.209473704387678650e+00 1.358027410131618486e-03
1.225181667655627527e+00 1.512181872903315630e-03
1.240889630923576403e+00 1.636973580861356310e-03
1.256597594191525280e+00 1.703039779192083627e-03
1.272305557459474379e+00 1.827831487150124307e-03
1.288013520727423478e+00 1.952623195108164770e-03
1.303721483995372354e+00 2.033370770845720644e-03
1.319429447263321231e+00 2.055392836955962938e-03
1.335137410531270330e+00 2.033370770845720644e-03
1.350845373799219207e+00 1.893897685480851623e-03
1.366553337067168306e+00 1.835172175853538477e-03
1.382261300335117182e+00 1.658995646971598605e-03
1.397969263603066059e+00 1.497500495496487290e-03
1.413677226871015158e+00 1.321323966614547634e-03
1.429385190138964035e+00 1.277279834394062829e-03
1.445093153406913133e+00 1.101103305512123173e-03
1.460801116674862010e+00 1.020355729774567516e-03
1.476509079942810887e+00 9.322674653335974709e-04
1.492217043210759986e+00 8.588605782994559838e-04
1.507925006478708863e+00 7.634316251550719856e-04
1.523632969746657961e+00 6.973654268243446690e-04
1.539340933014606838e+00 5.578923414594756484e-04
1.555048896282555715e+00 5.652330301628898188e-04
1.570756859550504814e+00 5.799144075697181596e-04
1.586464822818453690e+00 6.166178510867887947e-04
1.602172786086402789e+00 6.900247381209304986e-04
1.617880749354351666e+00 7.120468042311730097e-04
1.633588712622300543e+00 7.927943799687286672e-04
1.649296675890249642e+00 9.175860879267693469e-04
1.665004639158198518e+00 1.013015041071153345e-03
1.680712602426147617e+00 1.064399861995052321e-03
1.696420565694096494e+00 1.145147437732607978e-03
1.712128528962045371e+00 1.218554324766749682e-03
1.727836492229994469e+00 1.380049476241860997e-03
1.743544455497943568e+00 1.607610826047699846e-03
1.759252418765892445e+00 1.849853553260366818e-03
1.774960382033841322e+00 2.040711459549134597e-03
1.790668345301790199e+00 2.385723828609599955e-03
1.806376308569739297e+00 2.826165150814449311e-03
1.822084271837688396e+00 3.281287850426126574e-03
1.837792235105637273e+00 3.729069861334389883e-03
1.853500198373586150e+00 4.264940136683623671e-03
1.869208161641535026e+00 4.837513855549926793e-03
1.884916124909484125e+00 5.490835150153786440e-03
1.900624088177433224e+00 6.092771623833747111e-03
1.916332051445382101e+00 6.804818428064920120e-03
1.932040014713330978e+00 7.458139722668780634e-03
1.947747977981279854e+00 8.383066499298963067e-03
1.963455941249228953e+00 9.293311898522319328e-03
1.979163904517178052e+00 1.032834900570371583e-02
1.994871867785126929e+00 1.125327578233389740e-02
2.010579831053076028e+00 1.266268801338941638e-02
2.026287794321024904e+00 1.380783545112202436e-02
2.041995757588974225e+00 1.509245597421950136e-02
2.057703720856923102e+00 1.631835098768966499e-02
2.073411684124871979e+00 1.775712597355883979e-02
2.089119647392820855e+00 1.901972443054607276e-02
2.104827610660769732e+00 2.073010489844157034e-02
2.120535573928718609e+00 2.172843856210589578e-02
2.136243537196667930e+00 2.291763013205898661e-02
2.151951500464616807e+00 2.363701762499357401e-02
2.167659463732565683e+00 2.394532655053696960e-02
2.183367427000514560e+00 2.380585346517210404e-02
2.199075390268463881e+00 2.370308382332430436e-02
2.214783353536412758e+00 2.317455423667848236e-02
2.230491316804361634e+00 2.271209084836339417e-02
2.246199280072310511e+00 2.181652682654686148e-02
2.261907243340259388e+00 2.078148971936547018e-02
2.277615206608208265e+00 2.010614635865137084e-02
2.293323169876157586e+00 1.934271473349629539e-02
2.309031133144106462e+00 1.795532456855102044e-02
2.324739096412055339e+00 1.692762815007303745e-02
2.340447059680004216e+00 1.564300762697556219e-02
2.356155022947953537e+00 1.498968633237170341e-02
2.371862986215902414e+00 1.426295815073370249e-02
2.387570949483851290e+00 1.351420790298545754e-02
2.403278912751800167e+00 1.285354591967818351e-02
2.418986876019749044e+00 1.288290867449183932e-02
2.434694839287697921e+00 1.242778597488016293e-02
2.450402802555647241e+00 1.253055561672796088e-02
2.466110765823596118e+00 1.188457501082751389e-02
2.481818729091544995e+00 1.212681773804018259e-02
2.497526692359493872e+00 1.220022462507432473e-02
2.513234655627443193e+00 1.201670740748896939e-02
2.528942618895392069e+00 1.192861914304800021e-02
2.544650582163340946e+00 1.217086187026066718e-02
2.560358545431289823e+00 1.209745498322652504e-02
2.576066508699238700e+00 1.245714872969381701e-02
2.591774471967188020e+00 1.275077627783038729e-02
2.607482435235136897e+00 1.283886454227135647e-02
2.623190398503085774e+00 1.309578864689085048e-02
2.638898361771034651e+00 1.315451415651816384e-02
2.654606325038983972e+00 1.307376658078060992e-02
2.670314288306932848e+00 1.294163418411915442e-02
2.686022251574881725e+00 1.272875421172014326e-02
2.701730214842830602e+00 1.231767564432895146e-02
2.717438178110779479e+00 1.218554324766749422e-02
2.733146141378728355e+00 1.184053087860703103e-02
2.748854104646677676e+00 1.150285919824997963e-02
2.764562067914626553e+00 1.093762616808709003e-02
2.780270031182575430e+00 1.036505244922078517e-02
2.795977994450524307e+00 9.843863551278380156e-03
2.811685957718473627e+00 9.036387793902823581e-03
2.827393920986422504e+00 8.089438951162397987e-03
2.843101884254371381e+00 7.362710769524396202e-03
2.858809847522320258e+00 6.401080549377141833e-03
2.874517810790269134e+00 5.549560659781099803e-03
2.890225774058218011e+00 4.815491789439684499e-03
2.905933737326167332e+00 4.000675343360714405e-03
2.921641700594116209e+00 3.369376114867096619e-03
2.937349663862065086e+00 2.840846528221277218e-03
2.953057627130013962e+00 2.349020385092529320e-03
2.968765590397963283e+00 2.099436969176447960e-03
2.984473553665912160e+00 1.886556996777437453e-03
3.000181516933861037e+00 1.673677024378427162e-03
3.015889480201809913e+00 1.460797051979416438e-03
3.031597443469758790e+00 1.277279834394062829e-03
3.047305406737707667e+00 1.005674352367739175e-03
3.063013370005656988e+00 8.294978234857994107e-04
3.078721333273605865e+00 5.945957849765463920e-04
3.094429296541554741e+00 4.404413222048492475e-04
3.110137259809503618e+00 3.156496142468086762e-04
3.125845223077452495e+00 3.083089255433945058e-04
