-3.946724439183105226e-05 0.000000000000000000e+00
1.566849602355713592e-02 0.000000000000000000e+00
3.137645929150609941e-02 0.000000000000000000e+00
4.708442255945507332e-02 0.000000000000000000e+00
6.279238582740404029e-02 0.000000000000000000e+00
7.850034909535300032e-02 0.000000000000000000e+00
9.420831236330196035e-02 0.000000000000000000e+00
1.099162756312509481e-01 0.000000000000000000e+00
1.256242388991999082e-01 0.000000000000000000e+00
1.413322021671488404e-01 0.000000000000000000e+00
1.570401654350978282e-01 0.000000000000000000e+00
1.727481287030468160e-01 0.000000000000000000e+00
1.884560919709957483e-01 0.000000000000000000e+00
2.041640552389447361e-01 0.000000000000000000e+00
2.198720185068937238e-01 0.000000000000000000e+00
2.355799817748426561e-01 0.000000000000000000e+00
2.512879450427916717e-01 0.000000000000000000e+00
2.669959083107406039e-01 0.000000000000000000e+00
2.827038715786895917e-01 0.000000000000000000e+00
2.984118348466385795e-01 0.000000000000000000e+00
3.141197981145875118e-01 0.000000000000000000e+00
3.298277613825364996e-01 0.000000000000000000e+00
3.455357246504854318e-01 0.000000000000000000e+00
3.612436879184344196e-01 0.000000000000000000e+00
3.769516511863834074e-01 0.000000000000000000e+00
3.926596144543323952e-01 0.000000000000000000e+00
4.083675777222813275e-01 0.000000000000000000e+00
4.240755409902303152e-01 0.000000000000000000e+00
4.397835042581792475e-01 0.000000000000000000e+00
4.554914675261282353e-01 0.000000000000000000e+00
4.711994307940772231e-01 0.000000000000000000e+00
4.869073940620261554e-01 0.000000000000000000e+00
5.026153573299750876e-01 0.000000000000000000e+00
5.183233205979241864e-01 0.000000000000000000e+00
5.340312838658730632e-01 0.000000000000000000e+00
5.497392471338219400e-01 0.000000000000000000e+00
5.654472104017710388e-01 0.000000000000000000e+00
5.811551736697199155e-01 0.000000000000000000e+00
5.968631369376690143e-01 0.000000000000000000e+00
6.125711002056178911e-01 0.000000000000000000e+00
6.282790634735667679e-01 0.000000000000000000e+00
6.439870267415158667e-01 0.000000000000000000e+00
6.596949900094647434e-01 0.000000000000000000e+00
6.754029532774138422e-01 0.000000000000000000e+00
6.911109165453627190e-01 0.000000000000000000e+00
7.068188798133117068e-01 0.000000000000000000e+00
7.225268430812606946e-01 0.000000000000000000e+00
7.382348063492095713e-01 0.000000000000000000e+00
7.539427696171586701e-01 0.000000000000000000e+00
7.696507328851075469e-01 0.000000000000000000e+00
7.853586961530565347e-01 0.000000000000000000e+00
8.010666594210055225e-01 0.000000000000000000e+00
8.167746226889543992e-01 0.000000000000000000e+00
8.324825859569034980e-01 0.000000000000000000e+00
8.481905492248523748e-01 0.000000000000000000e+00
8.638985124928014736e-01 0.000000000000000000e+00
8.796064757607503504e-01 0.000000000000000000e+00
8.953144390286992271e-01 0.000000000000000000e+00
9.110224022966483259e-01 0.000000000000000000e+00
9.267303655645972027e-01 0.000000000000000000e+00
9.424383288325463015e-01 0.000000000000000000e+00
9.581462921004951783e-01 0.000000000000000000e+00
9.738542553684440550e-01 1.468137740682830689e-05
9.895622186363931538e-01 2.202206611024246034e-05
1.005270181904341920e+00 3.670344351707077062e-05
1.020978145172290796e+00 5.872550962731323435e-05
1.036686108440239895e+00 1.394730853648689392e-04
1.052394071708188994e+00 1.614951514751113962e-04
1.068102034976137871e+00 2.495834159160812511e-04
1.083809998244086747e+00 3.450123690604652493e-04
1.099517961512035624e+00 4.698040770185058206e-04
1.115225924779984723e+00 5.945957849765465004e-04
1.130933888047933822e+00 6.973654268243445606e-04
1.146641851315882699e+00 8.148164460789710699e-04
1.162349814583831575e+00 1.027696418477981469e-03
1.178057777851780452e+00 1.255257768283820317e-03
1.193765741119729551e+00 1.504841184199901460e-03
1.209473704387678650e+00 1.827831487150124307e-03
1.225181667655627527e+00 2.004008016032063962e-03
1.240889630923576403e+00 2.224228677134488640e-03
1.256597594191525280e+00 2.547218980084711704e-03
1.272305557459474379e+00 2.672010688042751950e-03
1.288013520727423478e+00 2.730736197670065313e-03
1.303721483995372354e+00 2.635307244525681315e-03
1.319429447263321231e+00 2.459130715643741659e-03
1.335137410531270330e+00 2.451790026940326838e-03
1.350845373799219207e+00 2.312316941575458251e-03
1.366553337067168306e+00 1.996667327328650009e-03
1.382261300335117182e+00 1.791128043633053672e-03
1.397969263603066059e+00 1.578248071234042947e-03
1.413677226871015158e+00 1.490159806793073119e-03
1.429385190138964035e+00 1.372708787538446827e-03
1.445093153406913133e+00 1.189191569953093001e-03
1.460801116674862010e+00 1.108443994215537343e-03
1.476509079942810887e+00 9.469488427404258116e-04
1.492217043210759986e+00 9.249267766301833005e-04
1.507925006478708863e+00 8.441792008926276430e-04
1.523632969746657961e+00 7.707723138584860476e-04
1.539340933014606838e+00 7.414095590448294745e-04
1.555048896282555715e+00 7.560909364516578152e-04
1.570756859550504814e+00 7.560909364516578152e-04
1.586464822818453690e+00 8.955640218165267273e-04
1.602172786086402789e+00 9.102453992233550681e-04
1.617880749354351666e+00 9.616302201472540440e-04
1.633588712622300543e+00 1.027696418477981469e-03
1.649296675890249642e+00 1.049718484588223980e-03
1.665004639158198518e+00 1.057059173291638151e-03
1.680712602426147617e+00 1.167169503842850706e-03
1.696420565694096494e+00 1.328664655317961804e-03
1.712128528962045371e+00 1.416752919758931632e-03
1.727836492229994469e+00 1.541544627716972312e-03
1.743544455497943568e+00 1.725061845302325921e-03
1.759252418765892445e+00 2.165503167507175711e-03
1.774960382033841322e+00 2.525196913974468976e-03
1.790668345301790199e+00 2.760098952483721994e-03
1.806376308569739297e+00 2.928934792662247696e-03
1.822084271837688396e+00 3.244584406909055939e-03
1.837792235105637273e+00 3.685025729113905728e-03
1.853500198373586150e+00 4.118126362615341131e-03
1.869208161641535026e+00 4.308984268904108260e-03
1.884916124909484125e+00 4.683359392778230733e-03
1.900624088177433224e+00 5.233911045534292428e-03
1.916332051445382101e+00 5.791803386993767642e-03
1.932040014713330978e+00 6.489168813818111878e-03
1.947747977981279854e+00 7.289303882490254932e-03
1.963455941249228953e+00 8.250934102637509301e-03
1.979163904517178052e+00 9.447466361294015388e-03
1.994871867785126929e+00 1.053388828939931174e-02
2.010579831053076028e+00 1.172307985935240431e-02
2.026287794321024904e+00 1.336005344021376148e-02
2.041995757588974225e+00 1.456392638757368282e-02
2.057703720856923102e+00 1.598067930733261532e-02
2.073411684124871979e+00 1.735338809487105977e-02
2.089119647392820855e+00 1.832235900372172765e-02
2.104827610660769732e+00 2.002539878291381345e-02
2.120535573928718609e+00 2.114118346583276561e-02
2.136243537196667930e+00 2.201472542153904907e-02
2.151951500464616807e+00 2.287358599983850549e-02
2.167659463732565683e+00 2.339477489778091224e-02
2.183367427000514560e+00 2.342413765259456632e-02
2.199075390268463881e+00 2.349020385092529667e-02
2.214783353536412758e+00 2.282220117891460565e-02
2.230491316804361634e+00 2.249921087596438302e-02
2.246199280072310511e+00 2.172109787340248052e-02
2.261907243340259388e+00 2.075946765325523136e-02
2.277615206608208265e+00 1.956293539459872180e-02
2.293323169876157586e+00 1.864534930667195028e-02
2.309031133144106462e+00 1.763967495430420959e-02
2.324739096412055339e+00 1.670740748897061451e-02
2.340447059680004216e+00 1.568705175919604677e-02
2.356155022947953537e+00 1.491627944533756127e-02
2.371862986215902414e+00 1.457860776498050986e-02
2.387570949483851290e+00 1.424093608462345846e-02
2.403278912751800167e+00 1.385187958334250895e-02
2.418986876019749044e+00 1.362431823353667075e-02
2.434694839287697921e+00 1.329398724188303460e-02
2.450402802555647241e+00 1.327930586447620583e-02
2.466110765823596118e+00 1.285354591967818524e-02
2.481818729091544995e+00 1.243512666358357645e-02
2.497526692359493872e+00 1.207543291711628448e-02
2.513234655627443193e+00 1.197266327526848653e-02
2.528942618895392069e+00 1.189191569953093087e-02
2.544650582163340946e+00 1.202404809619238638e-02
2.560358545431289823e+00 1.184053087860702930e-02
2.576066508699238700e+00 1.187723432212410210e-02
2.591774471967188020e+00 1.197266327526848480e-02
2.607482435235136897e+00 1.240576390876992063e-02
2.623190398503085774e+00 1.251587423932113211e-02
2.638898361771034651e+00 1.244246735228698997e-02
2.654606325038983972e+00 1.284620523097476825e-02
2.670314288306932848e+00 1.280216109875428367e-02
2.686022251574881725e+00 1.298567831633963901e-02
2.701730214842830602e+00 1.312515140170450803e-02
2.717438178110779479e+00 1.280216109875428367e-02
2.733146141378728355e+00 1.243512666358357645e-02
2.748854104646677676e+00 1.217086187026066718e-02
2.764562067914626553e+00 1.129731991455438372e-02
2.780270031182575430e+00 1.063665793124710969e-02
2.795977994450524307e+00 9.719071843320339910e-03
2.811685957718473627e+00 8.742760245766256766e-03
2.827393920986422504e+00 8.001350686721428809e-03
2.843101884254371381e+00 7.215896995456113662e-03
2.858809847522320258e+00 6.525872257335182947e-03
2.874517810790269134e+00 5.578923414594756484e-03
2.890225774058218011e+00 4.969646252211382294e-03
2.905933737326167332e+00 4.419094599455320599e-03
2.921641700594116209e+00 4.015356720767543179e-03
2.937349663862065086e+00 3.325331982646612030e-03
2.953057627130013962e+00 2.840846528221277652e-03
2.968765590397963283e+00 2.349020385092529320e-03
2.984473553665912160e+00 2.114118346583276735e-03
3.000181516933861037e+00 1.776446666226225548e-03
3.015889480201809913e+00 1.504841184199901677e-03
3.031597443469758790e+00 1.108443994215537126e-03
3.047305406737707667e+00 9.102453992233550681e-04
3.063013370005656988e+00 7.047061155277588394e-04
3.078721333273605865e+00 5.358702753492333541e-04
3.094429296541554741e+00 3.376716803570510789e-04
3.110137259809503618e+00 2.275613498058387670e-04
3.125845223077452495e+00 1.908579062887679964e-04
