-3.946724439183105226e-05 0.000000000000000000e+00
1.566849602355713592e-02 0.000000000000000000e+00
3.137645929150609941e-02 0.000000000000000000e+00
4.708442255945507332e-02 0.000000000000000000e+00
6.279238582740404029e-02 0.000000000000000000e+00
7.850034909535300032e-02 0.000000000000000000e+00
9.420831236330196035e-02 0.000000000000000000e+00
1.099162756312509481e-01 0.000000000000000000e+00
1.256242388991999082e-01 0.000000000000000000e+00
1.413322021671488404e-01 0.000000000000000000e+00
1.570401654350978282e-01 0.000000000000000000e+00
1.727481287030468160e-01 0.000000000000000000e+00
1.884560919709957483e-01 0.000000000000000000e+00
2.041640552389447361e-01 0.000000000000000000e+00
2.198720185068937238e-01 0.000000000000000000e+00
2.355799817748426561e-01 0.000000000000000000e+00
2.512879450427916717e-01 0.000000000000000000e+00
2.669959083107406039e-01 0.000000000000000000e+00
2.827038715786895917e-01 0.000000000000000000e+00
2.984118348466385795e-01 0.000000000000000000e+00
3.141197981145875118e-01 0.000000000000000000e+00
3.298277613825364996e-01 0.000000000000000000e+00
3.455357246504854318e-01 0.000000000000000000e+00
3.612436879184344196e-01 0.000000000000000000e+00
3.769516511863834074e-01 0.000000000000000000e+00
3.926596144543323952e-01 0.000000000000000000e+00
4.083675777222813275e-01 0.000000000000000000e+00
4.240755409902303152e-01 0.000000000000000000e+00
4.397835042581792475e-01 0.000000000000000000e+00
4.554914675261282353e-01 0.000000000000000000e+00
4.711994307940772231e-01 0.000000000000000000e+00
4.869073940620261554e-01 0.000000000000000000e+00
5.026153573299750876e-01 0.000000000000000000e+00
5.183233205979241864e-01 0.000000000000000000e+00
5.340312838658730632e-01 0.000000000000000000e+00
5.497392471338219400e-01 0.000000000000000000e+00
5.654472104017710388e-01 0.000000000000000000e+00
5.811551736697199155e-01 0.000000000000000000e+00
5.968631369376690143e-01 0.000000000000000000e+00
6.125711002056178911e-01 0.000000000000000000e+00
6.282790634735667679e-01 0.000000000000000000e+00
6.439870267415158667e-01 0.000000000000000000e+00
6.596949900094647434e-01 0.000000000000000000e+00
6.754029532774138422e-01 0.000000000000000000e+00
6.911109165453627190e-01 0.000000000000000000e+00
7.068188798133117068e-01 0.000000000000000000e+00
7.225268430812606946e-01 0.000000000000000000e+00
7.382348063492095713e-01 0.000000000000000000e+00
7.539427696171586701e-01 0.000000000000000000e+00
7.696507328851075469e-01 0.000000000000000000e+00
7.853586961530565347e-01 0.000000000000000000e+00
8.010666594210055225e-01 0.000000000000000000e+00
8.167746226889543992e-01 0.000000000000000000e+00
8.324825859569034980e-01 0.000000000000000000e+00
8.481905492248523748e-01 0.000000000000000000e+00
8.638985124928014736e-01 0.000000000000000000e+00
8.796064757607503504e-01 0.000000000000000000e+00
8.953144390286992271e-01 0.000000000000000000e+00
9.110224022966483259e-01 0.000000000000000000e+00
9.267303655645972027e-01 7.340688703414153447e-06
9.424383288325463015e-01 2.202206611024246034e-05
9.581462921004951783e-01 2.936275481365661379e-05
9.738542553684440550e-01 3.670344351707077062e-05
9.895622186363931538e-01 5.138482092389907752e-05
1.005270181904341920e+00 5.138482092389907752e-05
1.020978145172290796e+00 6.606619833072738441e-05
1.036686108440239895e+00 9.542895314438399820e-05
1.052394071708188994e+00 1.321323966614547417e-04
1.068102034976137871e+00 1.541544627716972529e-04
1.083809998244086747e+00 2.862868594331519946e-04
1.099517961512035624e+00 3.596937464672934816e-04
1.115225924779984723e+00 5.211888979424049049e-04
1.130933888047933822e+00 7.414095590448295829e-04
1.146641851315882699e+00 1.079081239401880662e-03
1.162349814583831575e+00 1.431434297165760190e-03
1.178057777851780452e+00 1.725061845302326355e-03
1.193765741119729551e+00 2.026030082142306690e-03
1.209473704387678650e+00 2.356361073795943274e-03
1.225181667655627527e+00 2.672010688042751950e-03
1.240889630923576403e+00 2.848187216924691605e-03
1.256597594191525280e+00 2.840846528221277652e-03
1.272305557459474379e+00 2.914253415255418922e-03
1.288013520727423478e+00 2.943616170069075604e-03
1.303721483995372354e+00 2.958297547475903944e-03
1.319429447263321231e+00 2.870209283034934333e-03
1.335137410531270330e+00 2.664669999339337996e-03
1.350845373799219207e+00 2.466471404347155612e-03
1.366553337067168306e+00 2.334339007685700979e-03
1.382261300335117182e+00 2.084755591769619620e-03
1.397969263603066059e+00 1.908579062887680181e-03
1.413677226871015158e+00 1.629632892157942140e-03
1.429385190138964035e+00 1.416752919758931849e-03
1.445093153406913133e+00 1.284620523097476999e-03
1.460801116674862010e+00 1.203872947359921558e-03
1.476509079942810887e+00 1.027696418477981469e-03
1.492217043210759986e+00 9.102453992233551765e-04
1.507925006478708863e+00 8.221571347823852403e-04
1.523632969746657961e+00 7.267281816380012421e-04
1.539340933014606838e+00 7.047061155277587309e-04
1.555048896282555715e+00 6.533212946038597551e-04
1.570756859550504814e+00 6.459806059004455847e-04
1.586464822818453690e+00 7.267281816380012421e-04
1.602172786086402789e+00 8.074757573755568995e-04
1.617880749354351666e+00 8.662012670028701542e-04
1.633588712622300543e+00 1.057059173291638151e-03
1.649296675890249642e+00 1.181850881249678830e-03
1.665004639158198518e+00 1.262598456987234488e-03
1.680712602426147617e+00 1.358027410131618486e-03
1.696420565694096494e+00 1.460797051979416655e-03
1.712128528962045371e+00 1.475478429386244995e-03
1.727836492229994469e+00 1.688358401785255286e-03
1.743544455497943568e+00 1.849853553260366601e-03
1.759252418765892445e+00 2.004008016032063529e-03
1.774960382033841322e+00 2.297635564168630344e-03
1.790668345301790199e+00 2.679351376746166337e-03
1.806376308569739297e+00 2.965638236179318332e-03
1.822084271837688396e+00 3.259265784315883846e-03
1.837792235105637273e+00 3.743751238741218224e-03
1.853500198373586150e+00 4.154829806132411332e-03
1.869208161641535026e+00 4.705381458888472160e-03
1.884916124909484125e+00 5.094437960169423407e-03
1.900624088177433224e+00 5.711055811256211118e-03
1.916332051445382101e+00 6.658004653996637580e-03
1.932040014713330978e+00 7.531546609702921904e-03
1.947747977981279854e+00 8.126142394679469055e-03
1.963455941249228953e+00 9.153838813157450308e-03
1.979163904517178052e+00 1.021089798644908911e-02
1.994871867785126929e+00 1.155424401917387774e-02
2.010579831053076028e+00 1.266268801338941638e-02
2.026287794321024904e+00 1.386656096074933772e-02
2.041995757588974225e+00 1.513650010643998595e-02
2.057703720856923102e+00 1.653123096008867615e-02
2.073411684124871979e+00 1.798468732336467799e-02
2.089119647392820855e+00 1.918856027072459586e-02
2.104827610660769732e+00 2.053190630344938622e-02
2.120535573928718609e+00 2.158162478803761497e-02
2.136243537196667930e+00 2.227164952615854482e-02
2.151951500464616807e+00 2.271209084836339417e-02
2.167659463732565683e+00 2.321125768019555516e-02
2.183367427000514560e+00 2.304242184001702859e-02
2.199075390268463881e+00 2.272677222577022121e-02
2.214783353536412758e+00 2.196334060061514576e-02
2.230491316804361634e+00 2.146417376878298824e-02
2.246199280072310511e+00 2.063467594529718591e-02
2.261907243340259388e+00 1.998869533939674065e-02
2.277615206608208265e+00 1.894631754351193409e-02
2.293323169876157586e+00 1.808745696521247767e-02
2.309031133144106462e+00 1.700837572581059484e-02
2.324739096412055339e+00 1.602472343955309644e-02
2.340447059680004216e+00 1.506309321940584207e-02
2.356155022947953537e+00 1.418221057499614510e-02
2.371862986215902414e+00 1.349952652557862877e-02
2.387570949483851290e+00 1.302972244856012360e-02
2.403278912751800167e+00 1.270673214560990097e-02
2.418986876019749044e+00 1.271407283431331622e-02
2.434694839287697921e+00 1.268471007949965867e-02
2.450402802555647241e+00 1.247917079580406277e-02
2.466110765823596118e+00 1.262598456987234531e-02
2.481818729091544995e+00 1.267736939079624342e-02
2.497526692359493872e+00 1.249385217321088981e-02
2.513234655627443193e+00 1.219288393637091121e-02
2.528942618895392069e+00 1.214149911544700963e-02
2.544650582163340946e+00 1.206809222841286923e-02
2.560358545431289823e+00 1.218554324766749596e-02
2.576066508699238700e+00 1.206809222841286923e-02
2.591774471967188020e+00 1.206809222841286923e-02
2.607482435235136897e+00 1.209745498322652678e-02
2.623190398503085774e+00 1.206075153970945571e-02
2.638898361771034651e+00 1.200202603008214061e-02
2.654606325038983972e+00 1.218554324766749422e-02
2.670314288306932848e+00 1.209011429452311152e-02
2.686022251574881725e+00 1.198000396397189832e-02
2.701730214842830602e+00 1.177446468027630241e-02
2.717438178110779479e+00 1.172307985935240257e-02
2.733146141378728355e+00 1.164233228361484865e-02
2.748854104646677676e+00 1.152488126436022192e-02
2.764562067914626553e+00 1.094496685679050355e-02
2.780270031182575430e+00 1.047516277977199838e-02
2.795977994450524307e+00 9.887907683498864744e-03
2.811685957718473627e+00 9.374059474259874986e-03
2.827393920986422504e+00 8.684034736138945137e-03
2.843101884254371381e+00 7.788470714322417651e-03
2.858809847522320258e+00 6.775455673251265173e-03
2.874517810790269134e+00 6.019364736799605840e-03
2.890225774058218011e+00 5.189866913313806104e-03
2.905933737326167332e+00 4.587930439633847168e-03
2.921641700594116209e+00 3.861202257995845384e-03
2.937349663862065086e+00 3.149155453764672374e-03
2.953057627130013962e+00 2.723395508966650926e-03
2.968765590397963283e+00 2.378383139906186002e-03
2.984473553665912160e+00 2.018689393438892737e-03
3.000181516933861037e+00 1.703039779192084061e-03
3.015889480201809913e+00 1.424093608462346019e-03
3.031597443469758790e+00 1.145147437732607978e-03
3.047305406737707667e+00 9.616302201472542608e-04
3.063013370005656988e+00 7.414095590448295829e-04
3.078721333273605865e+00 5.358702753492332457e-04
3.094429296541554741e+00 3.743751238741218766e-04
3.110137259809503618e+00 2.862868594331519946e-04
3.125845223077452495e+00 2.569241046194954215e-04
