-3.946724439183105226e-05 0.000000000000000000e+00
1.566849602355713592e-02 0.000000000000000000e+00
3.137645929150609941e-02 0.000000000000000000e+00
4.708442255945507332e-02 0.000000000000000000e+00
6.279238582740404029e-02 0.000000000000000000e+00
7.850034909535300032e-02 0.000000000000000000e+00
9.420831236330196035e-02 0.000000000000000000e+00
1.099162756312509481e-01 0.000000000000000000e+00
1.256242388991999082e-01 0.000000000000000000e+00
1.413322021671488404e-01 0.000000000000000000e+00
1.570401654350978282e-01 0.000000000000000000e+00
1.727481287030468160e-01 0.000000000000000000e+00
1.884560919709957483e-01 0.000000000000000000e+00
2.041640552389447361e-01 0.000000000000000000e+00
2.198720185068937238e-01 0.000000000000000000e+00
2.355799817748426561e-01 0.000000000000000000e+00
2.512879450427916717e-01 0.000000000000000000e+00
2.669959083107406039e-01 0.000000000000000000e+00
2.827038715786895917e-01 0.000000000000000000e+00
2.984118348466385795e-01 0.000000000000000000e+00
3.141197981145875118e-01 0.000000000000000000e+00
3.298277613825364996e-01 0.000000000000000000e+00
3.455357246504854318e-01 0.000000000000000000e+00
3.612436879184344196e-01 0.000000000000000000e+00
3.769516511863834074e-01 0.000000000000000000e+00
3.926596144543323952e-01 0.000000000000000000e+00
4.083675777222813275e-01 0.000000000000000000e+00
4.240755409902303152e-01 0.000000000000000000e+00
4.397835042581792475e-01 0.000000000000000000e+00
4.554914675261282353e-01 0.000000000000000000e+00
4.711994307940772231e-01 0.000000000000000000e+00
4.869073940620261554e-01 0.000000000000000000e+00
5.026153573299750876e-01 0.000000000000000000e+00
5.183233205979241864e-01 0.000000000000000000e+00
5.340312838658730632e-01 0.000000000000000000e+00
5.497392471338219400e-01 0.000000000000000000e+00
5.654472104017710388e-01 0.000000000000000000e+00
5.811551736697199155e-01 0.000000000000000000e+00
5.968631369376690143e-01 0.000000000000000000e+00
6.125711002056178911e-01 0.000000000000000000e+00
6.282790634735667679e-01 7.340688703414153447e-06
6.439870267415158667e-01 7.340688703414153447e-06
6.596949900094647434e-01 7.340688703414153447e-06
6.754029532774138422e-01 7.340688703414153447e-06
6.911109165453627190e-01 7.340688703414153447e-06
7.068188798133117068e-01 7.340688703414153447e-06
7.225268430812606946e-01 7.340688703414155141e-06
7.382348063492095713e-01 0.000000000000000000e+00
7.539427696171586701e-01 7.340688703414153447e-06
7.696507328851075469e-01 7.340688703414153447e-06
7.853586961530565347e-01 7.340688703414153447e-06
8.010666594210055225e-01 7.340688703414153447e-06
8.167746226889543992e-01 7.340688703414153447e-06
8.324825859569034980e-01 1.468137740682830689e-05
8.481905492248523748e-01 2.202206611024246373e-05
8.638985124928014736e-01 2.936275481365661379e-05
8.796064757607503504e-01 3.670344351707077062e-05
8.953144390286992271e-01 3.670344351707077062e-05
9.110224022966483259e-01 3.670344351707077062e-05
9.267303655645972027e-01 4.404413222048492746e-05
9.424383288325463015e-01 4.404413222048492746e-05
9.581462921004951783e-01 3.670344351707077062e-05
9.738542553684440550e-01 3.670344351707077062e-05
9.895622186363931538e-01 3.670344351707077062e-05
1.005270181904341920e+00 4.404413222048492746e-05
1.020978145172290796e+00 5.138482092389908430e-05
1.036686108440239895e+00 5.138482092389908430e-05
1.052394071708188994e+00 4.404413222048492746e-05
1.068102034976137871e+00 5.872550962731323435e-05
1.083809998244086747e+00 5.872550962731323435e-05
1.099517961512035624e+00 6.606619833072738441e-05
1.115225924779984723e+00 7.340688703414154125e-05
1.130933888047933822e+00 8.808826444096985492e-05
1.146641851315882699e+00 8.808826444096984137e-05
1.162349814583831575e+00 9.542895314438401176e-05
1.178057777851780452e+00 8.808826444096986847e-05
1.193765741119729551e+00 9.542895314438402531e-05
1.209473704387678650e+00 9.542895314438402531e-05
1.225181667655627527e+00 1.101103305512123254e-04
1.240889630923576403e+00 1.101103305512123119e-04
1.256597594191525280e+00 1.174510192546264552e-04
1.272305557459474379e+00 1.394730853648689121e-04
1.288013520727423478e+00 1.688358401785255666e-04
1.303721483995372354e+00 1.614951514751113962e-04
1.319429447263321231e+00 1.688358401785255666e-04
1.335137410531270330e+00 1.835172175853538260e-04
1.350845373799219207e+00 2.055392836955962830e-04
1.366553337067168306e+00 2.275613498058387670e-04
1.382261300335117182e+00 2.055392836955963101e-04
1.397969263603066059e+00 1.835172175853538531e-04
1.413677226871015158e+00 1.908579062887679964e-04
1.429385190138964035e+00 2.202206611024246237e-04
1.445093153406913133e+00 1.908579062887680235e-04
1.460801116674862010e+00 2.128799723990104534e-04
1.476509079942810887e+00 2.128799723990104805e-04
1.492217043210759986e+00 2.422427272126670807e-04
1.507925006478708863e+00 3.083089255433945058e-04
1.523632969746657961e+00 3.450123690604652493e-04
1.539340933014606838e+00 3.670344351707077062e-04
1.555048896282555715e+00 4.257599447980209067e-04
1.570756859550504814e+00 4.110785673911926202e-04
1.586464822818453690e+00 4.991668318321625022e-04
1.602172786086402789e+00 5.578923414594756484e-04
1.617880749354351666e+00 5.505516527560614781e-04
1.633588712622300543e+00 6.312992284936172439e-04
1.649296675890249642e+00 7.487502477482436448e-04
1.665004639158198518e+00 8.294978234857994107e-04
1.680712602426147617e+00 9.249267766301834089e-04
1.696420565694096494e+00 1.093762616808709003e-03
1.712128528962045371e+00 1.174510192546264660e-03
1.727836492229994469e+00 1.409412231055517679e-03
1.743544455497943568e+00 1.658995646971598821e-03
1.759252418765892445e+00 1.901238374184266011e-03
1.774960382033841322e+00 2.099436969176447960e-03
1.790668345301790199e+00 2.466471404347155612e-03
1.806376308569739297e+00 2.782121018593963855e-03
1.822084271837688396e+00 3.090429944137358144e-03
1.837792235105637273e+00 3.501508511528551252e-03
1.853500198373586150e+00 3.861202257995844517e-03
1.869208161641535026e+00 4.389731844641663917e-03
1.884916124909484125e+00 5.043053139245523564e-03
1.900624088177433224e+00 5.644989612925484235e-03
1.916332051445382101e+00 6.158837822164474861e-03
1.932040014713330978e+00 6.863543937692234351e-03
1.947747977981279854e+00 7.700382449881447607e-03
1.963455941249228953e+00 8.617968537808218255e-03
1.979163904517178052e+00 9.425444295183774829e-03
1.994871867785126929e+00 1.035037107181395639e-02
2.010579831053076028e+00 1.147349644343632208e-02
2.026287794321024904e+00 1.295631556152598320e-02
2.041995757588974225e+00 1.443179399091222732e-02
2.057703720856923102e+00 1.584120622196774630e-02
2.073411684124871979e+00 1.737541016098130553e-02
2.089119647392820855e+00 1.852789828741732356e-02
2.104827610660769732e+00 1.987858500884552571e-02
2.120535573928718609e+00 2.159630616544443854e-02
2.136243537196667930e+00 2.267538740484632137e-02
2.151951500464616807e+00 2.362967693629016222e-02
2.167659463732565683e+00 2.404809619238477275e-02
2.183367427000514560e+00 2.448853751458962211e-02
2.199075390268463881e+00 2.466471404347155699e-02
2.214783353536412758e+00 2.476748368531935668e-02
2.230491316804361634e+00 2.367372106851064681e-02
2.246199280072310511e+00 2.310114734964434369e-02
2.261907243340259388e+00 2.201472542153904560e-02
2.277615206608208265e+00 2.109713933361227409e-02
2.293323169876157586e+00 2.002539878291380998e-02
2.309031133144106462e+00 1.900504305313924572e-02
2.324739096412055339e+00 1.771308184133835520e-02
2.340447059680004216e+00 1.725795914172667533e-02
2.356155022947953537e+00 1.621558134584186531e-02
2.371862986215902414e+00 1.565768900438239269e-02
2.387570949483851290e+00 1.543012765457655103e-02
2.403278912751800167e+00 1.486489462441366143e-02
2.418986876019749044e+00 1.464467396331123675e-02
2.434694839287697921e+00 1.452722294405660829e-02
2.450402802555647241e+00 1.410146299925859117e-02
2.466110765823596118e+00 1.382251682852885140e-02
2.481818729091544995e+00 1.358027410131618443e-02
2.497526692359493872e+00 1.340409757243424607e-02
2.513234655627443193e+00 1.317653622262840787e-02
2.528942618895392069e+00 1.326462448706937705e-02
2.544650582163340946e+00 1.336005344021375975e-02
2.560358545431289823e+00 1.328664655317961761e-02
2.576066508699238700e+00 1.326462448706937532e-02
2.591774471967188020e+00 1.341143826113765786e-02
2.607482435235136897e+00 1.353622996909570157e-02
2.623190398503085774e+00 1.354357065779911336e-02
2.638898361771034651e+00 1.340409757243424607e-02
2.654606325038983972e+00 1.333803137410351919e-02
2.670314288306932848e+00 1.338207550632400378e-02
2.686022251574881725e+00 1.340409757243424607e-02
2.701730214842830602e+00 1.329398724188303287e-02
2.717438178110779479e+00 1.297099693893281024e-02
2.733146141378728355e+00 1.270673214560990097e-02
2.748854104646677676e+00 1.236171977654943605e-02
2.764562067914626553e+00 1.158360677398753702e-02
2.780270031182575430e+00 1.084219721494270386e-02
2.795977994450524307e+00 1.004206214627056080e-02
2.811685957718473627e+00 9.278630521115488819e-03
2.827393920986422504e+00 8.258274791340924556e-03
2.843101884254371381e+00 7.458139722668780634e-03
2.858809847522320258e+00 6.569916389555668403e-03
2.874517810790269134e+00 5.887232340138152074e-03
2.890225774058218011e+00 5.160504158500150290e-03
2.905933737326167332e+00 4.529204930006532938e-03
2.921641700594116209e+00 3.897905701512915586e-03
2.937349663862065086e+00 3.362035426163682231e-03
2.953057627130013962e+00 2.848187216924692039e-03
2.968765590397963283e+00 2.466471404347155612e-03
2.984473553665912160e+00 2.099436969176448394e-03
3.000181516933861037e+00 1.725061845302326355e-03
3.015889480201809913e+00 1.431434297165759973e-03
3.031597443469758790e+00 1.108443994215537126e-03
3.047305406737707667e+00 8.441792008926277515e-04
3.063013370005656988e+00 6.606619833072739255e-04
3.078721333273605865e+00 4.771447657219200452e-04
3.094429296541554741e+00 3.229903029502227923e-04
3.110137259809503618e+00 2.569241046194953673e-04
3.125845223077452495e+00 2.422427272126670807e-04
