0.000000000000000000e+00 3.055658569419877040e+02 2.440531002686053696e+01
1.578689775673262907e-02 3.051805728078722950e+02 4.881062005372107393e+01
3.157379551346525814e-02 3.040247204055260681e+02 9.762124010744034308e+01
4.736069327019788722e-02 3.020982997349490802e+02 1.464318601611614383e+02
6.314759102693051629e-02 2.994013107961412175e+02 1.708371701880237765e+02
7.893448878366314536e-02 2.967043218573333547e+02 1.708371701880237765e+02
9.472138654039577443e-02 2.940073329185254920e+02 1.708371701880237765e+02
1.105082842971284035e-01 2.913103439797176293e+02 1.708371701880237765e+02
1.262951820538610326e-01 2.886133550409097666e+02 1.708371701880237765e+02
1.420820798105936755e-01 2.859163661021019038e+02 1.708371701880219575e+02
1.578689775673262907e-01 2.832193771632940980e+02 1.708371701880219575e+02
1.736558753240589059e-01 2.805223882244862352e+02 1.708371701880237765e+02
1.894427730807915489e-01 2.778253992856783725e+02 1.708371701880237765e+02
2.052296708375241918e-01 2.751284103468705098e+02 1.708371701880237765e+02
2.210165685942568070e-01 2.724314214080626471e+02 1.708371701880219575e+02
2.368034663509894222e-01 2.697344324692548412e+02 1.708371701880219575e+02
2.525903641077220652e-01 2.670374435304469785e+02 1.708371701880237765e+02
2.683772618644547081e-01 2.643404545916391157e+02 1.708371701880219575e+02
2.841641596211873511e-01 2.616434656528313099e+02 1.708371701880219575e+02
2.999510573779199385e-01 2.589464767140234471e+02 1.708371701880237765e+02
3.157379551346525814e-01 2.562494877752155844e+02 1.708371701880228670e+02
3.315248528913852244e-01 2.535524988364077501e+02 1.708371701880228670e+02
3.473117506481178118e-01 2.508555098975998874e+02 1.708371701880237765e+02
3.630986484048504548e-01 2.481585209587920247e+02 1.708371701880237765e+02
3.788855461615830977e-01 2.454615320199841619e+02 1.708371701880228670e+02
3.946724439183157407e-01 2.427645430811763276e+02 1.708371701880219575e+02
4.104593416750483836e-01 2.400675541423684933e+02 1.708371701880219575e+02
4.262462394317809711e-01 2.373705652035606590e+02 1.708371701880210765e+02
4.420331371885136140e-01 2.346735762647528531e+02 1.708371701880210765e+02
4.578200349452462570e-01 2.319765873259450188e+02 1.708371701880228670e+02
4.736069327019788444e-01 2.292795983871371561e+02 1.708371701880228670e+02
4.893938304587114874e-01 2.265826094483293218e+02 1.708371701880228670e+02
5.051807282154441303e-01 2.238856205095214591e+02 1.708371701880246576e+02
5.209676259721767178e-01 2.211886315707135680e+02 1.708371701880237765e+02
5.367545237289094162e-01 2.184916426319057337e+02 1.708371701880228670e+02
5.525414214856420037e-01 2.157946536930978709e+02 1.708371701880237765e+02
5.683283192423747021e-01 2.130976647542900082e+02 1.708371701880237765e+02
5.841152169991072896e-01 2.104006758154821455e+02 1.708371701880237765e+02
5.999021147558398770e-01 2.077036868766742828e+02 1.708371701880219575e+02
6.156890125125725755e-01 2.050066979378664769e+02 1.708371701880219575e+02
6.314759102693051629e-01 2.023097089990586142e+02 1.708371701880228670e+02
6.472628080260377503e-01 1.996127200602507799e+02 1.708371701880219575e+02
6.630497057827704488e-01 1.969157311214429456e+02 1.708371701880219575e+02
6.788366035395030362e-01 1.942187421826351112e+02 1.708371701880228670e+02
6.946235012962356237e-01 1.915217532438272485e+02 1.708371701880237765e+02
7.104103990529683221e-01 1.888247643050193858e+02 1.708371701880228670e+02
7.261972968097009096e-01 1.861277753662115515e+02 1.708371701880228670e+02
7.419841945664336080e-01 1.834307864274036888e+02 1.708371701880237765e+02
7.577710923231661955e-01 1.807337974885958261e+02 1.708371701880228670e+02
7.735579900798987829e-01 1.780368085497879918e+02 1.708371701880228670e+02
7.893448878366314814e-01 1.753398196109801290e+02 1.708371701880228670e+02
8.051317855933640688e-01 1.726428306721722947e+02 1.708371701880228670e+02
8.209186833500967673e-01 1.699458417333644320e+02 1.708371701880228670e+02
8.367055811068293547e-01 1.672488527945565977e+02 1.708371701880219575e+02
8.524924788635619421e-01 1.645518638557487634e+02 1.708371701880219575e+02
8.682793766202946406e-01 1.618548749169409291e+02 1.708371701880228670e+02
8.840662743770272280e-01 1.591578859781330664e+02 1.708371701880237765e+02
8.998531721337598155e-01 1.564608970393252037e+02 1.708371701880237765e+02
9.156400698904925139e-01 1.537639081005173409e+02 1.708371701880228670e+02
9.314269676472251014e-01 1.510669191617095066e+02 1.708371701880219575e+02
9.472138654039576888e-01 1.483699302229016723e+02 1.708371701880219575e+02
9.630007631606903873e-01 1.456729412840938380e+02 1.708371701880228670e+02
9.787876609174229747e-01 1.429759523452859753e+02 1.708371701880237765e+02
9.945745586741556732e-01 1.402789634064781126e+02 1.708371701880237765e+02
1.010361456430888261e+00 1.375819744676702499e+02 1.708371701880237765e+02
1.026148354187620848e+00 1.348849855288623871e+02 1.708371701880219575e+02
1.041935251944353436e+00 1.321879965900545812e+02 1.708371701880219575e+02
1.057722149701086245e+00 1.294910076512467185e+02 1.708371701880233218e+02
1.073509047457818832e+00 1.267940187124388700e+02 1.708371701880228670e+02
1.089295945214551420e+00 1.240970297736310215e+02 1.708371701880233218e+02
1.105082842971284007e+00 1.214000408348231588e+02 1.708371701880228670e+02
1.120869740728016595e+00 1.187030518960153245e+02 1.708371701880228670e+02
1.136656638484749404e+00 1.160060629572074617e+02 1.708371701880228670e+02
1.152443536241481992e+00 1.133090740183996274e+02 1.708371701880219575e+02
1.168230433998214579e+00 1.106120850795917931e+02 1.708371701880228670e+02
1.184017331754947167e+00 1.079150961407839304e+02 1.708371701880233218e+02
1.199804229511679754e+00 1.052181072019760819e+02 1.708371701880228670e+02
1.215591127268412341e+00 1.025211182631682334e+02 1.708371701880228670e+02
1.231378025025145151e+00 9.982412932436038489e+01 1.708371701880219575e+02
1.247164922781877738e+00 9.712714038555256479e+01 1.708371701880224123e+02
1.262951820538610326e+00 9.443015144674470207e+01 1.708371701880237765e+02
1.278738718295342913e+00 9.173316250793683935e+01 1.708371701880233218e+02
1.294525616052075501e+00 8.903617356912899083e+01 1.708371701880228670e+02
1.310312513808808310e+00 8.633918463032114232e+01 1.708371701880233218e+02
1.326099411565540898e+00 8.364219569151327960e+01 1.708371701880228670e+02
1.341886309322273485e+00 8.094520675270544530e+01 1.708371701880219575e+02
1.357673207079006072e+00 7.824821781389761099e+01 1.708371701880224123e+02
1.373460104835738660e+00 7.555122887508976248e+01 1.721167642118622041e+02
1.389247002592471247e+00 7.281383829623295867e+01 1.801180401258659742e+02
1.405033900349204057e+00 6.986421870786954003e+01 1.788384461020266372e+02
1.420820798105936644e+00 6.716722976906169151e+01 1.487097765594269561e+02
1.436607695862669232e+00 6.516888663192908382e+01 1.149711990276797309e+02
1.452394593619401819e+00 6.353715264102381610e+01 9.311731886370876055e+01
1.468181491376134407e+00 6.222881944736420223e+01 7.251100203103595732e+01
1.483968389132867216e+00 6.124770509041942290e+01 5.276097735031078884e+01
1.499755286889599804e+00 6.056295513741491732e+01 2.906858306146630966e+01
1.515542184646332391e+00 6.032989959297050575e+01 2.442740057967553113e+01
1.531329082403064978e+00 5.979168938658673937e+01 5.242494654667375187e+01
1.547115980159797566e+00 5.867464505090148208e+01 8.142930667643994980e+01
1.562902877916530375e+00 5.722065710878157319e+01 1.013764979756504232e+02
1.578689775673262963e+00 5.547380423394707094e+01 1.250323854920450657e+02
1.594476673429995550e+00 5.327291013669498199e+01 1.375313383028445742e+02
1.610263571186728138e+00 5.113141788167984458e+01 1.404408961960962188e+02
1.626050468943460725e+00 4.883865799847163913e+01 1.411442621547169836e+02
1.641837366700193535e+00 4.667495781050787684e+01 1.346626766814983966e+02
1.657624264456926122e+00 4.458684618163412239e+01 1.297971680266359726e+02
1.673411162213658709e+00 4.257676856900798157e+01 1.148133140953817275e+02
1.689198059970391297e+00 4.096175408016328134e+01 9.123719998311334223e+01
1.704984957727123884e+00 3.969606387352002486e+01 8.487786581102507455e+01
1.720771855483856472e+00 3.828183770142663178e+01 8.330894718020296352e+01
1.736558753240589281e+00 3.706568421081021825e+01 7.076878938471281799e+01
1.752345650997321869e+00 3.604739841665821842e+01 6.164415461211137881e+01
1.768132548754054456e+00 3.511934427848697737e+01 5.544676036894367854e+01
1.783919446510787044e+00 3.429673374288508114e+01 5.787566436012466653e+01
1.799706344267519631e+00 3.329198988677445215e+01 6.456471932201120012e+01
1.815493242024252440e+00 3.225818049762762030e+01 6.447984948185411724e+01
1.831280139780985028e+00 3.125611630449537159e+01 6.598457101253872281e+01
1.847067037537717615e+00 3.017479714543399538e+01 7.027088947551661136e+01
1.862853935294450203e+00 2.903739760964609218e+01 7.628096325820595780e+01
1.878640833051182790e+00 2.776631760994924392e+01 7.979199016190855787e+01
1.894427730807915378e+00 2.651806162866155958e+01 8.192999614335593606e+01
1.910214628564648187e+00 2.517947666529992645e+01 8.312467788397250956e+01
1.926001526321380775e+00 2.389350004703034358e+01 7.903276594983918812e+01
1.941788424078113362e+00 2.268411227433614386e+01 7.656760224441534035e+01
1.957575321834845949e+00 2.147597023080883005e+01 7.748669227386552905e+01
1.973362219591578537e+00 2.023756329746630556e+01 7.616406952783036388e+01
1.989149117348311346e+00 1.907118147406376352e+01 7.342334454169683511e+01
2.004936015105043712e+00 1.791930963099206409e+01 7.021309927773307891e+01
2.020722912861776521e+00 1.685428743510198402e+01 6.814729132043369475e+01
2.036509810618509331e+00 1.576764099004414454e+01 6.875715114441423736e+01
2.052296708375241696e+00 1.468336320477982504e+01 6.747986922748039262e+01
2.068083606131974506e+00 1.363704539778030167e+01 6.256690972122569150e+01
2.083870503888706871e+00 1.270788839133240344e+01 5.698928959065788291e+01
2.099657401645439680e+00 1.183767722178721549e+01 5.393847930434908733e+01
2.115444299402172490e+00 1.100484587546960746e+01 5.110838569281825983e+01
2.131231197158904855e+00 1.022399150289885839e+01 4.651136449495835734e+01
2.147018094915637665e+00 9.536305563853543887e+00 4.298394943029172310e+01
2.162804992672370030e+00 8.866825073225696130e+00 4.004423655311260433e+01
2.178591890429102840e+00 8.271957027432735643e+00 3.761058660956454958e+01
2.194378788185835649e+00 7.679316102473830341e+00 3.577253616669608505e+01
2.210165685942568015e+00 7.142482285507433026e+00 3.274627752447668882e+01
2.225952583699300824e+00 6.645391832088820117e+00 2.975598955011143687e+01
2.241739481456033189e+00 6.202972756151405420e+00 2.675820864577860192e+01
2.257526379212765999e+00 5.800533624000368427e+00 2.331080814026971382e+01
2.273313276969498808e+00 5.466962066676908094e+00 1.919282818671419477e+01
2.289100174726231174e+00 5.194543191507982272e+00 1.449534567433028442e+01
2.304887072482963983e+00 5.009288986458610538e+00 9.684755817535512179e+00
2.320673970239696349e+00 4.888758691727272954e+00 5.357112632934340368e+00
2.336460867996429158e+00 4.840144607643740216e+00 1.003882771970972643e+00
2.352247765753161524e+00 4.857062302365570794e+00 -2.658066561863644761e+00
2.368034663509894333e+00 4.924069857729202582e+00 -5.802782903639923440e+00
2.383821561266627143e+00 5.040278183174129900e+00 -8.403119906958943730e+00
2.399608459023359508e+00 5.189388247346653493e+00 -9.735421918770603256e+00
2.415395356780092317e+00 5.347662404074700504e+00 -9.498560445285866294e+00
2.431182254536824683e+00 5.489293852518398964e+00 -9.976861561234780851e+00
2.446969152293557492e+00 5.662669790875279219e+00 -1.087677706522603671e+01
2.462756050050290302e+00 5.832714987421394603e+00 -1.102684177365879137e+01
2.478542947807022667e+00 6.010829038196118468e+00 -1.053168583778680656e+01
2.494329845563755477e+00 6.165240282475733302e+00 -9.343307069147950727e+00
2.510116743320487842e+00 6.305832705016910289e+00 -9.065717171342894787e+00
2.525903641077220652e+00 6.451479382626624570e+00 -9.319308391591302865e+00
2.541690538833953461e+00 6.600078642499934922e+00 -7.238144243359735164e+00
2.557477436590685826e+00 6.680015068863430550e+00 -3.839817166573363139e+00
2.573264334347418636e+00 6.721316244526415851e+00 -7.667199112845383135e-01
2.589051232104151001e+00 6.704223326558430784e+00 1.723214503568962996e+00
2.604838129860883811e+00 6.666907822164891861e+00 3.405277430995350851e+00
2.620625027617616620e+00 6.596705793285565278e+00 6.377224711100735632e+00
2.636411925374348986e+00 6.465554633193179690e+00 8.853813387201665108e+00
2.652198823131081795e+00 6.317157299883678689e+00 9.089707082466491173e+00
2.667985720887814161e+00 6.178558080494085836e+00 8.818355973700201744e+00
2.683772618644546970e+00 6.038728331605123678e+00 9.335479383163441724e+00
2.699559516401279780e+00 5.883801563429912562e+00 1.042760467710037098e+01
2.715346414158012145e+00 5.709489273835102630e+00 1.213560543648878465e+01
2.731133311914744954e+00 5.500634438946118365e+00 1.322024815676982357e+01
2.746920209671477320e+00 5.292075861895986222e+00 1.461317250026393744e+01
2.762707107428210129e+00 5.039241118619790960e+00 1.697289376490787660e+01
2.778494005184942495e+00 4.756177184891015486e+00 1.903611905207672095e+01
2.794280902941675304e+00 4.438198588299540503e+00 1.925635969950540272e+01
2.810067800698408114e+00 4.148180821405098584e+00 1.821123368243943474e+01
2.825854698455140479e+00 3.863200819962266941e+00 1.751095165761676142e+01
2.841641596211873289e+00 3.595293614521331449e+00 1.675074345403435672e+01
2.857428493968605654e+00 3.334316271446069457e+00 1.501126983537979065e+01
2.873215391725338463e+00 3.121330850341600627e+00 1.238341883046356706e+01
2.889002289482071273e+00 2.943324737535417679e+00 9.574394224844647638e+00
2.904789187238803638e+00 2.819030884921053026e+00 7.887705909874738630e+00
2.920576084995536448e+00 2.694279924066681264e+00 6.410973505578388298e+00
2.936362982752268813e+00 2.616612118413677468e+00 2.623587960808754005e+00
2.952149880509001623e+00 2.611443294280516358e+00 -1.443738733423513665e+00
2.967936778265734432e+00 2.662196429957660815e+00 -4.091848392437890780e+00
2.983723676022466798e+00 2.740638478695451852e+00 -5.414306320319693278e+00
2.999510573779199607e+00 2.833146630562697332e+00 -6.737159667363163962e+00
3.015297471535931972e+00 2.953356180374341999e+00 -8.691607727916590420e+00
3.031084369292664782e+00 3.107573675647190115e+00 -9.181016038379221200e+00
3.046871267049397591e+00 3.243235703375972445e+00 -7.050033138556683454e+00
3.062658164806129957e+00 3.330169980327132517e+00 -5.766708443388706584e+00
3.078445062562862766e+00 3.425312576553301014e+00 -6.240110289947125466e+00
3.094231960319595132e+00 3.527193946603393471e+00 -7.069492991866562548e+00
3.110018858076327941e+00 3.648523302662371570e+00 -7.804766322585657612e+00
3.125805755833060751e+00 3.773620042503093241e+00 -6.997244559967009003e+00
3.141592653589793116e+00 3.869452871556477103e+00 -6.070402844822003985e+00
