0.000000000000000000e+00 5.833819602793087142e+02 7.708571721998033865e+01
1.578689775673262907e-02 5.821650159430524809e+02 1.541714344399678680e+02
3.157379551346525814e-02 5.785141829342835535e+02 3.083428688799393171e+02
4.736069327019788722e-02 5.724294612530020459e+02 4.625143033199071851e+02
6.314759102693051629e-02 5.639108508992079578e+02 5.396000205398911476e+02
7.893448878366314536e-02 5.553922405454138698e+02 5.396000205398911476e+02
9.472138654039577443e-02 5.468736301916197817e+02 5.396000205398911476e+02
1.105082842971284035e-01 5.383550198378256937e+02 5.396000205398911476e+02
1.262951820538610326e-01 5.298364094840316056e+02 5.396000205398911476e+02
1.420820798105936755e-01 5.213177991302375176e+02 5.396000205398911476e+02
1.578689775673262907e-01 5.127991887764434296e+02 5.396000205398911476e+02
1.736558753240589059e-01 5.042805784226493415e+02 5.396000205398911476e+02
1.894427730807915489e-01 4.957619680688552535e+02 5.396000205398911476e+02
2.052296708375241918e-01 4.872433577150611654e+02 5.396000205398911476e+02
2.210165685942568070e-01 4.787247473612670774e+02 5.396000205398911476e+02
2.368034663509894222e-01 4.702061370074729894e+02 5.396000205398911476e+02
2.525903641077220652e-01 4.616875266536789013e+02 5.396000205398893286e+02
2.683772618644547081e-01 4.531689162998848701e+02 5.396000205398911476e+02
2.841641596211873511e-01 4.446503059460907252e+02 5.396000205398929666e+02
2.999510573779199385e-01 4.361316955922966372e+02 5.396000205398893286e+02
3.157379551346525814e-01 4.276130852385026060e+02 5.396000205398875096e+02
3.315248528913852244e-01 4.190944748847085748e+02 5.396000205398893286e+02
3.473117506481178118e-01 4.105758645309144867e+02 5.396000205398911476e+02
3.630986484048504548e-01 4.020572541771203987e+02 5.396000205398929666e+02
3.788855461615830977e-01 3.935386438233262538e+02 5.396000205398929666e+02
3.946724439183157407e-01 3.850200334695321658e+02 5.396000205398911476e+02
4.104593416750483836e-01 3.765014231157380777e+02 5.396000205398893286e+02
4.262462394317809711e-01 3.679828127619440465e+02 5.396000205398893286e+02
4.420331371885136140e-01 3.594642024081499585e+02 5.396000205398911476e+02
4.578200349452462570e-01 3.509455920543558705e+02 5.396000205398911476e+02
4.736069327019788444e-01 3.424269817005617824e+02 5.396000205398911476e+02
4.893938304587114874e-01 3.339083713467676944e+02 5.396000205398911476e+02
5.051807282154441303e-01 3.253897609929736063e+02 5.396000205398911476e+02
5.209676259721767178e-01 3.168711506391795183e+02 5.396000205398893286e+02
5.367545237289094162e-01 3.083525402853854871e+02 5.396000205398893286e+02
5.525414214856420037e-01 2.998339299315913991e+02 5.396000205398911476e+02
5.683283192423747021e-01 2.913153195777973110e+02 5.396000205398911476e+02
5.841152169991072896e-01 2.827967092240032230e+02 5.396000205398893286e+02
5.999021147558398770e-01 2.742780988702091918e+02 5.396000205398893286e+02
6.156890125125725755e-01 2.657594885164151037e+02 5.396000205398911476e+02
6.314759102693051629e-01 2.572408781626210157e+02 5.396000205398911476e+02
6.472628080260377503e-01 2.487222678088269276e+02 5.396000205398911476e+02
6.630497057827704488e-01 2.402036574550328396e+02 5.396000205398911476e+02
6.788366035395030362e-01 2.316850471012387516e+02 5.396000205398911476e+02
6.946235012962356237e-01 2.231664367474446635e+02 5.396000205398902381e+02
7.104103990529683221e-01 2.146478263936506039e+02 5.396000205398902381e+02
7.261972968097009096e-01 2.061292160398565159e+02 5.396000205398911476e+02
7.419841945664336080e-01 1.976106056860624278e+02 5.396000205398911476e+02
7.577710923231661955e-01 1.890919953322683398e+02 5.396000205398902381e+02
7.735579900798987829e-01 1.805733849784742802e+02 5.396000205398902381e+02
7.893448878366314814e-01 1.720547746246801921e+02 5.396000205398911476e+02
8.051317855933640688e-01 1.635361642708861041e+02 5.396000205398911476e+02
8.209186833500967673e-01 1.550175539170920160e+02 5.396000205398902381e+02
8.367055811068293547e-01 1.464989435632979564e+02 5.396000205398911476e+02
8.524924788635619421e-01 1.379803332095038400e+02 5.396000205398911476e+02
8.682793766202946406e-01 1.294617228557097803e+02 5.396000205398902381e+02
8.840662743770272280e-01 1.209431125019156923e+02 5.396000205398902381e+02
8.998531721337598155e-01 1.124245021481216327e+02 5.396000205398897833e+02
9.156400698904925139e-01 1.039058917943275588e+02 5.491926463911092924e+02
9.314269676472251014e-01 9.508440583346991559e+01 5.691849386765503596e+02
9.472138654039576888e-01 8.593456293120989642e+01 5.595923128253317600e+02
9.630007631606903873e-01 7.741595257741580838e+01 5.264943379196066644e+02
9.787876609174229747e-01 6.931113836673895889e+01 4.908811882658495733e+02
9.945745586741556732e-01 6.191697031770303283e+01 4.454358808786052464e+02
1.010361456430888261e+00 5.524703694951760724e+01 3.942418226399286709e+02
1.026148354187620848e+00 4.946925962681408606e+01 3.291335139151424869e+02
1.041935251944353436e+00 4.485504268453262711e+01 2.516250548595573377e+02
1.057722149701086245e+00 4.152450159861394496e+01 2.009187872460020969e+02
1.073509047457818832e+00 3.851127398121392531e+01 1.697207977220633950e+02
1.089295945214551420e+00 3.616577183695531517e+01 1.411004977760247812e+02
1.105082842971284007e+00 3.405619571758555963e+01 1.241516323829203259e+02
1.120869740728016595e+00 3.224583358343407724e+01 1.112976790279646480e+02
1.136656638484749404e+00 3.054210555883331324e+01 1.026340707527572391e+02
1.152443536241481992e+00 2.900528642077199493e+01 9.448318296861833687e+01
1.168230433998214579e+00 2.755891286032083443e+01 8.659016838873208144e+01
1.184017331754947167e+00 2.627130615058964480e+01 8.157714091143883195e+01
1.199804229511679754e+00 2.498321289460992389e+01 7.477228923155284690e+01
1.215591127268412341e+00 2.391046118031891510e+01 6.381558194123418559e+01
1.231378025025145151e+00 2.296831275982460951e+01 5.271633521691855861e+01
1.247164922781877738e+00 2.224600639196064122e+01 3.898136249228921457e+01
1.262951820538610326e+00 2.173752319165680547e+01 2.484696047472056790e+01
1.278738718295342913e+00 2.146149354280066035e+01 1.235064194619363320e+01
1.294525616052075501e+00 2.134756654838766110e+01 -7.953401840087904739e-01
1.310312513808808310e+00 2.148660545113419573e+01 -1.331072110397670194e+01
1.326099411565540898e+00 2.176783653466138801e+01 -2.389216590719988531e+01
1.341886309322273485e+00 2.224097181186191108e+01 -3.323736028986252222e+01
1.357673207079006072e+00 2.281726615186087770e+01 -4.001993860977219697e+01
1.373460104835738660e+00 2.350455316998829147e+01 -4.491878744574481885e+01
1.389247002592471247e+00 2.423552276138563499e+01 -4.873730640858200047e+01
1.405033900349204057e+00 2.504337491640995950e+01 -4.957079012227890047e+01
1.420820798105936644e+00 2.580066075214737253e+01 -4.938561351216613104e+01
1.436607695862669232e+00 2.660266617875011974e+01 -4.986062240068244478e+01
1.452394593619401819e+00 2.737494984800062525e+01 -4.788526212425527717e+01
1.468181491376134407e+00 2.811458565317003888e+01 -4.395529433651962847e+01
1.483968389132867216e+00 2.876278532311607350e+01 -4.012324423670630580e+01
1.499755286889599804e+00 2.938142876203662723e+01 -3.573385379355394775e+01
1.515542184646332391e+00 2.989103871570181070e+01 -3.102386929097975354e+01
1.531329082403064978e+00 3.036097006706649637e+01 -2.618169694835930272e+01
1.547115980159797566e+00 3.071769426134482472e+01 -1.805450782221427986e+01
1.562902877916530375e+00 3.093101940514134895e+01 -9.098693025654617017e+00
1.578689775673262963e+00 3.100497453437663609e+01 -1.408641625697671040e+00
1.594476673429995550e+00 3.097549556778288249e+01 8.547882704734588444e+00
1.610263571186728138e+00 3.073508543378425983e+01 1.955389205154035182e+01
1.626050468943460725e+00 3.035810497865517377e+01 2.784869319775751251e+01
1.641837366700193535e+00 2.985579648944103326e+01 3.659190557453102599e+01
1.657624264456926122e+00 2.920275963459690161e+01 4.322253211240307280e+01
1.673411162213658709e+00 2.849109709894983311e+01 4.661722764020513665e+01
1.689198059970391297e+00 2.773087682168040402e+01 4.982402244515484568e+01
1.704984957727123884e+00 2.691796360260821075e+01 5.006705537356890545e+01
1.720771855483856472e+00 2.615006985335399747e+01 4.802936273730684036e+01
1.736558753240589281e+00 2.540149432489843662e+01 4.849316178420617973e+01
1.752345650997321869e+00 2.461895667937808341e+01 4.875054598414482143e+01
1.768132548754054456e+00 2.386225455482526314e+01 4.793786832970922518e+01
1.783919446510787044e+00 2.310537622738442209e+01 4.734092674151495572e+01
1.799706344267519631e+00 2.236752181447073085e+01 4.645850236805679856e+01
1.815493242024252440e+00 2.163850497375355530e+01 4.601611681875420601e+01
1.831280139780985028e+00 2.091461835171165617e+01 4.617848208429139589e+01
1.847067037537717615e+00 2.018047502330191989e+01 4.529402650949416653e+01
1.862853935294450203e+00 1.948451402071941274e+01 4.398064291861138742e+01
1.878640833051182790e+00 1.879183919723895002e+01 4.392587263909909723e+01
1.894427730807915378e+00 1.809760750026197940e+01 4.403803535266462887e+01
1.910214628564648187e+00 1.740139127419916321e+01 4.357638356053600859e+01
1.926001526321380775e+00 1.672173567650528625e+01 4.365806566988717208e+01
1.941788424078113362e+00 1.602294043622470809e+01 4.366618948283448987e+01
1.957575321834845949e+00 1.534302833892204276e+01 4.316969775778452600e+01
1.973362219591578537e+00 1.465990922684231990e+01 4.254309694364354755e+01
1.989149117348311346e+00 1.399978129551391248e+01 4.090122523943348654e+01
2.004936015105043712e+00 1.336850230488226288e+01 3.967138500085452080e+01
2.020722912861776521e+00 1.274720509776097899e+01 3.943008462965138250e+01
2.036509810618509331e+00 1.212354487570702055e+01 3.845412017480360589e+01
2.052296708375241696e+00 1.153306257071151109e+01 3.677889267497205594e+01
2.068083606131974506e+00 1.096229563917576755e+01 3.471578606830668434e+01
2.083870503888706871e+00 1.043695344030158978e+01 3.230944423050486591e+01
2.099657401645439680e+00 9.942163853888096980e+00 3.043572775254123641e+01
2.115444299402172490e+00 9.475981995939353197e+00 2.758652409704124508e+01
2.131231197158904855e+00 9.071152583120834834e+00 2.311009575380326453e+01
2.147018094915637665e+00 8.746308558312167136e+00 1.830289989637108405e+01
2.162804992672370030e+00 8.493260564489389708e+00 1.373774243123878591e+01
2.178591890429102840e+00 8.312555887971578628e+00 9.335288440054982928e+00
2.194378788185835649e+00 8.198510076223877618e+00 4.818573957548500708e+00
2.210165685942568015e+00 8.160415219169433243e+00 9.572772058665147965e-02
2.225952583699300824e+00 8.195487588749104546e+00 -4.184853774217008215e+00
2.241739481456033189e+00 8.292546936490314380e+00 -7.589457620064298915e+00
2.257526379212765999e+00 8.435115571703125426e+00 -9.805937071785839620e+00
2.273313276969498808e+00 8.602157588412788769e+00 -1.156389297963486129e+01
2.289100174726231174e+00 8.800231563981713023e+00 -1.297386761778864361e+01
2.304887072482963983e+00 9.011791831595616031e+00 -1.313697033324262620e+01
2.320673970239696349e+00 9.215015578949975250e+00 -1.307668150073072333e+01
2.336460867996429158e+00 9.424672299294401867e+00 -1.274077422366381285e+01
2.352247765753161524e+00 9.617290178971165560e+00 -1.128461406261622457e+01
2.368034663509894333e+00 9.780970396155820978e+00 -9.577884718892768490e+00
2.383821561266627143e+00 9.919700352537029531e+00 -7.697184076053253499e+00
2.399608459023359508e+00 1.002399971220262742e+01 -5.313998277745446863e+00
2.415395356780092317e+00 1.008748344751747084e+01 -3.266492196741876963e+00
2.431182254536824683e+00 1.012713526886888538e+01 -1.256248542737580687e+00
2.446969152293557492e+00 1.012714798211995593e+01 1.320881268472944292e+00
2.462756050050290302e+00 1.008543003380055403e+01 3.688841762217304421e+00
2.478542947807022667e+00 1.001067724663817593e+01 4.978268555334260270e+00
2.494329845563755477e+00 9.928247200423315988e+00 6.095936963296440858e+00
2.510116743320487842e+00 9.818205379496079743e+00 6.857887084682897871e+00
2.525903641077220652e+00 9.711717675957103779e+00 8.170437697002631339e+00
2.541690538833953461e+00 9.560233650395410621e+00 1.092695994628806133e+01
2.557477436590685826e+00 9.366712077029179184e+00 1.240096667554923293e+01
2.573264334347418636e+00 9.168688064412322092e+00 1.274902101331165838e+01
2.589051232104151001e+00 8.964177094558005265e+00 1.390222898881148339e+01
2.604838129860883811e+00 8.729741929138219447e+00 1.519045574992558656e+01
2.620625027617616620e+00 8.484556750953512250e+00 1.641626822253815732e+01
2.636411925374348986e+00 8.211418033185601928e+00 1.624312320478308536e+01
2.652198823131081795e+00 7.971699700385668663e+00 1.420010063814694412e+01
2.667985720887814161e+00 7.763066959366122788e+00 1.271339342393095606e+01
2.683772618644546970e+00 7.570289616136238742e+00 1.173243663514542057e+01
2.699559516401279780e+00 7.392629404173352903e+00 1.031970259041358595e+01
2.715346414158012145e+00 7.244457436786742477e+00 7.790943540078280272e+00
2.731133311914744954e+00 7.146639745981968161e+00 4.673316661868721411e+00
2.746920209671477320e+00 7.096903092135229407e+00 2.211921120943221020e+00
2.762707107428210129e+00 7.076801000817392051e+00 -3.699360097126758173e-01
2.778494005184942495e+00 7.108583376058964731e+00 -3.533484250321319742e+00
2.794280902941675304e+00 7.188366509987087483e+00 -7.268767207202150971e+00
2.810067800698408114e+00 7.338085945494147389e+00 -1.137654764465028379e+01
2.825854698455140479e+00 7.547567298968470340e+00 -1.492695372104471296e+01
2.841641596211873289e+00 7.809386529921372500e+00 -1.825209895931956083e+01
2.857428493968605654e+00 8.123855339201558223e+00 -2.236641247626579343e+01
2.873215391725338463e+00 8.515579063816806737e+00 -2.566075498348602224e+01
2.889002289482071273e+00 8.934062769771280443e+00 -2.845877021855161360e+01
2.904789187238803638e+00 9.414130455262050390e+00 -3.099299104993571419e+01
2.920576084995536448e+00 9.912629131532609605e+00 -3.234073981636996109e+01
2.936362982752268813e+00 1.043525036097829961e+01 -3.305930848278571688e+01
2.952149880509001623e+00 1.095643697738465328e+01 -3.382471293259238365e+01
2.967936778265734432e+00 1.150322493041363536e+01 -3.384100146761953454e+01
2.983723676022466798e+00 1.202492583769415013e+01 -3.352108544397059120e+01
2.999510573779199607e+00 1.256161282761095954e+01 -3.081205077438364270e+01
3.015297471535931972e+00 1.299777922819504816e+01 -2.725819473808181215e+01
3.031084369292664782e+00 1.342225749433736937e+01 -2.528804232820992937e+01
3.046871267049397591e+00 1.379621870560180241e+01 -2.113372446906729607e+01
3.062658164806129957e+00 1.408952938916161735e+01 -1.287505044284931266e+01
3.078445062562862766e+00 1.420273291550987693e+01 -7.020236034361690081e+00
3.094231960319595132e+00 1.431118488616681361e+01 -6.370597661725711625e+00
3.110018858076327941e+00 1.440387686337976447e+01 -5.076701915764277651e+00
3.125805755833060751e+00 1.447147563433797224e+01 -2.940063838295952525e+00
3.141592653589793116e+00 1.449670583780665467e+01 -1.598173615707527029e+00
