0.000000000000000000e+00 6.297972879893468416e+02 8.453240161702638034e+01
1.578689775673262907e-02 6.284627836078877863e+02 1.690648032340455416e+02
3.157379551346525814e-02 6.244592704635108475e+02 3.381296064680839208e+02
4.736069327019788722e-02 6.177867485562160255e+02 5.071944097021294624e+02
6.314759102693051629e-02 6.084452178860030926e+02 5.917268113191522616e+02
7.893448878366314536e-02 5.991036872157902735e+02 5.917268113191449856e+02
9.472138654039577443e-02 5.897621565455775681e+02 5.917268113191449856e+02
1.105082842971284035e-01 5.804206258753647489e+02 5.917268113191486236e+02
1.262951820538610326e-01 5.710790952051519298e+02 5.917268113191522616e+02
1.420820798105936755e-01 5.617375645349389970e+02 5.917268113191522616e+02
1.578689775673262907e-01 5.523960338647261779e+02 5.917268113191486236e+02
1.736558753240589059e-01 5.430545031945133587e+02 5.917268113191486236e+02
1.894427730807915489e-01 5.337129725243005396e+02 5.917268113191486236e+02
2.052296708375241918e-01 5.243714418540877205e+02 5.917268113191486236e+02
2.210165685942568070e-01 5.150299111838749013e+02 5.917268113191486236e+02
2.368034663509894222e-01 5.056883805136620822e+02 5.917268113191486236e+02
2.525903641077220652e-01 4.963468498434492631e+02 5.917268113191504426e+02
2.683772618644547081e-01 4.870053191732363871e+02 5.917268113191486236e+02
2.841641596211873511e-01 4.776637885030236248e+02 5.917268113191468046e+02
2.999510573779199385e-01 4.683222578328108057e+02 5.917268113191486236e+02
3.157379551346525814e-01 4.589807271625979865e+02 5.917268113191486236e+02
3.315248528913852244e-01 4.496391964923851674e+02 5.917268113191504426e+02
3.473117506481178118e-01 4.402976658221722914e+02 5.917268113191522616e+02
3.630986484048504548e-01 4.309561351519594155e+02 5.917268113191486236e+02
3.788855461615830977e-01 4.216146044817466532e+02 5.917268113191468046e+02
3.946724439183157407e-01 4.122730738115338340e+02 5.917268113191486236e+02
4.104593416750483836e-01 4.029315431413210149e+02 5.917268113191504426e+02
4.262462394317809711e-01 3.935900124711081389e+02 5.917268113191504426e+02
4.420331371885136140e-01 3.842484818008953198e+02 5.917268113191486236e+02
4.578200349452462570e-01 3.749069511306825007e+02 5.917268113191486236e+02
4.736069327019788444e-01 3.655654204604696815e+02 5.917268113191486236e+02
4.893938304587114874e-01 3.562238897902568624e+02 5.917268113191522616e+02
5.051807282154441303e-01 3.468823591200439296e+02 5.917268113191504426e+02
5.209676259721767178e-01 3.375408284498311673e+02 5.917268113191468046e+02
5.367545237289094162e-01 3.281992977796183482e+02 5.917268113191486236e+02
5.525414214856420037e-01 3.188577671094055290e+02 5.917268113191486236e+02
5.683283192423747021e-01 3.095162364391927099e+02 5.917268113191522616e+02
5.841152169991072896e-01 3.001747057689797771e+02 5.917268113191504426e+02
5.999021147558398770e-01 2.908331750987670148e+02 5.917268113191468046e+02
6.156890125125725755e-01 2.814916444285541957e+02 5.917268113191468046e+02
6.314759102693051629e-01 2.721501137583414334e+02 5.917268113191468046e+02
6.472628080260377503e-01 2.628085830881286142e+02 5.917268113191504426e+02
6.630497057827704488e-01 2.534670524179157383e+02 5.917268113191504426e+02
6.788366035395030362e-01 2.441255217477029191e+02 5.917268113191486236e+02
6.946235012962356237e-01 2.347839910774901000e+02 5.917268113191495331e+02
7.104103990529683221e-01 2.254424604072772524e+02 5.917268113191495331e+02
7.261972968097009096e-01 2.161009297370644333e+02 5.917268113191495331e+02
7.419841945664336080e-01 2.067593990668515858e+02 5.917268113191495331e+02
7.577710923231661955e-01 1.974178683966387666e+02 5.917268113191486236e+02
7.735579900798987829e-01 1.880763377264259475e+02 5.917268113191495331e+02
7.893448878366314814e-01 1.787348070562130999e+02 5.917268113191495331e+02
8.051317855933640688e-01 1.693932763860002808e+02 5.917268113191486236e+02
8.209186833500967673e-01 1.600517457157874617e+02 5.917268113191495331e+02
8.367055811068293547e-01 1.507102150455746141e+02 5.917268113191495331e+02
8.524924788635619421e-01 1.413686843753617950e+02 5.917268113191486236e+02
8.682793766202946406e-01 1.320271537051489759e+02 5.917268113191486236e+02
8.840662743770272280e-01 1.226856230349361567e+02 5.917268113191486236e+02
8.998531721337598155e-01 1.133440923647233376e+02 5.964043236272341346e+02
9.156400698904925139e-01 1.038548748773833097e+02 6.038231038131868900e+02
9.314269676472251014e-01 9.427910515861987051e+01 5.991455915051022885e+02
9.472138654039576888e-01 8.493757448840702295e+01 5.722063899239014972e+02
9.630007631606903873e-01 7.621237761166443647e+01 5.291169138990136389e+02
9.787876609174229747e-01 6.823134524624376240e+01 4.780147541667330415e+02
9.945745586741556732e-01 6.111963751118464216e+01 4.229746267842918428e+02
1.010361456430888261e+00 5.487643087277224652e+01 3.593049594526578403e+02
1.026148354187620848e+00 4.977501619445249759e+01 2.880815515006470378e+02
1.041935251944353436e+00 4.578060287448900567e+01 2.277425628556180186e+02
1.057722149701086245e+00 4.258431908513670550e+01 1.885778510411453794e+02
1.073509047457818832e+00 3.982648436734717023e+01 1.661491869973873179e+02
1.089295945214551420e+00 3.733835863015269751e+01 1.509028425248329484e+02
1.105082842971284007e+00 3.506190887506744502e+01 1.368592658117700864e+02
1.120869740728016595e+00 3.301719215728888202e+01 1.259648710017935826e+02
1.136656638484749404e+00 3.108471979617678471e+01 1.180816616228959077e+02
1.152443536241481992e+00 2.928890591931736864e+01 1.084585746003399009e+02
1.168230433998214579e+00 2.766027094006373588e+01 9.882229380916623995e+01
1.184017331754947167e+00 2.616871102241517022e+01 8.690463242031806601e+01
1.199804229511679754e+00 2.491636184685174982e+01 7.383438540894421465e+01
1.215591127268412341e+00 2.383747923565078253e+01 6.161049882323097648e+01
1.231378025025145151e+00 2.297108455552446316e+01 4.739875723400906793e+01
1.247164922781877738e+00 2.234092056715179808e+01 3.382759245036552187e+01
1.262951820538610326e+00 2.190301906878378091e+01 2.199373398015328007e+01
1.278738718295342913e+00 2.164649490788488606e+01 9.041043146116587437e+00
1.294525616052075501e+00 2.161755902125987916e+01 -3.637334117737851535e+00
1.310312513808808310e+00 2.176133935153249155e+01 -1.553887330201185080e+01
1.326099411565540898e+00 2.210818022940724603e+01 -2.562455195935510943e+01
1.341886309322273485e+00 2.257040371522133526e+01 -3.242867482991563577e+01
1.357673207079006072e+00 2.313207657725966016e+01 -3.907217035958738904e+01
1.373460104835738660e+00 2.380406043242222580e+01 -4.442525955991628450e+01
1.389247002592471247e+00 2.453475063823707458e+01 -4.732377606428365624e+01
1.405033900349204057e+00 2.529825166080093979e+01 -4.751105763184661868e+01
1.420820798105936644e+00 2.603485505653346266e+01 -4.570749946468097846e+01
1.436607695862669232e+00 2.674141090233059970e+01 -4.382034085635645937e+01
1.452394593619401819e+00 2.741842953806240857e+01 -4.198863890403105614e+01
1.468181491376134407e+00 2.806715160097520823e+01 -3.835076259017439781e+01
1.483968389132867216e+00 2.862930867387002820e+01 -3.344142854799061126e+01
1.499755286889599804e+00 2.912302442762762311e+01 -2.881009986518799337e+01
1.515542184646332391e+00 2.953895287573598694e+01 -2.577408792473596932e+01
1.531329082403064978e+00 2.993681020930931069e+01 -2.273558009019042458e+01
1.547115980159797566e+00 3.025680143238367137e+01 -1.784877266534074280e+01
1.562902877916530375e+00 3.050036370761110760e+01 -1.045238004546673061e+01
1.578689775673262963e+00 3.058682274256826261e+01 -1.805691090213111361e+00
1.594476673429995550e+00 3.055737622885398252e+01 5.776782238801501990e+00
1.610263571186728138e+00 3.040442780143452595e+01 1.541765812538262992e+01
1.626050468943460725e+00 3.007058224390663526e+01 2.418465303956221391e+01
1.641837366700193535e+00 2.964082651179928263e+01 3.199135282296196436e+01
1.657624264456926122e+00 2.906049381167531465e+01 3.958518013664735946e+01
1.673411162213658709e+00 2.839097212880109211e+01 4.365310083758104298e+01
1.689198059970391297e+00 2.768219973230085174e+01 4.491029519992321895e+01
1.704984957727123884e+00 2.697298365170935597e+01 4.561860761366057204e+01
1.720771855483856472e+00 2.624184714389812356e+01 4.623149467170651405e+01
1.736558753240589281e+00 2.551327989266303575e+01 4.831433123402821650e+01
1.752345650997321869e+00 2.471638032914508898e+01 4.945971077283878969e+01
1.768132548754054456e+00 2.395164909856628910e+01 4.893938916554909468e+01
1.783919446510787044e+00 2.317117806307814476e+01 4.918965088239332317e+01
1.799706344267519631e+00 2.239854512022685640e+01 5.039426271060811757e+01
1.815493242024252440e+00 2.158003991720155668e+01 5.192899626464500074e+01
1.831280139780985028e+00 2.075894961094745383e+01 4.970685039703157315e+01
1.847067037537717615e+00 2.001060598714727234e+01 4.744360395286856402e+01
1.862853935294450203e+00 1.926097496131774989e+01 4.747644961314527734e+01
1.878640833051182790e+00 1.851159427535648661e+01 4.662607420151104520e+01
1.894427730807915378e+00 1.778881282888358228e+01 4.446796526019664952e+01
1.910214628564648187e+00 1.710757183333116060e+01 4.182372905493460991e+01
1.926001526321380775e+00 1.646827896009250125e+01 4.018918771147146174e+01
1.941788424078113362e+00 1.583864663867688982e+01 4.075716603777664204e+01
1.957575321834845949e+00 1.518142053390739044e+01 4.042972633747880451e+01
1.973362219591578537e+00 1.456212672663197338e+01 3.858951620022484974e+01
1.989149117348311346e+00 1.396300304043793616e+01 3.791137316383042588e+01
2.004936015105043712e+00 1.336512078272251713e+01 3.882810461057129459e+01
2.020722912861776521e+00 1.273705240528832050e+01 3.980816794543858350e+01
2.036509810618509331e+00 1.210822582824755678e+01 3.893569379721049728e+01
2.052296708375241696e+00 1.150770477116029866e+01 3.752170621341642232e+01
2.068083606131974506e+00 1.092352314894882781e+01 3.641252662118986194e+01
2.083870503888706871e+00 1.035802310149423988e+01 3.488236743183507116e+01
2.099657401645439680e+00 9.822154412630506926e+00 3.208356326587574614e+01
2.115444299402172490e+00 9.345023235594153377e+00 2.809064824833654939e+01
2.131231197158904855e+00 8.935226028996847703e+00 2.399984526030274523e+01
2.147018094915637665e+00 8.587257028990546104e+00 1.972153897555930868e+01
2.162804992672370030e+00 8.312542190171702927e+00 1.478095204561733489e+01
2.178591890429102840e+00 8.120566271607888353e+00 9.710342741629022001e+00
2.194378788185835649e+00 8.005949814081846583e+00 4.734387941844650172e+00
2.210165685942568015e+00 7.971083674850669709e+00 4.330713532442135860e-01
2.225952583699300824e+00 7.992276107731774104e+00 -3.717595460868686086e+00
2.241739481456033189e+00 8.088462273733924235e+00 -8.108295244966452486e+00
2.257526379212765999e+00 8.248285763759147571e+00 -1.100702960230929861e+01
2.273313276969498808e+00 8.435995975607896824e+00 -1.284067373032408632e+01
2.289100174726231174e+00 8.653714570375525383e+00 -1.451848328381937314e+01
2.304887072482963983e+00 8.894399597976873295e+00 -1.493886866488918841e+01
2.320673970239696349e+00 9.125391354803250366e+00 -1.432938324523212259e+01
2.336460867996429158e+00 9.346832614395907513e+00 -1.291678173301346888e+01
2.352247765753161524e+00 9.533223179933481006e+00 -1.061223030462065253e+01
2.368034663509894333e+00 9.681901003975799114e+00 -8.701920548094021157e+00
2.383821561266627143e+00 9.807975839893423142e+00 -6.439152009518490871e+00
2.399608459023359508e+00 9.885209472804454833e+00 -3.118849603742377408e+00
2.415395356780092317e+00 9.906449759519237119e+00 -6.652469416404206415e-01
2.431182254536824683e+00 9.906213843705767630e+00 7.090517467083855552e-01
2.446969152293557492e+00 9.884062304660201193e+00 2.219323355243394857e+00
2.462756050050290302e+00 9.836141381909055070e+00 3.961188877287956434e+00
2.478542947807022667e+00 9.758992537058498229e+00 5.437814086839749983e+00
2.494329845563755477e+00 9.664448951890936002e+00 6.062247625906166171e+00
2.510116743320487842e+00 9.567584370166146712e+00 6.483016882087450306e+00
2.525903641077220652e+00 9.459755502545563743e+00 7.804807558704470516e+00
2.541690538833953461e+00 9.321156972285663755e+00 1.015302205120162071e+01
2.557477436590685826e+00 9.139186060457220151e+00 1.234612983808332665e+01
2.573264334347418636e+00 8.931342793395328883e+00 1.358069449372643511e+01
2.589051232104151001e+00 8.710391989581458105e+00 1.465128235143819069e+01
2.604838129860883811e+00 8.468746200420977033e+00 1.645908736964483055e+01
2.620625027617616620e+00 8.190716130634033476e+00 1.769673522693246071e+01
2.636411925374348986e+00 7.909993101109874303e+00 1.731069740123107437e+01
2.652198823131081795e+00 7.644151710692089097e+00 1.596476832521584299e+01
2.667985720887814161e+00 7.405924770589662032e+00 1.415086434754077160e+01
2.683772618644546970e+00 7.197355213444050825e+00 1.177570252180132648e+01
2.699559516401279780e+00 7.034121147138909791e+00 1.002292485040332259e+01
2.715346414158012145e+00 6.880893433770586931e+00 7.205326533781540199e+00
2.731133311914744954e+00 6.806621640553546015e+00 2.947260674323462837e+00
2.746920209671477320e+00 6.787837227914620186e+00 -4.741681137827713499e-01
2.762707107428210129e+00 6.821592927617128765e+00 -4.176768807143721673e+00
2.778494005184942495e+00 6.919713672138396277e+00 -7.954752497564344438e+00
2.794280902941675304e+00 7.072754656335452417e+00 -1.032056866817020691e+01
2.810067800698408114e+00 7.245573196849878883e+00 -1.445385279458458250e+01
2.825854698455140479e+00 7.529117648853394407e+00 -1.920959093702742138e+01
2.841641596211873289e+00 7.852092892992898143e+00 -2.174113492119702684e+01
2.857428493968605654e+00 8.215567797085927992e+00 -2.367466188263720284e+01
2.873215391725338463e+00 8.599591826125715599e+00 -2.571497260013319419e+01
2.889002289482071273e+00 9.027487083596895445e+00 -2.893544676162024487e+01
2.904789187238803638e+00 9.513193705267873668e+00 -3.209730965327715069e+01
2.920576084995536448e+00 1.004092097512184267e+01 -3.286073651519157579e+01
2.936362982752268813e+00 1.055073188042039334e+01 -3.335646418882470954e+01
2.952149880509001623e+00 1.109411115447202079e+01 -3.522455221577280327e+01
2.967936778265734432e+00 1.166290468913458334e+01 -3.620098287139090587e+01
2.983723676022466798e+00 1.223711358503977564e+01 -3.496982812185392220e+01
2.999510573779199607e+00 1.276703489139502601e+01 -3.053404706939191016e+01
3.015297471535931972e+00 1.320118934340727890e+01 -2.728635607945977171e+01
3.031084369292664782e+00 1.362856871855548846e+01 -2.641495456287589150e+01
3.046871267049397591e+00 1.403520971727299838e+01 -2.282193504268371953e+01
3.062658164806129957e+00 1.434914382881477124e+01 -1.817064377691023580e+01
3.078445062562862766e+00 1.460892590823318216e+01 -1.726044442164876003e+01
3.094231960319595132e+00 1.489412157145544136e+01 -1.937329540117245230e+01
3.110018858076327941e+00 1.522061437565175801e+01 -2.166343936276405557e+01
3.125805755833060751e+00 1.557811857601370775e+01 -2.087905798132994661e+01
3.141592653589793116e+00 1.587984548286805442e+01 -1.911248881849946457e+01
