0.000000000000000000e+00 2.645629602850444826e+02 1.845613219352765810e+01
1.578689775673262907e-02 2.642715952131205199e+02 3.691226438705712098e+01
3.157379551346525814e-02 2.633974999973485751e+02 7.382452877411603254e+01
4.736069327019788722e-02 2.619406746377286481e+02 1.107367931611731535e+02
6.314759102693051629e-02 2.599011191342607958e+02 1.291929253547026235e+02
7.893448878366314536e-02 2.578615636307928867e+02 1.291929253547026235e+02
9.472138654039577443e-02 2.558220081273250344e+02 1.291929253547017140e+02
1.105082842971284035e-01 2.537824526238571536e+02 1.291929253547017140e+02
1.262951820538610326e-01 2.517428971203893013e+02 1.291929253547008045e+02
1.420820798105936755e-01 2.497033416169214490e+02 1.291929253547017140e+02
1.578689775673262907e-01 2.476637861134535683e+02 1.291929253547017140e+02
1.736558753240589059e-01 2.456242306099857160e+02 1.291929253547017140e+02
1.894427730807915489e-01 2.435846751065178353e+02 1.291929253547017140e+02
2.052296708375241918e-01 2.415451196030499830e+02 1.291929253547008045e+02
2.210165685942568070e-01 2.395055640995821307e+02 1.291929253547017140e+02
2.368034663509894222e-01 2.374660085961142499e+02 1.291929253547026235e+02
2.525903641077220652e-01 2.354264530926463692e+02 1.291929253547026235e+02
2.683772618644547081e-01 2.333868975891784885e+02 1.291929253547026235e+02
2.841641596211873511e-01 2.313473420857106078e+02 1.291929253547017140e+02
2.999510573779199385e-01 2.293077865822427555e+02 1.291929253547017140e+02
3.157379551346525814e-01 2.272682310787748747e+02 1.291929253547017140e+02
3.315248528913852244e-01 2.252286755753070224e+02 1.291929253547017140e+02
3.473117506481178118e-01 2.231891200718391417e+02 1.291929253547017140e+02
3.630986484048504548e-01 2.211495645683712894e+02 1.291929253547017140e+02
3.788855461615830977e-01 2.191100090649034087e+02 1.291929253547026235e+02
3.946724439183157407e-01 2.170704535614355279e+02 1.291929253547017140e+02
4.104593416750483836e-01 2.150308980579676756e+02 1.291929253547017140e+02
4.262462394317809711e-01 2.129913425544997949e+02 1.291929253547017140e+02
4.420331371885136140e-01 2.109517870510319426e+02 1.291929253547017140e+02
4.578200349452462570e-01 2.089122315475640619e+02 1.291929253547026235e+02
4.736069327019788444e-01 2.068726760440961812e+02 1.291929253547017140e+02
4.893938304587114874e-01 2.048331205406283289e+02 1.291929253547017140e+02
5.051807282154441303e-01 2.027935650371604481e+02 1.291929253547017140e+02
5.209676259721767178e-01 2.007540095336925958e+02 1.291929253547017140e+02
5.367545237289094162e-01 1.987144540302247151e+02 1.291929253547026235e+02
5.525414214856420037e-01 1.966748985267568344e+02 1.291929253547026235e+02
5.683283192423747021e-01 1.946353430232889536e+02 1.291929253547017140e+02
5.841152169991072896e-01 1.925957875198211013e+02 1.291929253547017140e+02
5.999021147558398770e-01 1.905562320163532206e+02 1.291929253547026235e+02
6.156890125125725755e-01 1.885166765128853399e+02 1.291929253547017140e+02
6.314759102693051629e-01 1.864771210094174876e+02 1.291929253547017140e+02
6.472628080260377503e-01 1.844375655059496069e+02 1.291929253547026235e+02
6.630497057827704488e-01 1.823980100024817261e+02 1.291929253547017140e+02
6.788366035395030362e-01 1.803584544990138738e+02 1.291929253547008045e+02
6.946235012962356237e-01 1.783188989955460215e+02 1.291929253547008045e+02
7.104103990529683221e-01 1.762793434920781692e+02 1.291929253547026235e+02
7.261972968097009096e-01 1.742397879886102601e+02 1.291929253547026235e+02
7.419841945664336080e-01 1.722002324851424078e+02 1.291929253547008045e+02
7.577710923231661955e-01 1.701606769816745555e+02 1.291929253547017140e+02
7.735579900798987829e-01 1.681211214782066747e+02 1.291929253547026235e+02
7.893448878366314814e-01 1.660815659747387940e+02 1.291929253547017140e+02
8.051317855933640688e-01 1.640420104712709417e+02 1.291929253547008045e+02
8.209186833500967673e-01 1.620024549678030894e+02 1.291929253547026235e+02
8.367055811068293547e-01 1.599628994643351803e+02 1.291929253547026235e+02
8.524924788635619421e-01 1.579233439608673280e+02 1.291929253547017140e+02
8.682793766202946406e-01 1.558837884573994472e+02 1.291929253547026235e+02
8.840662743770272280e-01 1.538442329539315665e+02 1.291929253547017140e+02
8.998531721337598155e-01 1.518046774504637142e+02 1.291929253547008045e+02
9.156400698904925139e-01 1.497651219469958619e+02 1.291929253547017140e+02
9.314269676472251014e-01 1.477255664435279812e+02 1.291929253547026235e+02
9.472138654039576888e-01 1.456860109400601004e+02 1.291929253547017140e+02
9.630007631606903873e-01 1.436464554365922481e+02 1.291929253547017140e+02
9.787876609174229747e-01 1.416068999331243674e+02 1.291929253547026235e+02
9.945745586741556732e-01 1.395673444296564867e+02 1.291929253547017140e+02
1.010361456430888261e+00 1.375277889261886344e+02 1.291929253547017140e+02
1.026148354187620848e+00 1.354882334227207537e+02 1.291929253547017140e+02
1.041935251944353436e+00 1.334486779192529013e+02 1.291929253547017140e+02
1.057722149701086245e+00 1.314091224157850206e+02 1.291929253547026235e+02
1.073509047457818832e+00 1.293695669123171399e+02 1.291929253547021688e+02
1.089295945214551420e+00 1.273300114088492734e+02 1.291929253547017140e+02
1.105082842971284007e+00 1.252904559053814069e+02 1.291929253547017140e+02
1.120869740728016595e+00 1.232509004019135403e+02 1.291929253547021688e+02
1.136656638484749404e+00 1.212113448984456596e+02 1.291929253547021688e+02
1.152443536241481992e+00 1.191717893949777931e+02 1.291929253547017140e+02
1.168230433998214579e+00 1.171322338915099266e+02 1.291929253547021688e+02
1.184017331754947167e+00 1.150926783880420459e+02 1.291929253547021688e+02
1.199804229511679754e+00 1.130531228845741794e+02 1.291929253547017140e+02
1.215591127268412341e+00 1.110135673811063128e+02 1.291929253547017140e+02
1.231378025025145151e+00 1.089740118776384463e+02 1.291929253547021688e+02
1.247164922781877738e+00 1.069344563741705656e+02 1.291929253547021688e+02
1.262951820538610326e+00 1.048949008707026991e+02 1.291929253547017140e+02
1.278738718295342913e+00 1.028553453672348326e+02 1.291929253547017140e+02
1.294525616052075501e+00 1.008157898637669661e+02 1.291929253547017140e+02
1.310312513808808310e+00 9.877623436029909954e+01 1.291929253547012593e+02
1.326099411565540898e+00 9.673667885683124723e+01 1.291929253547017140e+02
1.341886309322273485e+00 9.469712335336336650e+01 1.291929253547021688e+02
1.357673207079006072e+00 9.265756784989549999e+01 1.291929253547017140e+02
1.373460104835738660e+00 9.061801234642763347e+01 1.291929253547021688e+02
1.389247002592471247e+00 8.857845684295975275e+01 1.291929253547021688e+02
1.405033900349204057e+00 8.653890133949188623e+01 1.291929253547017140e+02
1.420820798105936644e+00 8.449934583602401972e+01 1.291929253547021688e+02
1.436607695862669232e+00 8.245979033255613899e+01 1.291929253547021688e+02
1.452394593619401819e+00 8.042023482908827248e+01 1.291929253547017140e+02
1.468181491376134407e+00 7.838067932562040596e+01 1.291929253547012593e+02
1.483968389132867216e+00 7.634112382215255366e+01 1.291929253547021688e+02
1.499755286889599804e+00 7.430156831868465872e+01 1.291929253547021688e+02
1.515542184646332391e+00 7.226201281521680642e+01 1.291929253547017140e+02
1.531329082403064978e+00 7.022245731174892569e+01 1.291929253547021688e+02
1.547115980159797566e+00 6.818290180828105917e+01 1.291929253547017140e+02
1.562902877916530375e+00 6.614334630481319266e+01 1.291929253547017140e+02
1.578689775673262963e+00 6.410379080134532614e+01 1.291929253547021688e+02
1.594476673429995550e+00 6.206423529787744542e+01 1.291929253547023961e+02
1.610263571186728138e+00 6.002467979440957180e+01 1.291929253547019414e+02
1.626050468943460725e+00 5.798512429094170528e+01 1.291929253547019414e+02
1.641837366700193535e+00 5.594556878747383166e+01 1.291929253547019414e+02
1.657624264456926122e+00 5.390601328400596515e+01 1.291929253547017140e+02
1.673411162213658709e+00 5.186645778053809863e+01 1.291929253547017140e+02
1.689198059970391297e+00 4.982690227707023212e+01 1.291929253547019414e+02
1.704984957727123884e+00 4.778734677360235850e+01 1.291929253547019414e+02
1.720771855483856472e+00 4.574779127013449198e+01 1.334257528926067096e+02
1.736558753240589281e+00 4.357458933554104874e+01 1.279760710090867804e+02
1.752345650997321869e+00 4.170710097347687650e+01 1.237432434711820122e+02
1.768132548754054456e+00 3.966754547000900288e+01 1.325365460955937920e+02
1.783919446510787044e+00 3.752241916899363616e+01 1.199839948869866646e+02
1.799706344267519631e+00 3.587919535055862497e+01 9.373096069934629782e+01
1.815493242024252440e+00 3.456297698259182738e+01 8.625472949244694121e+01
1.831280139780985028e+00 3.315580615949484411e+01 8.452668114435284963e+01
1.847067037537717615e+00 3.189414883670815115e+01 8.130621535815869549e+01
1.862853935294450203e+00 3.058866034180257287e+01 7.233010484631880388e+01
1.878640833051182790e+00 2.961041289682297872e+01 5.412220590643460127e+01
1.894427730807915378e+00 2.887981687977514511e+01 5.989676588606769769e+01
1.910214628564648187e+00 2.771924465881837563e+01 8.256765184183024076e+01
1.926001526321380775e+00 2.627284272449420399e+01 8.692258973245273523e+01
1.941788424078113362e+00 2.497476858510507824e+01 7.970908241943450889e+01
1.957575321834845949e+00 2.375612445561703012e+01 8.331437807564951470e+01
1.973362219591578537e+00 2.234421744841298718e+01 9.097521092825171252e+01
1.989149117348311346e+00 2.088369174897404079e+01 9.200430596184457954e+01
2.004936015105043712e+00 1.943929230561541388e+01 8.893800570506974168e+01
2.020722912861776521e+00 1.807558134346676226e+01 8.288688098866636267e+01
2.036509810618509331e+00 1.682223887453033129e+01 7.618901107587461752e+01
2.052296708375241696e+00 1.567000508738395759e+01 7.107886153150964503e+01
2.068083606131974506e+00 1.457800943520453352e+01 6.687115102819723234e+01
2.083870503888706871e+00 1.355862903906960604e+01 6.372747877099350688e+01
2.099657401645439680e+00 1.256589105190048627e+01 6.310540668211438486e+01
2.115444299402172490e+00 1.156615183269446234e+01 6.242222622217800421e+01
2.131231197158904855e+00 1.059498444566616904e+01 6.031989122886669463e+01
2.147018094915637665e+00 9.661623921639758805e+00 5.850550834347733087e+01
2.162804992672370030e+00 8.747743488817880220e+00 5.629186775279691091e+01
2.178591890429102840e+00 7.884276000141920093e+00 5.242916862672003475e+01
2.194378788185835649e+00 7.092355639656833688e+00 4.643505042773781355e+01
2.210165685942568015e+00 6.418145213279078831e+00 4.039131579965970786e+01
2.225952583699300824e+00 5.817048494078579601e+00 3.591055353596714639e+01
2.241739481456033189e+00 5.284312739159105377e+00 3.206409224722904838e+01
2.257526379212765999e+00 4.804663402139683015e+00 2.788577280497446154e+01
2.273313276969498808e+00 4.403853050879891207e+00 2.301841341113840755e+01
2.289100174726231174e+00 4.077884724051992649e+00 1.840900210038524776e+01
2.304887072482963983e+00 3.822610982955374936e+00 1.576716901314594210e+01
2.320673970239696349e+00 3.580055353804676876e+00 1.333707709037113531e+01
2.336460867996429158e+00 3.401508838156674486e+00 1.066290090742376684e+01
2.352247765753161524e+00 3.243387100973335713e+00 8.206539055771786551e+00
2.368034663509894333e+00 3.142397252136469810e+00 4.940516397138575044e+00
2.383821561266627143e+00 3.087396246519160226e+00 3.260383683780912367e+00
2.399608459023359508e+00 3.039454564409332704e+00 2.631491820764434220e+00
2.415395356780092317e+00 3.004310061874987614e+00 8.303383751825740289e-01
2.431182254536824683e+00 3.013237630344335116e+00 -1.013007277918332338e+00
2.446969152293557492e+00 3.036294546521633109e+00 -2.732673255809230817e+00
2.462756050050290302e+00 3.099518496928371114e+00 -4.206628321248707003e+00
2.478542947807022667e+00 3.169113768937891429e+00 -4.104655616527014494e+00
2.494329845563755477e+00 3.229118054017791728e+00 -4.596661926752295457e+00
2.510116743320487842e+00 3.314247832657699622e+00 -5.970477588179361916e+00
2.525903641077220652e+00 3.417628692504694143e+00 -7.067948209927229719e+00
2.541690538833953461e+00 3.537409784137704793e+00 -8.170562710153999930e+00
2.557477436590685826e+00 3.675604368745041040e+00 -9.281670695150745942e+00
2.573264334347418636e+00 3.830467356689717384e+00 -9.768711433686384282e+00
2.589051232104151001e+00 3.984039665982304967e+00 -1.042344555121459848e+01
2.604838129860883811e+00 4.159575095069506290e+00 -1.164060334688704579e+01
2.620625027617616620e+00 4.351577695710275862e+00 -1.128985142249974594e+01
2.636411925374348986e+00 4.516038555260918130e+00 -9.145795098474868823e+00
2.652198823131081795e+00 4.640345159957574239e+00 -6.935266698604315216e+00
2.667985720887814161e+00 4.735011247833996073e+00 -4.483381211250227594e+00
2.683772618644546970e+00 4.781902521530501105e+00 -2.477509883091035814e+00
2.699559516401279780e+00 4.813235638265301652e+00 -1.505668142565832701e+00
2.715346414158012145e+00 4.829442179575013760e+00 7.474306979233065473e-02
2.731133311914744954e+00 4.810875715863629942e+00 4.416179703109821553e-01
2.746920209671477320e+00 4.815498624085343238e+00 -2.046423155765637159e+00
2.762707107428210129e+00 4.875489062117794425e+00 -4.251297542821990127e+00
2.778494005184942495e+00 4.949728223369302071e+00 -6.106390933238948548e+00
2.794280902941675304e+00 5.068291000769159282e+00 -9.833085302308289144e+00
2.810067800698408114e+00 5.260196047970844724e+00 -1.469613148990715423e+01
2.825854698455140479e+00 5.532303651270485290e+00 -1.746587186371154488e+01
2.841641596211873289e+00 5.811659914660059378e+00 -1.902672012672807256e+01
2.857428493968605654e+00 6.133049421843731253e+00 -2.027043045298420054e+01
2.873215391725338463e+00 6.451674340752501458e+00 -2.202258532905138821e+01
2.889002289482071273e+00 6.828386027701039751e+00 -2.735816631255745790e+01
2.904789187238803638e+00 7.315475489528564523e+00 -3.003999233045918160e+01
2.920576084995536448e+00 7.776862602769022637e+00 -2.682974284231645612e+01
2.936362982752268813e+00 8.162592303710722419e+00 -3.108526600649437910e+01
2.952149880509001623e+00 8.758342435139748972e+00 -4.184240332845845955e+01
2.967936778265734432e+00 9.483715790195407891e+00 -4.748234161538788811e+01
2.983723676022466798e+00 1.025754017980450783e+01 -5.178016169202983576e+01
2.999510573779199607e+00 1.111861202711372520e+01 -4.505765397043357012e+01
3.015297471535931972e+00 1.168018133258345337e+01 -4.683350462207177856e+01
3.031084369292664782e+00 1.259732352522994958e+01 -6.567314170583759392e+01
3.046871267049397591e+00 1.375373167953039655e+01 -7.175971368919597637e+01
3.062658164806129957e+00 1.486305005135743684e+01 -7.618127362960740356e+01
3.078445062562862766e+00 1.615906363506696408e+01 -1.033264642729559739e+02
3.094231960319595132e+00 1.812545870544112248e+01 -1.437063710912015324e+02
3.110018858076327941e+00 2.069641920988271622e+01 -1.797760824374996673e+02
3.125805755833060751e+00 2.380167197053460981e+01 -1.893674550196636233e+02
3.141592653589793116e+00 2.667546851157890586e+01 -1.820368121291410546e+02
