0.000000000000000000e+00 2.714611875287569092e+02 1.996697158796851923e+01
1.578689775673262907e-02 2.711459709897860648e+02 3.993394317593523368e+01
3.157379551346525814e-02 2.702003213728735886e+02 7.986788635186687202e+01
4.736069327019788722e-02 2.686242386780195375e+02 1.198018295278003080e+02
6.314759102693051629e-02 2.664177229052237976e+02 1.397688011157706285e+02
7.893448878366314536e-02 2.642112071324280009e+02 1.397688011157706285e+02
9.472138654039577443e-02 2.620046913596322611e+02 1.397688011157688379e+02
1.105082842971284035e-01 2.597981755868365212e+02 1.397688011157688379e+02
1.262951820538610326e-01 2.575916598140407814e+02 1.397688011157697190e+02
1.420820798105936755e-01 2.553851440412450131e+02 1.397688011157706285e+02
1.578689775673262907e-01 2.531786282684492448e+02 1.397688011157697190e+02
1.736558753240589059e-01 2.509721124956535050e+02 1.397688011157706285e+02
1.894427730807915489e-01 2.487655967228577083e+02 1.397688011157715380e+02
2.052296708375241918e-01 2.465590809500619400e+02 1.397688011157697190e+02
2.210165685942568070e-01 2.443525651772662002e+02 1.397688011157688379e+02
2.368034663509894222e-01 2.421460494044704603e+02 1.397688011157688379e+02
2.525903641077220652e-01 2.399395336316747205e+02 1.397688011157697190e+02
2.683772618644547081e-01 2.377330178588789522e+02 1.397688011157697190e+02
2.841641596211873511e-01 2.355265020860832124e+02 1.397688011157697190e+02
2.999510573779199385e-01 2.333199863132874441e+02 1.397688011157697190e+02
3.157379551346525814e-01 2.311134705404917042e+02 1.397688011157697190e+02
3.315248528913852244e-01 2.289069547676959360e+02 1.397688011157697190e+02
3.473117506481178118e-01 2.267004389949001961e+02 1.397688011157697190e+02
3.630986484048504548e-01 2.244939232221044279e+02 1.397688011157697190e+02
3.788855461615830977e-01 2.222874074493086880e+02 1.397688011157688379e+02
3.946724439183157407e-01 2.200808916765129482e+02 1.397688011157706285e+02
4.104593416750483836e-01 2.178743759037171515e+02 1.397688011157706285e+02
4.262462394317809711e-01 2.156678601309214116e+02 1.397688011157697190e+02
4.420331371885136140e-01 2.134613443581256433e+02 1.397688011157697190e+02
4.578200349452462570e-01 2.112548285853299035e+02 1.397688011157688379e+02
4.736069327019788444e-01 2.090483128125341636e+02 1.397688011157697190e+02
4.893938304587114874e-01 2.068417970397383954e+02 1.397688011157706285e+02
5.051807282154441303e-01 2.046352812669426271e+02 1.397688011157697190e+02
5.209676259721767178e-01 2.024287654941468872e+02 1.397688011157688379e+02
5.367545237289094162e-01 2.002222497213511474e+02 1.397688011157697190e+02
5.525414214856420037e-01 1.980157339485553791e+02 1.397688011157706285e+02
5.683283192423747021e-01 1.958092181757596109e+02 1.397688011157706285e+02
5.841152169991072896e-01 1.936027024029638426e+02 1.397688011157697190e+02
5.999021147558398770e-01 1.913961866301681027e+02 1.397688011157697190e+02
6.156890125125725755e-01 1.891896708573723345e+02 1.397688011157697190e+02
6.314759102693051629e-01 1.869831550845765946e+02 1.397688011157697190e+02
6.472628080260377503e-01 1.847766393117808263e+02 1.397688011157697190e+02
6.630497057827704488e-01 1.825701235389850865e+02 1.397688011157688379e+02
6.788366035395030362e-01 1.803636077661893466e+02 1.397688011157697190e+02
6.946235012962356237e-01 1.781570919933935784e+02 1.397688011157697190e+02
7.104103990529683221e-01 1.759505762205978385e+02 1.397688011157688379e+02
7.261972968097009096e-01 1.737440604478020987e+02 1.397688011157697190e+02
7.419841945664336080e-01 1.715375446750063304e+02 1.397688011157697190e+02
7.577710923231661955e-01 1.693310289022105906e+02 1.397688011157697190e+02
7.735579900798987829e-01 1.671245131294148223e+02 1.397688011157706285e+02
7.893448878366314814e-01 1.649179973566190540e+02 1.397688011157706285e+02
8.051317855933640688e-01 1.627114815838232857e+02 1.397688011157697190e+02
8.209186833500967673e-01 1.605049658110275459e+02 1.397688011157688379e+02
8.367055811068293547e-01 1.582984500382318060e+02 1.397688011157697190e+02
8.524924788635619421e-01 1.560919342654360378e+02 1.397688011157697190e+02
8.682793766202946406e-01 1.538854184926402979e+02 1.397688011157688379e+02
8.840662743770272280e-01 1.516789027198445581e+02 1.397688011157697190e+02
8.998531721337598155e-01 1.494723869470487898e+02 1.397688011157697190e+02
9.156400698904925139e-01 1.472658711742530500e+02 1.397688011157697190e+02
9.314269676472251014e-01 1.450593554014572817e+02 1.397688011157706285e+02
9.472138654039576888e-01 1.428528396286615134e+02 1.397688011157697190e+02
9.630007631606903873e-01 1.406463238558657736e+02 1.397688011157688379e+02
9.787876609174229747e-01 1.384398080830700337e+02 1.397688011157697190e+02
9.945745586741556732e-01 1.362332923102742654e+02 1.397688011157706285e+02
1.010361456430888261e+00 1.340267765374784972e+02 1.397688011157697190e+02
1.026148354187620848e+00 1.318202607646827573e+02 1.397688011157697190e+02
1.041935251944353436e+00 1.296137449918869891e+02 1.397688011157701737e+02
1.057722149701086245e+00 1.274072292190912350e+02 1.397688011157692642e+02
1.073509047457818832e+00 1.252007134462954951e+02 1.397688011157697190e+02
1.089295945214551420e+00 1.229941976734997269e+02 1.397688011157701737e+02
1.105082842971284007e+00 1.207876819007039728e+02 1.397688011157697190e+02
1.120869740728016595e+00 1.185811661279082188e+02 1.397688011157697190e+02
1.136656638484749404e+00 1.163746503551124647e+02 1.397688011157697190e+02
1.152443536241481992e+00 1.141681345823167106e+02 1.397688011157697190e+02
1.168230433998214579e+00 1.119616188095209566e+02 1.397688011157692642e+02
1.184017331754947167e+00 1.097551030367252167e+02 1.397688011157697190e+02
1.199804229511679754e+00 1.075485872639294485e+02 1.397688011157697190e+02
1.215591127268412341e+00 1.053420714911337086e+02 1.397688011157697190e+02
1.231378025025145151e+00 1.031355557183379403e+02 1.397688011157706285e+02
1.247164922781877738e+00 1.009290399455421721e+02 1.397688011157701737e+02
1.262951820538610326e+00 9.872252417274641800e+01 1.397688011157692642e+02
1.278738718295342913e+00 9.651600839995067815e+01 1.397688011157692642e+02
1.294525616052075501e+00 9.430949262715492409e+01 1.397688011157697190e+02
1.310312513808808310e+00 9.210297685435917003e+01 1.397688011157697190e+02
1.326099411565540898e+00 8.989646108156341597e+01 1.397688011157701737e+02
1.341886309322273485e+00 8.768994530876764770e+01 1.397688011157701737e+02
1.357673207079006072e+00 8.548342953597189364e+01 1.397688011157697190e+02
1.373460104835738660e+00 8.327691376317613958e+01 1.397688011157692642e+02
1.389247002592471247e+00 8.107039799038039973e+01 1.397688011157688379e+02
1.405033900349204057e+00 7.886388221758465988e+01 1.397688011157697190e+02
1.420820798105936644e+00 7.665736644478889161e+01 1.397688011157701737e+02
1.436607695862669232e+00 7.445085067199313755e+01 1.397688011157701737e+02
1.452394593619401819e+00 7.224433489919736928e+01 1.397688011157697190e+02
1.468181491376134407e+00 7.003781912640162943e+01 1.397688011157692642e+02
1.483968389132867216e+00 6.783130335360587537e+01 1.397688011157697190e+02
1.499755286889599804e+00 6.562478758081012131e+01 1.368880858844445072e+02
1.515542184646332391e+00 6.350922692166075478e+01 1.419149782786358003e+02
1.531329082403064978e+00 6.114399307634261049e+01 1.447956935099610405e+02
1.547115980159797566e+00 5.893747730354685643e+01 1.432229718765403845e+02
1.562902877916530375e+00 5.662190024948193923e+01 1.519348025980040404e+02
1.578689775673262963e+00 5.414031891493876714e+01 1.557279940397853863e+02
1.594476673429995550e+00 5.170497640994761923e+01 1.513352329057777013e+02
1.610263571186728138e+00 4.936209121718910353e+01 1.457002709804836229e+02
1.626050468943460725e+00 4.710466584775335264e+01 1.344762506491630631e+02
1.641837366700193535e+00 4.511616557777492886e+01 1.273546585864000065e+02
1.657624264456926122e+00 4.308359589985917637e+01 1.241029753246431113e+02
1.673411162213658709e+00 4.119776361226202255e+01 9.790242721109059687e+01
1.689198059970391297e+00 3.999244468282428500e+01 7.395350605585652204e+01
1.704984957727123884e+00 3.886277073455059394e+01 7.375810301089479992e+01
1.720771855483856472e+00 3.766362142089718645e+01 7.828223497039049050e+01
1.736558753240589281e+00 3.639110345525844536e+01 7.320489038147607630e+01
1.752345650997321869e+00 3.535226518140682117e+01 6.194926942693810901e+01
1.768132548754054456e+00 3.443512989016373638e+01 5.545388470311517182e+01
1.783919446510787044e+00 3.360137556536338366e+01 6.606037773233482824e+01
1.799706344267519631e+00 3.234935303210072277e+01 7.811385038703288330e+01
1.815493242024252440e+00 3.113502482647378855e+01 6.905717779823147850e+01
1.831280139780985028e+00 3.016895582156234923e+01 6.157514265053129776e+01
1.847067037537717615e+00 2.919086386371346009e+01 6.541428470238385273e+01
1.862853935294450203e+00 2.810357857270968296e+01 7.137148432513686203e+01
1.878640833051182790e+00 2.693739521213909782e+01 7.203065901400880477e+01
1.894427730807915378e+00 2.582929727430122568e+01 6.912734420977433558e+01
1.910214628564648187e+00 2.475478258167075651e+01 6.756359957614311895e+01
1.926001526321380775e+00 2.369605799713043481e+01 7.108411349848717009e+01
1.941788424078113362e+00 2.251038731781356717e+01 7.358214826201886183e+01
1.957575321834845949e+00 2.137279029446396805e+01 7.134586903128409574e+01
1.973362219591578537e+00 2.025772743828932931e+01 7.014460441996276074e+01
1.989149117348311346e+00 1.915805889813515250e+01 6.980966299461920244e+01
2.004936015105043712e+00 1.805357141403329990e+01 6.896169503041815574e+01
2.020722912861776521e+00 1.698067644098277640e+01 6.828786694118066691e+01
2.036509810618509331e+00 1.589746426718173744e+01 6.739992552814798898e+01
2.052296708375241696e+00 1.485260497473424479e+01 6.436708723117162378e+01
2.068083606131974506e+00 1.386515101714734399e+01 6.126256465173847943e+01
2.083870503888706871e+00 1.291831328578980909e+01 6.001946817538444634e+01
2.099657401645439680e+00 1.197010860215081962e+01 5.916265190212396163e+01
2.115444299402172490e+00 1.105032381259782071e+01 5.638583713378341855e+01
2.131231197158904855e+00 1.018979371063318595e+01 5.243218262456852585e+01
2.147018094915637665e+00 9.394840800085027865e+00 4.860103422779807403e+01
2.162804992672370030e+00 8.655274594181763703e+00 4.485257624160388445e+01
2.178591890429102840e+00 7.978674729580516711e+00 4.197887970313259132e+01
2.194378788185835649e+00 7.329842030550698162e+00 3.785078909114543677e+01
2.210165685942568015e+00 6.783581654793389148e+00 3.260044431423961697e+01
2.225952583699300824e+00 6.300522268124785441e+00 2.876111028852470142e+01
2.241739481456033189e+00 5.875484239803288489e+00 2.439677049752160443e+01
2.257526379212765999e+00 5.530223625247096209e+00 2.010337528522344286e+01
2.273313276969498808e+00 5.240744379417192178e+00 1.689701818933372124e+01
2.289100174726231174e+00 4.996720628149770249e+00 1.249794187431903936e+01
2.304887072482963983e+00 4.846136918338268096e+00 7.910290492162175724e+00
2.320673970239696349e+00 4.746962733698133263e+00 4.270566282573754258e+00
2.336460867996429158e+00 4.711298931805584900e+00 2.417774975868797749e-01
2.352247765753161524e+00 4.739328900429567781e+00 -2.564110670424887051e+00
2.368034663509894333e+00 4.792257637787474600e+00 -5.047335963446817786e+00
2.383821561266627143e+00 4.898692454027196774e+00 -8.148736146269607517e+00
2.399608459023359508e+00 5.049544166562974112e+00 -1.010148631239590600e+01
2.415395356780092317e+00 5.217634717236853348e+00 -1.146642872249216261e+01
2.431182254536824683e+00 5.411582842316666309e+00 -1.316674733207865167e+01
2.446969152293557492e+00 5.633358905077368917e+00 -1.413587967120844979e+01
2.462756050050290302e+00 5.857906216458352411e+00 -1.349621974285375003e+01
2.478542947807022667e+00 6.059485787443025906e+00 -1.191685667375955404e+01
2.494329845563755477e+00 6.234166612238910332e+00 -9.710225483356827780e+00
2.510116743320487842e+00 6.366074461244173754e+00 -7.416867188390869892e+00
2.525903641077220652e+00 6.468345260195693669e+00 -5.133913803855562286e+00
2.541690538833953461e+00 6.528171605870865868e+00 -1.829418880645995005e+00
2.557477436590685826e+00 6.526106957841682821e+00 1.620563899544319231e+00
2.573264334347418636e+00 6.477004252690149677e+00 3.639148616245716727e+00
2.589051232104151001e+00 6.411205223589230506e+00 4.450606727693008580e+00
2.604838129860883811e+00 6.336481705959117861e+00 5.267405175849287247e+00
2.620625027617616620e+00 6.244893249680396607e+00 6.564427846637098440e+00
2.636411925374348986e+00 6.129217803466501024e+00 7.732322208648744422e+00
2.652198823131081795e+00 6.000754489420295101e+00 8.174854541441360922e+00
2.667985720887814161e+00 5.871106617822708706e+00 8.893005980547570744e+00
2.683772618644546970e+00 5.719968537090462490e+00 9.909487613052045063e+00
2.699559516401279780e+00 5.558226482284986503e+00 1.161930898228554376e+01
2.715346414158012145e+00 5.353102851276008600e+00 1.304260808814218819e+01
2.731133311914744954e+00 5.146421841547716980e+00 1.383965315153333719e+01
2.746920209671477320e+00 4.916132472692209987e+00 1.535834775444919131e+01
2.762707107428210129e+00 4.661500510124049867e+00 1.670650927759553994e+01
2.778494005184942495e+00 4.388644565017598254e+00 1.729809438682414324e+01
2.794280902941675304e+00 4.115334015181843164e+00 1.745064628882222380e+01
2.810067800698408114e+00 3.837661427516513957e+00 1.686893780386366259e+01
2.825854698455140479e+00 3.582717622433288174e+00 1.630506120752924915e+01
2.841641596211873289e+00 3.322848759115450523e+00 1.557818641047181174e+01
2.857428493968605654e+00 3.090855150238407845e+00 1.487872819608955410e+01
2.873215391725338463e+00 2.853070837551689110e+00 1.373725444263386919e+01
2.889002289482071273e+00 2.657117887550243918e+00 1.112498027758338282e+01
2.904789187238803638e+00 2.501812985175937420e+00 9.281481552994012674e+00
2.920576084995536448e+00 2.364066286934010996e+00 7.219299164894302123e+00
2.936362982752268813e+00 2.273872309593034213e+00 4.458513522642356008e+00
2.952149880509001623e+00 2.223294092676081579e+00 1.578150473219831484e+00
2.967936778265734432e+00 2.224044109262112823e+00 -3.059746592381303643e+00
2.983723676022466798e+00 2.319901905906951001e+00 -5.631296106624683162e+00
2.999510573779199607e+00 2.401845501008453621e+00 -6.368243263683511124e+00
3.015297471535931972e+00 2.520971516494496800e+00 -1.051317580194733381e+01
3.031084369292664782e+00 2.733786363976249856e+00 -1.307981340696071548e+01
3.046871267049397591e+00 2.933950870360155783e+00 -1.464769089723374407e+01
3.062658164806129957e+00 3.196269561109954527e+00 -1.665756260149397505e+01
3.078445062562862766e+00 3.459893345692472977e+00 -1.867206462825405922e+01
3.094231960319595132e+00 3.785817511496655907e+00 -2.442882905592466969e+01
3.110018858076327941e+00 4.231204198937636995e+00 -2.803840862528202038e+01
3.125805755833060751e+00 4.671096491954290997e+00 -2.764488211770065362e+01
3.141592653589793116e+00 5.104058053915769833e+00 -2.742537315647299678e+01
