0.000000000000000000e+00 2.680598879582500444e+02 1.932867557303704942e+01
1.578689775673262907e-02 2.677547481332054531e+02 3.865735114607049638e+01
3.157379551346525814e-02 2.668393286580717927e+02 7.731470229214099277e+01
4.736069327019788722e-02 2.653136295328489496e+02 1.159720534382078938e+02
6.314759102693051629e-02 2.631776507575371511e+02 1.353007290112431349e+02
7.893448878366314536e-02 2.610416719822251821e+02 1.353007290112467444e+02
9.472138654039577443e-02 2.589056932069132699e+02 1.353007290112431349e+02
1.105082842971284035e-01 2.567697144316014146e+02 1.353007290112440444e+02
1.262951820538610326e-01 2.546337356562894740e+02 1.353007290112440444e+02
1.420820798105936755e-01 2.524977568809776187e+02 1.353007290112440444e+02
1.578689775673262907e-01 2.503617781056656781e+02 1.353007290112458350e+02
1.736558753240589059e-01 2.482257993303537660e+02 1.353007290112431349e+02
1.894427730807915489e-01 2.460898205550419107e+02 1.353007290112440444e+02
2.052296708375241918e-01 2.439538417797299701e+02 1.353007290112440444e+02
2.210165685942568070e-01 2.418178630044181148e+02 1.353007290112440444e+02
2.368034663509894222e-01 2.396818842291061742e+02 1.353007290112449539e+02
2.525903641077220652e-01 2.375459054537942905e+02 1.353007290112431349e+02
2.683772618644547081e-01 2.354099266784824067e+02 1.353007290112440444e+02
2.841641596211873511e-01 2.332739479031704946e+02 1.353007290112440444e+02
2.999510573779199385e-01 2.311379691278586108e+02 1.353007290112431349e+02
3.157379551346525814e-01 2.290019903525467271e+02 1.353007290112440444e+02
3.315248528913852244e-01 2.268660115772348149e+02 1.353007290112440444e+02
3.473117506481178118e-01 2.247300328019229312e+02 1.353007290112440444e+02
3.630986484048504548e-01 2.225940540266110190e+02 1.353007290112449539e+02
3.788855461615830977e-01 2.204580752512991069e+02 1.353007290112440444e+02
3.946724439183157407e-01 2.183220964759872231e+02 1.353007290112431349e+02
4.104593416750483836e-01 2.161861177006753394e+02 1.353007290112440444e+02
4.262462394317809711e-01 2.140501389253634272e+02 1.353007290112449539e+02
4.420331371885136140e-01 2.119141601500515151e+02 1.353007290112449539e+02
4.578200349452462570e-01 2.097781813747396029e+02 1.353007290112440444e+02
4.736069327019788444e-01 2.076422025994277192e+02 1.353007290112431349e+02
4.893938304587114874e-01 2.055062238241158354e+02 1.353007290112440444e+02
5.051807282154441303e-01 2.033702450488039233e+02 1.353007290112449539e+02
5.209676259721767178e-01 2.012342662734920111e+02 1.353007290112449539e+02
5.367545237289094162e-01 1.990982874981800990e+02 1.353007290112440444e+02
5.525414214856420037e-01 1.969623087228682152e+02 1.353007290112431349e+02
5.683283192423747021e-01 1.948263299475563315e+02 1.353007290112440444e+02
5.841152169991072896e-01 1.926903511722444193e+02 1.353007290112449539e+02
5.999021147558398770e-01 1.905543723969325072e+02 1.353007290112449539e+02
6.156890125125725755e-01 1.884183936216205950e+02 1.353007290112440444e+02
6.314759102693051629e-01 1.862824148463087113e+02 1.353007290112431349e+02
6.472628080260377503e-01 1.841464360709968275e+02 1.353007290112440444e+02
6.630497057827704488e-01 1.820104572956849154e+02 1.353007290112449539e+02
6.788366035395030362e-01 1.798744785203730032e+02 1.353007290112449539e+02
6.946235012962356237e-01 1.777384997450610911e+02 1.353007290112440444e+02
7.104103990529683221e-01 1.756025209697492073e+02 1.353007290112431349e+02
7.261972968097009096e-01 1.734665421944373236e+02 1.353007290112449539e+02
7.419841945664336080e-01 1.713305634191253830e+02 1.353007290112449539e+02
7.577710923231661955e-01 1.691945846438134993e+02 1.353007290112440444e+02
7.735579900798987829e-01 1.670586058685015871e+02 1.353007290112440444e+02
7.893448878366314814e-01 1.649226270931897034e+02 1.353007290112431349e+02
8.051317855933640688e-01 1.627866483178778196e+02 1.353007290112449539e+02
8.209186833500967673e-01 1.606506695425658791e+02 1.353007290112449539e+02
8.367055811068293547e-01 1.585146907672539953e+02 1.353007290112440444e+02
8.524924788635619421e-01 1.563787119919420832e+02 1.353007290112440444e+02
8.682793766202946406e-01 1.542427332166301994e+02 1.353007290112431349e+02
8.840662743770272280e-01 1.521067544413183157e+02 1.353007290112440444e+02
8.998531721337598155e-01 1.499707756660064035e+02 1.353007290112449539e+02
9.156400698904925139e-01 1.478347968906944914e+02 1.353007290112449539e+02
9.314269676472251014e-01 1.456988181153825792e+02 1.353007290112440444e+02
9.472138654039576888e-01 1.435628393400706955e+02 1.353007290112440444e+02
9.630007631606903873e-01 1.414268605647587833e+02 1.353007290112440444e+02
9.787876609174229747e-01 1.392908817894468996e+02 1.353007290112440444e+02
9.945745586741556732e-01 1.371549030141349874e+02 1.353007290112449539e+02
1.010361456430888261e+00 1.350189242388230753e+02 1.353007290112440444e+02
1.026148354187620848e+00 1.328829454635111915e+02 1.353007290112440444e+02
1.041935251944353436e+00 1.307469666881992794e+02 1.353007290112449539e+02
1.057722149701086245e+00 1.286109879128873672e+02 1.353007290112440444e+02
1.073509047457818832e+00 1.264750091375754835e+02 1.353007290112440444e+02
1.089295945214551420e+00 1.243390303622635713e+02 1.353007290112444991e+02
1.105082842971284007e+00 1.222030515869516734e+02 1.353007290112440444e+02
1.120869740728016595e+00 1.200670728116397754e+02 1.353007290112435896e+02
1.136656638484749404e+00 1.179310940363278917e+02 1.353007290112440444e+02
1.152443536241481992e+00 1.157951152610159795e+02 1.353007290112444991e+02
1.168230433998214579e+00 1.136591364857040816e+02 1.353007290112440444e+02
1.184017331754947167e+00 1.115231577103921836e+02 1.353007290112435896e+02
1.199804229511679754e+00 1.093871789350802999e+02 1.353007290112440444e+02
1.215591127268412341e+00 1.072512001597683877e+02 1.353007290112449539e+02
1.231378025025145151e+00 1.051152213844564756e+02 1.353007290112444991e+02
1.247164922781877738e+00 1.029792426091445776e+02 1.353007290112440444e+02
1.262951820538610326e+00 1.008432638338326797e+02 1.353007290112444991e+02
1.278738718295342913e+00 9.870728505852076751e+01 1.353007290112440444e+02
1.294525616052075501e+00 9.657130628320888377e+01 1.353007290112440444e+02
1.310312513808808310e+00 9.443532750789697161e+01 1.353007290112444991e+02
1.326099411565540898e+00 9.229934873258507366e+01 1.353007290112440444e+02
1.341886309322273485e+00 9.016336995727317571e+01 1.353007290112444991e+02
1.357673207079006072e+00 8.802739118196126356e+01 1.353007290112440444e+02
1.373460104835738660e+00 8.589141240664937982e+01 1.353007290112440444e+02
1.389247002592471247e+00 8.375543363133746766e+01 1.353007290112444991e+02
1.405033900349204057e+00 8.161945485602556971e+01 1.353007290112440444e+02
1.420820798105936644e+00 7.948347608071367176e+01 1.353007290112435896e+02
1.436607695862669232e+00 7.734749730540178803e+01 1.353007290112440444e+02
1.452394593619401819e+00 7.521151853008987587e+01 1.353007290112444991e+02
1.468181491376134407e+00 7.307553975477797792e+01 1.432648547680972229e+02
1.483968389132867216e+00 7.068810330137567632e+01 1.567218612346795226e+02
1.499755286889599804e+00 6.812723575566452894e+01 1.487577354778263441e+02
1.515542184646332391e+00 6.599125698035263099e+01 1.459602990022434881e+02
1.531329082403064978e+00 6.351871512188344582e+01 1.690705093480148662e+02
1.547115980159797566e+00 6.065305929084099290e+01 1.793789439164394821e+02
1.562902877916530375e+00 5.785504102724443243e+01 1.849957385478060132e+02
1.578689775673262963e+00 5.481204167107008374e+01 1.808325837261576226e+02
1.594476673429995550e+00 5.214547000650314601e+01 1.558574622781697201e+02
1.610263571186728138e+00 4.989103002785152796e+01 1.606328296281843961e+02
1.626050468943460725e+00 4.707368189107354794e+01 1.681336717022506662e+02
1.641837366700193535e+00 4.458241185859656497e+01 1.326856105779374957e+02
1.657624264456926122e+00 4.288429355510646701e+01 1.037156846399087158e+02
1.673411162213658709e+00 4.130771404023703752e+01 8.460022222807171488e+01
1.689198059970391297e+00 4.021314343808361258e+01 6.911349975072278085e+01
1.704984957727123884e+00 3.912553853188778419e+01 7.128996394957104599e+01
1.720771855483856472e+00 3.796224869417754633e+01 6.369809025342554065e+01
1.736558753240589281e+00 3.711434805562787176e+01 4.732003339731481617e+01
1.752345650997321869e+00 3.646817563600038170e+01 5.230070074560758542e+01
1.768132548754054456e+00 3.546301642507511787e+01 6.390591414315481700e+01
1.783919446510787044e+00 3.445042337074334426e+01 6.695663032161087358e+01
1.799706344267519631e+00 3.334894147102988882e+01 6.961219082371830780e+01
1.815493242024252440e+00 3.225250229243093969e+01 7.138485069269903249e+01
1.831280139780985028e+00 3.109505079249936088e+01 7.233766364748535693e+01
1.847067037537717615e+00 2.996852769250340742e+01 7.284261219508667295e+01
1.862853935294450203e+00 2.879513305038504356e+01 7.193849565980494276e+01
1.878640833051182790e+00 2.769715634099441814e+01 7.302867709317085598e+01
1.894427730807915378e+00 2.648934053322638249e+01 7.682537891405225139e+01
1.910214628564648187e+00 2.527148753691764682e+01 7.683931062624634478e+01
1.926001526321380775e+00 2.406323185211764226e+01 7.525723513830612887e+01
1.941788424078113362e+00 2.289533098375199671e+01 7.777510369421921155e+01
1.957575321834845949e+00 2.160757663203780865e+01 8.089293213312247133e+01
1.973362219591578537e+00 2.034123408609616490e+01 7.899138593459949220e+01
1.989149117348311346e+00 1.911351876521354853e+01 7.441633676622261362e+01
2.004936015105043712e+00 1.799162788617828568e+01 6.969346901107036274e+01
2.020722912861776521e+00 1.691303142603398513e+01 6.819614324303088893e+01
2.036509810618509331e+00 1.583841680461584289e+01 6.669020675780210183e+01
2.052296708375241696e+00 1.480736847511242260e+01 6.312906035232573032e+01
2.068083606131974506e+00 1.384519276209430316e+01 6.100505107000071092e+01
2.083870503888706871e+00 1.288120746733971522e+01 6.026900524789602542e+01
2.099657401645439680e+00 1.194227151459726954e+01 5.841781605714550096e+01
2.115444299402172490e+00 1.103673528880817578e+01 5.671538031468904961e+01
2.131231197158904855e+00 1.015155169407286451e+01 5.378811106756919003e+01
2.147018094915637665e+00 9.338440468905188752e+00 4.990342423241747127e+01
2.162804992672370030e+00 8.575911181936808347e+00 4.542872992214101657e+01
2.178591890429102840e+00 7.904083039907067842e+00 3.994472945476552184e+01
2.194378788185835649e+00 7.314704462291349074e+00 3.448012869820993131e+01
2.210165685942568015e+00 6.815414507111822395e+00 3.055335157256491740e+01
2.225952583699300824e+00 6.350019187488172179e+00 2.733644722933760818e+01
2.241739481456033189e+00 5.952299112228082834e+00 2.321204018064157282e+01
2.257526379212765999e+00 5.617126977374256036e+00 1.994568441488162236e+01
2.273313276969498808e+00 5.322538151136499529e+00 1.688905744498624628e+01
2.289100174726231174e+00 5.083875331191092251e+00 1.305155690314536621e+01
2.304887072482963983e+00 4.910450962344231840e+00 9.470551430238625557e+00
2.320673970239696349e+00 4.784854076932981926e+00 5.335859940193824258e+00
2.336460867996429158e+00 4.741977611704061069e+00 9.949793225715278799e-01
2.352247765753161524e+00 4.753438803261982315e+00 -2.233237001057602367e+00
2.368034663509894333e+00 4.812489380108558201e+00 -5.634136914903997706e+00
2.383821561266627143e+00 4.931329890108027136e+00 -8.782623142862716392e+00
2.399608459023359508e+00 5.089790127293133182e+00 -1.072930148286459584e+01
2.415395356780092317e+00 5.270094661130313440e+00 -1.124789669287470595e+01
2.431182254536824683e+00 5.444928917430541304e+00 -1.163457611416547088e+01
2.446969152293557492e+00 5.637442388244821245e+00 -1.247442615182921877e+01
2.462756050050290302e+00 5.838793897896220386e+00 -1.239338200208960394e+01
2.478542947807022667e+00 6.028748497299059039e+00 -1.110915738682651543e+01
2.494329845563755477e+00 6.189552161554782828e+00 -8.950958802501299161e+00
2.510116743320487842e+00 6.311364240178686913e+00 -6.898805640123517158e+00
2.525903641077220652e+00 6.407373640123183556e+00 -6.320995692032187030e+00
2.541690538833953461e+00 6.510942065600406004e+00 -4.922730699305308377e+00
2.557477436590685826e+00 6.562802932590907190e+00 -2.323692173072369638e+00
2.573264334347418636e+00 6.584309847109232727e+00 1.163415450075181851e-01
2.589051232104151001e+00 6.559129588439119196e+00 1.972040357523089815e+00
2.604838129860883811e+00 6.522045048116497767e+00 2.841768325391150984e+00
2.620625027617616620e+00 6.469404176436576392e+00 4.946553541108099417e+00
2.636411925374348986e+00 6.365863578113143184e+00 7.496931610137232305e+00
2.652198823131081795e+00 6.232697590799669563e+00 9.191537779645528872e+00
2.667985720887814161e+00 6.075651843804324770e+00 1.064358624188682256e+01
2.683772618644546970e+00 5.896639175268402866e+00 1.145877221165341098e+01
2.699559516401279780e+00 5.713854913158201931e+00 1.305248756134453991e+01
2.715346414158012145e+00 5.484522602064461516e+00 1.564042089439936056e+01
2.731133311914744954e+00 5.220027462093907111e+00 1.606977060264044965e+01
2.746920209671477320e+00 4.977138951108396547e+00 1.643486104710871842e+01
2.762707107428210129e+00 4.701116520100280916e+00 1.746271902230432715e+01
2.778494005184942495e+00 4.425774631589059815e+00 1.875994345421936416e+01
2.794280902941675304e+00 4.108793901632587620e+00 2.015561003324926048e+01
2.810067800698408114e+00 3.789385521950098923e+00 1.900266293023662456e+01
2.825854698455140479e+00 3.508807708061989938e+00 1.723831776263180160e+01
2.841641596211873289e+00 3.245106401916626471e+00 1.630756935995881207e+01
2.857428493968605654e+00 2.993915847768998884e+00 1.535191131306849499e+01
2.873215391725338463e+00 2.760388293376947910e+00 1.393069841273304199e+01
2.889002289482071273e+00 2.554070824725610755e+00 1.086768065117157533e+01
2.904789187238803638e+00 2.417254366791213638e+00 7.021388888364590741e+00
2.920576084995536448e+00 2.332378927743870012e+00 4.226186476038267692e+00
2.936362982752268813e+00 2.283817619195009030e+00 9.496101704432423629e-01
2.952149880509001623e+00 2.302396130404788188e+00 -2.800216195764991145e+00
2.967936778265734432e+00 2.372231072753586467e+00 -6.155360325234242147e+00
2.983723676022466798e+00 2.496744218625431166e+00 -8.200038884398891170e+00
2.999510573779199607e+00 2.631137423692060828e+00 -9.371165461882839054e+00
3.015297471535931972e+00 2.792627480641768134e+00 -1.109685485630405388e+01
3.031084369292664782e+00 2.981507249767608947e+00 -1.251650764800572802e+01
3.046871267049397591e+00 3.187821133662624984e+00 -1.323805449857557370e+01
3.062658164806129957e+00 3.399482875501742996e+00 -1.270370388494468372e+01
3.078445062562862766e+00 3.588925282389482607e+00 -1.191141717476269690e+01
3.094231960319595132e+00 3.775571525653278471e+00 -1.243510027754217973e+01
3.110018858076327941e+00 3.981548595742034458e+00 -1.256340951185091903e+01
3.125805755833060751e+00 4.172246048532383789e+00 -1.193388002749211907e+01
3.141592653589793116e+00 4.358346483412297800e+00 -1.178828404083049541e+01
