0.000000000000000000e+00 3.515722498393265028e+02 2.683161534423148709e+01
1.578689775673262907e-02 3.511486618712391419e+02 5.366323068846657662e+01
3.157379551346525814e-02 3.498778979669769456e+02 1.073264613769331532e+02
4.736069327019788722e-02 3.477599581265400275e+02 1.609896920653979464e+02
6.314759102693051629e-02 3.447948423499283308e+02 1.878213074096312312e+02
7.893448878366314536e-02 3.418297265733166341e+02 1.878213074096312312e+02
9.472138654039577443e-02 3.388646107967049375e+02 1.878213074096312312e+02
1.105082842971284035e-01 3.358994950200932408e+02 1.878213074096294122e+02
1.262951820538610326e-01 3.329343792434816010e+02 1.878213074096312312e+02
1.420820798105936755e-01 3.299692634668698474e+02 1.878213074096330217e+02
1.578689775673262907e-01 3.270041476902581508e+02 1.878213074096330217e+02
1.736558753240589059e-01 3.240390319136463972e+02 1.878213074096312312e+02
1.894427730807915489e-01 3.210739161370347574e+02 1.878213074096294122e+02
2.052296708375241918e-01 3.181088003604230607e+02 1.878213074096312312e+02
2.210165685942568070e-01 3.151436845838113641e+02 1.878213074096294122e+02
2.368034663509894222e-01 3.121785688071997242e+02 1.878213074096312312e+02
2.525903641077220652e-01 3.092134530305879707e+02 1.878213074096330217e+02
2.683772618644547081e-01 3.062483372539762740e+02 1.878213074096330217e+02
2.841641596211873511e-01 3.032832214773645205e+02 1.878213074096312312e+02
2.999510573779199385e-01 3.003181057007528807e+02 1.878213074096294122e+02
3.157379551346525814e-01 2.973529899241411840e+02 1.878213074096312312e+02
3.315248528913852244e-01 2.943878741475294873e+02 1.878213074096312312e+02
3.473117506481178118e-01 2.914227583709177907e+02 1.878213074096312312e+02
3.630986484048504548e-01 2.884576425943060940e+02 1.878213074096312312e+02
3.788855461615830977e-01 2.854925268176943973e+02 1.878213074096330217e+02
3.946724439183157407e-01 2.825274110410826438e+02 1.878213074096312312e+02
4.104593416750483836e-01 2.795622952644710040e+02 1.878213074096294122e+02
4.262462394317809711e-01 2.765971794878593073e+02 1.878213074096312312e+02
4.420331371885136140e-01 2.736320637112476106e+02 1.878213074096312312e+02
4.578200349452462570e-01 2.706669479346359140e+02 1.878213074096312312e+02
4.736069327019788444e-01 2.677018321580242173e+02 1.878213074096312312e+02
4.893938304587114874e-01 2.647367163814125206e+02 1.878213074096330217e+02
5.051807282154441303e-01 2.617716006048007671e+02 1.878213074096312312e+02
5.209676259721767178e-01 2.588064848281891273e+02 1.878213074096303217e+02
5.367545237289094162e-01 2.558413690515774022e+02 1.878213074096321122e+02
5.525414214856420037e-01 2.528762532749657055e+02 1.878213074096312312e+02
5.683283192423747021e-01 2.499111374983540088e+02 1.878213074096321122e+02
5.841152169991072896e-01 2.469460217217422837e+02 1.878213074096321122e+02
5.999021147558398770e-01 2.439809059451305870e+02 1.878213074096303217e+02
6.156890125125725755e-01 2.410157901685189188e+02 1.878213074096303217e+02
6.314759102693051629e-01 2.380506743919072221e+02 1.878213074096303217e+02
6.472628080260377503e-01 2.350855586152955539e+02 1.878213074096312312e+02
6.630497057827704488e-01 2.321204428386838288e+02 1.878213074096321122e+02
6.788366035395030362e-01 2.291553270620721321e+02 1.878213074096321122e+02
6.946235012962356237e-01 2.261902112854604070e+02 1.878213074096321122e+02
7.104103990529683221e-01 2.232250955088487103e+02 1.878213074096303217e+02
7.261972968097009096e-01 2.202599797322370421e+02 1.878213074096303217e+02
7.419841945664336080e-01 2.172948639556253454e+02 1.878213074096312312e+02
7.577710923231661955e-01 2.143297481790136487e+02 1.878213074096321122e+02
7.735579900798987829e-01 2.113646324024019236e+02 1.878213074096321122e+02
7.893448878366314814e-01 2.083995166257902270e+02 1.878213074096312312e+02
8.051317855933640688e-01 2.054344008491785303e+02 1.878213074096312312e+02
8.209186833500967673e-01 2.024692850725668336e+02 1.878213074096312312e+02
8.367055811068293547e-01 1.995041692959551369e+02 1.878213074096312312e+02
8.524924788635619421e-01 1.965390535193434403e+02 1.878213074096303217e+02
8.682793766202946406e-01 1.935739377427317720e+02 1.878213074096312312e+02
8.840662743770272280e-01 1.906088219661200469e+02 1.878213074096330217e+02
8.998531721337598155e-01 1.876437061895083218e+02 1.878213074096321122e+02
9.156400698904925139e-01 1.846785904128966251e+02 1.878213074096312312e+02
9.314269676472251014e-01 1.817134746362849285e+02 1.878213074096303217e+02
9.472138654039576888e-01 1.787483588596732602e+02 1.878213074096303217e+02
9.630007631606903873e-01 1.757832430830615635e+02 1.878213074096303217e+02
9.787876609174229747e-01 1.728181273064498953e+02 1.878213074096312312e+02
9.945745586741556732e-01 1.698530115298381702e+02 1.878213074096330217e+02
1.010361456430888261e+00 1.668878957532264451e+02 1.878213074096321122e+02
1.026148354187620848e+00 1.639227799766147484e+02 1.878213074096312312e+02
1.041935251944353436e+00 1.609576642000030517e+02 1.878213074096303217e+02
1.057722149701086245e+00 1.579925484233913835e+02 1.878213074096303217e+02
1.073509047457818832e+00 1.550274326467796868e+02 1.878213074096312312e+02
1.089295945214551420e+00 1.520623168701679901e+02 1.878213074096312312e+02
1.105082842971284007e+00 1.490972010935562935e+02 1.878213074096321122e+02
1.120869740728016595e+00 1.461320853169445684e+02 1.878213074096321122e+02
1.136656638484749404e+00 1.431669695403328717e+02 1.878213074096312312e+02
1.152443536241481992e+00 1.402018537637211750e+02 1.878213074096303217e+02
1.168230433998214579e+00 1.372367379871095068e+02 1.878213074096303217e+02
1.184017331754947167e+00 1.342716222104978101e+02 1.878213074096321122e+02
1.199804229511679754e+00 1.313065064338860850e+02 1.878213074096312312e+02
1.215591127268412341e+00 1.283413906572744168e+02 1.878213074096307764e+02
1.231378025025145151e+00 1.253762748806627059e+02 1.878213074096321122e+02
1.247164922781877738e+00 1.224111591040509950e+02 1.878213074096316859e+02
1.262951820538610326e+00 1.194460433274392983e+02 1.878213074096307764e+02
1.278738718295342913e+00 1.164809275508276158e+02 1.878213074096312312e+02
1.294525616052075501e+00 1.135158117742159050e+02 1.878213074096307764e+02
1.310312513808808310e+00 1.105506959976042367e+02 1.878213074096312312e+02
1.326099411565540898e+00 1.075855802209925116e+02 1.878213074096321122e+02
1.341886309322273485e+00 1.046204644443808149e+02 1.878213074096312312e+02
1.357673207079006072e+00 1.016553486677691183e+02 1.878213074096312312e+02
1.373460104835738660e+00 9.869023289115742159e+01 1.878213074096307764e+02
1.389247002592471247e+00 9.572511711454573913e+01 1.878213074096312312e+02
1.405033900349204057e+00 9.276000133793402824e+01 1.878213074096312312e+02
1.420820798105936644e+00 8.979488556132234578e+01 1.878213074096312312e+02
1.436607695862669232e+00 8.682976978471063489e+01 1.878213074096316859e+02
1.452394593619401819e+00 8.386465400809893822e+01 1.878213074096312312e+02
1.468181491376134407e+00 8.089953823148724155e+01 1.878213074096312312e+02
1.483968389132867216e+00 7.793442245487554487e+01 1.878213074096307764e+02
1.499755286889599804e+00 7.496930667826386241e+01 1.878213074096312312e+02
1.515542184646332391e+00 7.200419090165215152e+01 1.878213074096316859e+02
1.531329082403064978e+00 6.903907512504045485e+01 1.878213074096312312e+02
1.547115980159797566e+00 6.607395934842875818e+01 1.878213074096314585e+02
1.562902877916530375e+00 6.310884357181705440e+01 1.878213074096312312e+02
1.578689775673262963e+00 6.014372779520536483e+01 1.862652320666769299e+02
1.594476673429995550e+00 5.722774322327564533e+01 1.849498468423491033e+02
1.610263571186728138e+00 5.430415915075831634e+01 1.865059221853031772e+02
1.626050468943460725e+00 5.133904337414661967e+01 1.881764591759608436e+02
1.641837366700193535e+00 4.836271410828858563e+01 1.855318927212230449e+02
1.657624264456926122e+00 4.548109733214054984e+01 1.829766643429581450e+02
1.673411162213658709e+00 4.258544632458805523e+01 1.678905809032386003e+02
1.689198059970391297e+00 4.018015446206479879e+01 1.346252367925328883e+02
1.704984957727123884e+00 3.833481662714878269e+01 1.083116575778007018e+02
1.720771855483856472e+00 3.676034433397884982e+01 9.048303320860428300e+01
1.736558753240589281e+00 3.547792383918222470e+01 7.024812250862282781e+01
1.752345650997321869e+00 3.454234447868673641e+01 4.991272763930169276e+01
1.768132548754054456e+00 3.390198958317962763e+01 3.207885712134738299e+01
1.783919446510787044e+00 3.352949320363164531e+01 3.030201953449066110e+01
1.799706344267519631e+00 3.294523981475258978e+01 4.847868402754873074e+01
1.815493242024252440e+00 3.199883714738392726e+01 5.931148321710879401e+01
1.831280139780985028e+00 3.107255117205527029e+01 5.693301153325177921e+01
1.847067037537717615e+00 3.020124588326727633e+01 6.122700823137554949e+01
1.862853935294450203e+00 2.913938213425656443e+01 7.388210652262833378e+01
1.878640833051182790e+00 2.786850735981775173e+01 8.007671859575859230e+01
1.894427730807915378e+00 2.661105619592478178e+01 7.906210117328237175e+01
1.910214628564648187e+00 2.537221674450763231e+01 8.089093235620174482e+01
1.926001526321380775e+00 2.405702243881651725e+01 8.371751352516022848e+01
1.941788424078113362e+00 2.272893709156846143e+01 8.578119157330682754e+01
1.957575321834845949e+00 2.134858463717953825e+01 8.249069864462087764e+01
1.973362219591578537e+00 2.012439264080031620e+01 7.474440683508781547e+01
1.989149117348311346e+00 1.898862001999322047e+01 7.134790832389141713e+01
2.004936015105043712e+00 1.787166837306830303e+01 7.213529030891652383e+01
2.020722912861776521e+00 1.671103511447503820e+01 6.869261991955769986e+01
2.036509810618509331e+00 1.570278163844399799e+01 6.337760630933911443e+01
2.052296708375241696e+00 1.470996353273105939e+01 6.181560321185842355e+01
2.068083606131974506e+00 1.375102842309127382e+01 6.140720449397898761e+01
2.083870503888706871e+00 1.277110501498462192e+01 6.137974502652332376e+01
2.099657401645439680e+00 1.181303690495519021e+01 5.981268891336942062e+01
2.115444299402172490e+00 1.088259140612338527e+01 5.663251972959403702e+01
2.131231197158904855e+00 1.002493330760070123e+01 5.463832370663558180e+01
2.147018094915637665e+00 9.157452146211552346e+00 5.335137732086761986e+01
2.162804992672370030e+00 8.340427829709899044e+00 4.946031671433430432e+01
2.178591890429102840e+00 7.595802220241933078e+00 4.440737773785564713e+01
2.194378788185835649e+00 6.938318365725635317e+00 3.924134740779449970e+01
2.210165685942568015e+00 6.356803941515379641e+00 3.496279904791573756e+01
2.225952583699300824e+00 5.834410098008365964e+00 3.132536422922466812e+01
2.241739481456033189e+00 5.367743296957020682e+00 2.715896454227784673e+01
2.257526379212765999e+00 4.976898505193031674e+00 2.261933305076892609e+01
2.273313276969498808e+00 4.653565100561076306e+00 1.915898146839285943e+01
2.289100174726231174e+00 4.371976742063725219e+00 1.611779436645191410e+01
2.304887072482963983e+00 4.144665157106641296e+00 1.191162902010408864e+01
2.320673970239696349e+00 3.995881403150700173e+00 7.544349698029470197e+00
2.336460867996429158e+00 3.906461402458985432e+00 3.884693096044072647e+00
2.352247765753161524e+00 3.873226897703634375e+00 -6.464457671609316614e-02
2.368034663509894333e+00 3.908502477105273876e+00 -3.935219635004527206e+00
2.383821561266627143e+00 3.997476717759840703e+00 -7.383844936519222912e+00
2.399608459023359508e+00 4.141638487234067689e+00 -1.012516247698319916e+01
2.415395356780092317e+00 4.317166527348719640e+00 -1.054894182669915814e+01
2.431182254536824683e+00 4.474708619353707562e+00 -1.071505217396037146e+01
2.446969152293557492e+00 4.655481393605455764e+00 -1.129817042602999244e+01
2.462756050050290302e+00 4.831434742061459175e+00 -1.048416467420726406e+01
2.478542947807022667e+00 4.986506265158372031e+00 -8.309284145013796419e+00
2.494329845563755477e+00 5.093790380519403804e+00 -6.219467132494801653e+00
2.510116743320487842e+00 5.182878448602481036e+00 -4.659252004647716383e+00
2.525903641077220652e+00 5.240900650559853879e+00 -4.133308754621092262e+00
2.541690538833953461e+00 5.313382694014903151e+00 -3.187760891348947467e+00
2.557477436590685826e+00 5.341550361089127286e+00 -2.588304587036602822e+00
2.573264334347418636e+00 5.395105293772560984e+00 -2.992458788954690085e+00
2.589051232104151001e+00 5.436033642974054558e+00 -3.370512098565639825e+00
2.604838129860883811e+00 5.501525153548333158e+00 -2.932286069651202531e+00
2.620625027617616620e+00 5.528617043724204372e+00 -1.175822051091249598e+00
2.636411925374348986e+00 5.538650318549711571e+00 7.645303071712326037e-01
2.652198823131081795e+00 5.504477920141733094e+00 2.703277834733611940e+00
2.667985720887814161e+00 5.453297576979749373e+00 5.872230130672579484e+00
2.683772618644546970e+00 5.319069326787867702e+00 9.568047471789325797e+00
2.699559516401279780e+00 5.151198002642344953e+00 1.163250553316681568e+01
2.715346414158012145e+00 4.951786975774405519e+00 1.314069465238567069e+01
2.731133311914744954e+00 4.736296396783033380e+00 1.441952530090592255e+01
2.746920209671477320e+00 4.496507832522363302e+00 1.458008822295491669e+01
2.762707107428210129e+00 4.275947672663171772e+00 1.261527793383977958e+01
2.778494005184942495e+00 4.098195626693775573e+00 1.018943278505899208e+01
2.794280902941675304e+00 3.954228605509520378e+00 8.277534377306970725e+00
2.810067800698408114e+00 3.836842448909006276e+00 7.452617609044328795e+00
2.825854698455140479e+00 3.718921181081504379e+00 5.834914334245756784e+00
2.841641596211873289e+00 3.652612056880943481e+00 2.144900312689511868e+00
2.857428493968605654e+00 3.651198537211878037e+00 -4.575882513984972505e-02
2.873215391725338463e+00 3.654056836668845509e+00 1.587623748107048982e+00
2.889002289482071273e+00 3.601071229636824800e+00 1.659287100198243436e+00
2.904789187238803638e+00 3.601666845069055434e+00 -1.016752581114161336e+00
2.920576084995536448e+00 3.633173967720711328e+00 -4.632760438371459344e+00
2.936362982752268813e+00 3.747940675813067557e+00 -9.505839501734053343e+00
2.952149880509001623e+00 3.933309400332282824e+00 -1.217320650203536125e+01
2.967936778265734432e+00 4.132295008651517776e+00 -1.505474039108389483e+01
2.983723676022466798e+00 4.408644694948671727e+00 -2.241751360591737807e+01
2.999510573779199607e+00 4.840100999165078299e+00 -2.688846798740013355e+01
3.015297471535931972e+00 5.257615684853200300e+00 -3.149757319156541868e+01
3.031084369292664782e+00 5.834598934285970095e+00 -4.035407254691828882e+01
3.046871267049397591e+00 6.531746919585140532e+00 -5.136901197628226612e+01
3.062658164806129957e+00 7.456513614153854164e+00 -7.167476007305459973e+01
3.078445062562862766e+00 8.794791137608450882e+00 -9.086503268743724959e+01
3.094231960319595132e+00 1.032546757555133432e+01 -1.018701465368434782e+02
3.110018858076327941e+00 1.201121831328948808e+01 -1.201930800852155983e+02
3.125805755833060751e+00 1.412041930829548519e+01 -1.376055097336526387e+02
3.141592653589793116e+00 1.635594653914598950e+01 -1.416064932641449730e+02
