0.000000000000000000e+00 3.716958583557830593e+02 4.652663884331299471e+01
1.578689775673262907e-02 3.709613470653992522e+02 9.305327768661878451e+01
3.157379551346525814e-02 3.687578131942480582e+02 1.861065553732357785e+02
4.736069327019788722e-02 3.650852567423293067e+02 2.791598330598563962e+02
6.314759102693051629e-02 3.599436777096430546e+02 3.256864719031657387e+02
7.893448878366314536e-02 3.548020986769568026e+02 3.256864719031657387e+02
9.472138654039577443e-02 3.496605196442705505e+02 3.256864719031657387e+02
1.105082842971284035e-01 3.445189406115842985e+02 3.256864719031675577e+02
1.262951820538610326e-01 3.393773615788979896e+02 3.256864719031675577e+02
1.420820798105936755e-01 3.342357825462117376e+02 3.256864719031657387e+02
1.578689775673262907e-01 3.290942035135254855e+02 3.256864719031657387e+02
1.736558753240589059e-01 3.239526244808392335e+02 3.256864719031657387e+02
1.894427730807915489e-01 3.188110454481529814e+02 3.256864719031657387e+02
2.052296708375241918e-01 3.136694664154667294e+02 3.256864719031657387e+02
2.210165685942568070e-01 3.085278873827804773e+02 3.256864719031657387e+02
2.368034663509894222e-01 3.033863083500942253e+02 3.256864719031657387e+02
2.525903641077220652e-01 2.982447293174079732e+02 3.256864719031657387e+02
2.683772618644547081e-01 2.931031502847217212e+02 3.256864719031657387e+02
2.841641596211873511e-01 2.879615712520354691e+02 3.256864719031657387e+02
2.999510573779199385e-01 2.828199922193492171e+02 3.256864719031657387e+02
3.157379551346525814e-01 2.776784131866629650e+02 3.256864719031657387e+02
3.315248528913852244e-01 2.725368341539767130e+02 3.256864719031657387e+02
3.473117506481178118e-01 2.673952551212904609e+02 3.256864719031657387e+02
3.630986484048504548e-01 2.622536760886042089e+02 3.256864719031657387e+02
3.788855461615830977e-01 2.571120970559179568e+02 3.256864719031657387e+02
3.946724439183157407e-01 2.519705180232317048e+02 3.256864719031657387e+02
4.104593416750483836e-01 2.468289389905454527e+02 3.256864719031657387e+02
4.262462394317809711e-01 2.416873599578592007e+02 3.256864719031657387e+02
4.420331371885136140e-01 2.365457809251729486e+02 3.256864719031657387e+02
4.578200349452462570e-01 2.314042018924866966e+02 3.256864719031657387e+02
4.736069327019788444e-01 2.262626228598004445e+02 3.256864719031657387e+02
4.893938304587114874e-01 2.211210438271141925e+02 3.256864719031657387e+02
5.051807282154441303e-01 2.159794647944279404e+02 3.256864719031657387e+02
5.209676259721767178e-01 2.108378857617416884e+02 3.256864719031657387e+02
5.367545237289094162e-01 2.056963067290554363e+02 3.256864719031657387e+02
5.525414214856420037e-01 2.005547276963691843e+02 3.256864719031657387e+02
5.683283192423747021e-01 1.954131486636829322e+02 3.256864719031657387e+02
5.841152169991072896e-01 1.902715696309966802e+02 3.256864719031657387e+02
5.999021147558398770e-01 1.851299905983104281e+02 3.256864719031666482e+02
6.156890125125725755e-01 1.799884115656241477e+02 3.256864719031666482e+02
6.314759102693051629e-01 1.748468325329378956e+02 3.256864719031657387e+02
6.472628080260377503e-01 1.697052535002516436e+02 3.256864719031657387e+02
6.630497057827704488e-01 1.645636744675653915e+02 3.256864719031648860e+02
6.788366035395030362e-01 1.594220954348791679e+02 3.256864719031648860e+02
6.946235012962356237e-01 1.542805164021929158e+02 3.256864719031657387e+02
7.104103990529683221e-01 1.491389373695066638e+02 3.256864719031666482e+02
7.261972968097009096e-01 1.439973583368203833e+02 3.256864719031666482e+02
7.419841945664336080e-01 1.388557793041341313e+02 3.256864719031657387e+02
7.577710923231661955e-01 1.337142002714478792e+02 3.256864719031657387e+02
7.735579900798987829e-01 1.285726212387616272e+02 3.256864719031666482e+02
7.893448878366314814e-01 1.234310422060753467e+02 3.256864719031657387e+02
8.051317855933640688e-01 1.182894631733891231e+02 3.256864719031653408e+02
8.209186833500967673e-01 1.131478841407028568e+02 3.256864719031666482e+02
8.367055811068293547e-01 1.080063051080165906e+02 3.256864719031661934e+02
8.524924788635619421e-01 1.028647260753303385e+02 3.256864719031653408e+02
8.682793766202946406e-01 9.772314704264410068e+01 3.256864719031657387e+02
8.840662743770272280e-01 9.258156800995783442e+01 3.256864719031653408e+02
8.998531721337598155e-01 8.743998897727161079e+01 3.256864719031657387e+02
9.156400698904925139e-01 8.229840994458533032e+01 3.359600929495011314e+02
9.314269676472251014e-01 7.683245370179928102e+01 3.452678831599521914e+02
9.472138654039576888e-01 7.139699240432598515e+01 3.349942621136181629e+02
9.630007631606903873e-01 6.625541337163971889e+01 3.265179976754230324e+02
9.787876609174229747e-01 6.108757991425605383e+01 3.186647142428743109e+02
9.945745586741556732e-01 5.619395884677836506e+01 3.017889215615840044e+02
1.010361456430888261e+00 5.155895821664139334e+01 2.851649894604870497e+02
1.026148354187620848e+00 4.719021778195347139e+01 2.525267469363072905e+02
1.041935251944353436e+00 4.358573034719383799e+01 2.128732389231842603e+02
1.057722149701086245e+00 4.046900166590381787e+01 1.945404669288658113e+02
1.073509047457818832e+00 3.744334942528777788e+01 1.751328175217944363e+02
1.089295945214551420e+00 3.493939389777365534e+01 1.511270409247952102e+02
1.105082842971284007e+00 3.267169513857319885e+01 1.345677384661927931e+02
1.120869740728016595e+00 3.069057964073261147e+01 1.162849423169212173e+02
1.136656638484749404e+00 2.900013814856362515e+01 1.029986618817839741e+02
1.152443536241481992e+00 2.743852095231661536e+01 9.714620295075059175e+01
1.168230433998214579e+00 2.593286380168703076e+01 8.743769365537123406e+01
1.184017331754947167e+00 2.467778109267290532e+01 7.553622219757845357e+01
1.199804229511679754e+00 2.354789856816101334e+01 6.540372734635853647e+01
1.215591127268412341e+00 2.261273717962054519e+01 5.388600191437961939e+01
1.231378025025145151e+00 2.184651296267819376e+01 4.311475545701210876e+01
1.247164922781877738e+00 2.125144070720778444e+01 3.124681212992733137e+01
1.262951820538610326e+00 2.085993250604020233e+01 1.847134401212756671e+01
1.278738718295342913e+00 2.066823026850999767e+01 6.902116262918425171e+00
1.294525616052075501e+00 2.064200649854465297e+01 -6.641022537087603261e+00
1.310312513808808310e+00 2.087791255609631591e+01 -1.808300293382667689e+01
1.326099411565540898e+00 2.121295553544668877e+01 -2.619993816128453901e+01
1.341886309322273485e+00 2.170514404606614889e+01 -3.554241919809185646e+01
1.357673207079006072e+00 2.233516461126110286e+01 -4.194518146555740401e+01
1.373460104835738660e+00 2.302951262843485125e+01 -4.691687565619073297e+01
1.389247002592471247e+00 2.381650844936034517e+01 -5.135472907812101084e+01
1.405033900349204057e+00 2.465097634299685225e+01 -4.987210957244413123e+01
1.420820798105936644e+00 2.539116023882582951e+01 -4.867907748924594102e+01
1.436607695862669232e+00 2.618795958142643343e+01 -4.700168092993316549e+01
1.452394593619401819e+00 2.687518170129667894e+01 -4.065187264105825449e+01
1.468181491376134407e+00 2.747149349543463970e+01 -3.664733597726147707e+01
1.483968389132867216e+00 2.803227719355599135e+01 -3.385512555308316962e+01
1.499755286889599804e+00 2.854042830673038011e+01 -2.854411143585592825e+01
1.515542184646332391e+00 2.893352313114527163e+01 -2.438259069905566179e+01
1.531329082403064978e+00 2.931027923955088355e+01 -1.875716665120092941e+01
1.547115980159797566e+00 2.952575807540227970e+01 -1.059228218675481870e+01
1.562902877916530375e+00 2.964471779133640084e+01 -5.852542992600696437e+00
1.578689775673262963e+00 2.971054507108441811e+01 -4.645633831972962868e-01
1.594476673429995550e+00 2.965938582060051587e+01 7.489778747584290741e+00
1.610263571186728138e+00 2.947406432846709379e+01 1.420182467972617779e+01
1.626050468943460725e+00 2.921098031224475733e+01 2.223947442488978865e+01
1.641837366700193535e+00 2.877187971064868321e+01 3.069562688221724400e+01
1.657624264456926122e+00 2.824180286590800293e+01 3.369421863725973765e+01
1.673411162213658709e+00 2.770802534140985429e+01 3.725305267210231364e+01
1.689198059970391297e+00 2.706558259858669402e+01 4.311382788879790695e+01
1.704984957727123884e+00 2.634675815584621361e+01 4.833688730946458634e+01
1.720771855483856472e+00 2.553940360292024536e+01 5.148353354751210986e+01
1.736558753240589281e+00 2.472122759530643776e+01 5.052384771489904836e+01
1.752345650997321869e+00 2.394417396661656383e+01 4.867756257151457788e+01
1.768132548754054456e+00 2.318429218857952634e+01 4.984202034225847910e+01
1.783919446510787044e+00 2.237047220835211903e+01 5.060704187358744122e+01
1.799706344267519631e+00 2.158643579692150283e+01 4.876477169836633152e+01
1.815493242024252440e+00 2.083078327848708255e+01 4.573924414704418950e+01
1.831280139780985028e+00 2.014227425528226689e+01 4.382229386182544317e+01
1.847067037537717615e+00 1.944714713316282229e+01 4.407731541017635379e+01
1.862853935294450203e+00 1.875058611173884771e+01 4.324111219816173701e+01
1.878640833051182790e+00 1.808186109884325532e+01 4.114882613727077398e+01
1.894427730807915378e+00 1.745136148966152589e+01 4.034564674045369514e+01
1.910214628564648187e+00 1.680799589880166423e+01 4.080054490874650241e+01
1.926001526321380775e+00 1.616313342787480778e+01 4.137686308305568872e+01
1.941788424078113362e+00 1.550157128482861424e+01 4.183469822518248549e+01
1.957575321834845949e+00 1.484225322074536813e+01 4.157671631420299008e+01
1.973362219591578537e+00 1.418883654580261400e+01 4.176137291379770033e+01
1.989149117348311346e+00 1.352368817200355267e+01 4.208908365378250949e+01
2.004936015105043712e+00 1.285992442516895196e+01 4.122062508645638701e+01
2.020722912861776521e+00 1.222219658458656255e+01 3.985079312656155537e+01
2.036509810618509331e+00 1.160168363194149066e+01 3.890729937206272382e+01
2.052296708375241696e+00 1.099374547023187887e+01 3.781734039178756746e+01
2.068083606131974506e+00 1.040764665954807988e+01 3.575822608240853384e+01
2.083870503888706871e+00 9.864722551981651932e+00 3.284769525849991112e+01
2.099657401645439680e+00 9.370520246367581407e+00 2.966885199528285710e+01
2.115444299402172490e+00 8.927964285963325253e+00 2.638741615361687209e+01
2.131231197158904855e+00 8.537369364604572297e+00 2.230500445505453300e+01
2.147018094915637665e+00 8.223710636372501881e+00 1.733630183660008228e+01
2.162804992672370030e+00 7.989996515456049053e+00 1.197289370203310455e+01
2.178591890429102840e+00 7.845680938920052583e+00 6.948472836408347675e+00
2.194378788185835649e+00 7.770606854988423962e+00 2.340711157475309445e+00
2.210165685942568015e+00 7.771775803477840583e+00 -2.200040495665025908e+00
2.225952583699300824e+00 7.840070483719894234e+00 -6.429496840617906273e+00
2.241739481456033189e+00 7.974779421977981286e+00 -1.010422774142584679e+01
2.257526379212765999e+00 8.159099304249156859e+00 -1.282702472474554689e+01
2.273313276969498808e+00 8.379777277683260195e+00 -1.446178580810671654e+01
2.289100174726231174e+00 8.615712772113852225e+00 -1.524871859951731778e+01
2.304887072482963983e+00 8.861237200586794316e+00 -1.457817013497985847e+01
2.320673970239696349e+00 9.076000934916212515e+00 -1.353320938166519127e+01
2.336460867996429158e+00 9.288531986244400684e+00 -1.254146478984515767e+01
2.352247765753161524e+00 9.471982579630108035e+00 -1.037653561230972699e+01
2.368034663509894333e+00 9.616158599805658014e+00 -8.274072479921857237e+00
2.383821561266627143e+00 9.733226452174751131e+00 -5.706173625090186441e+00
2.399608459023359508e+00 9.796324159008584331e+00 -2.934775620979037658e+00
2.415395356780092317e+00 9.825888457509446283e+00 -2.045918361378747274e+00
2.431182254536824683e+00 9.860921566988000819e+00 -7.241227546054855857e-01
2.446969152293557492e+00 9.848751761290007067e+00 1.382901810544683752e+00
2.462756050050290302e+00 9.817258108006662098e+00 2.769911085076401047e+00
2.478542947807022667e+00 9.761295155099324106e+00 4.258818172649462497e+00
2.494329845563755477e+00 9.682791053894398203e+00 4.488594405545665467e+00
2.510116743320487842e+00 9.619573193195741112e+00 5.110114541049866510e+00
2.525903641077220652e+00 9.521445342324904360e+00 7.208797485012198081e+00
2.541690538833953461e+00 9.391964095505983323e+00 8.689790430653784981e+00
2.557477436590685826e+00 9.247075676212574535e+00 9.952181464003936995e+00
2.573264334347418636e+00 9.077735953048623685e+00 1.108468428941407780e+01
2.589051232104151001e+00 8.897090121127293472e+00 1.228093666079689861e+01
2.604838129860883811e+00 8.689980170206803578e+00 1.393350702345115977e+01
2.620625027617616620e+00 8.457156419583414575e+00 1.427611350933481660e+01
2.636411925374348986e+00 8.239229081536047161e+00 1.426892306015296263e+01
2.652198823131081795e+00 8.006632360684776017e+00 1.422767820802609329e+01
2.667985720887814161e+00 7.790007279164445464e+00 1.379437059781588104e+01
2.683772618644546970e+00 7.571091724192379857e+00 1.326229607846473968e+01
2.699559516401279780e+00 7.371266254743967572e+00 1.181820078616257774e+01
2.715346414158012145e+00 7.197946269233008287e+00 1.021062466808310809e+01
2.731133311914744954e+00 7.048878079409167441e+00 8.350388248750808984e+00
2.746920209671477320e+00 6.934292818208906972e+00 5.119443055413690047e+00
2.762707107428210129e+00 6.887237831234705787e+00 1.645983642402274683e+00
2.778494005184942495e+00 6.882322867265188826e+00 -2.805369083544022146e+00
2.794280902941675304e+00 6.975813981018322174e+00 -7.561035535785824102e+00
2.810067800698408114e+00 7.121053457142134668e+00 -1.215243488381779891e+01
2.825854698455140479e+00 7.359512475030687284e+00 -1.805232043461321112e+01
2.841641596211873289e+00 7.691033731088162462e+00 -2.337739919104142317e+01
2.857428493968605654e+00 8.097625696725277322e+00 -2.767350647995708002e+01
2.873215391725338463e+00 8.564791365826883052e+00 -3.140246464844593532e+01
2.889002289482071273e+00 9.089120694154130931e+00 -3.367379172586754521e+01
2.904789187238803638e+00 9.628000779942443188e+00 -3.589539117364466847e+01
2.920576084995536448e+00 1.022247443494663344e+01 -3.673124510915253893e+01
2.936362982752268813e+00 1.078774560197379628e+01 -3.572923242559285484e+01
2.952149880509001623e+00 1.135058191340537448e+01 -3.368739601252816129e+01
2.967936778265734432e+00 1.185138455505448540e+01 -2.888544394618764244e+01
2.983723676022466798e+00 1.226260501387796609e+01 -2.423777196562346603e+01
2.999510573779199607e+00 1.261666301079908159e+01 -2.026770780244555681e+01
3.015297471535931972e+00 1.290253347555904639e+01 -1.438791203511433636e+01
3.031084369292664782e+00 1.307094400326150740e+01 -8.754678110646567646e+00
3.046871267049397591e+00 1.317895189201081152e+01 -4.104536241005363628e+00
3.062658164806129957e+00 1.320053979121261811e+01 -1.889052700952352559e+00
3.078445062562862766e+00 1.323859645570484034e+01 -4.851551137569278360e+00
3.094231960319595132e+00 1.335372167475335026e+01 -8.939466704950364218e+00
3.110018858076327941e+00 1.352084934944637418e+01 -1.153687238014753902e+01
3.125805755833060751e+00 1.371798452414907388e+01 -1.308142529598126025e+01
3.141592653589793116e+00 1.393387959676635823e+01 -1.367558566249735286e+01
