0.000000000000000000e+00 3.248795273058813677e+02 4.087769895610949078e+01
1.578689775673262907e-02 3.242341952519307711e+02 8.175539791222078634e+01
3.157379551346525814e-02 3.222981990900789242e+02 1.635107958244433632e+02
4.736069327019788722e-02 3.190715388203258271e+02 2.452661937366641496e+02
6.314759102693051629e-02 3.145542144426715367e+02 2.861438926927736475e+02
7.893448878366314536e-02 3.100368900650172463e+02 2.861438926927736475e+02
9.472138654039577443e-02 3.055195656873629559e+02 2.861438926927736475e+02
1.105082842971284035e-01 3.010022413097086655e+02 2.861438926927736475e+02
1.262951820538610326e-01 2.964849169320543751e+02 2.861438926927736475e+02
1.420820798105936755e-01 2.919675925544000847e+02 2.861438926927736475e+02
1.578689775673262907e-01 2.874502681767457943e+02 2.861438926927736475e+02
1.736558753240589059e-01 2.829329437990915039e+02 2.861438926927736475e+02
1.894427730807915489e-01 2.784156194214372135e+02 2.861438926927736475e+02
2.052296708375241918e-01 2.738982950437829231e+02 2.861438926927736475e+02
2.210165685942568070e-01 2.693809706661286327e+02 2.861438926927736475e+02
2.368034663509894222e-01 2.648636462884743423e+02 2.861438926927754665e+02
2.525903641077220652e-01 2.603463219108199951e+02 2.861438926927754665e+02
2.683772618644547081e-01 2.558289975331657047e+02 2.861438926927736475e+02
2.841641596211873511e-01 2.513116731555114143e+02 2.861438926927745570e+02
2.999510573779199385e-01 2.467943487778570955e+02 2.861438926927736475e+02
3.157379551346525814e-01 2.422770244002028335e+02 2.861438926927727380e+02
3.315248528913852244e-01 2.377597000225485431e+02 2.861438926927745570e+02
3.473117506481178118e-01 2.332423756448942243e+02 2.861438926927736475e+02
3.630986484048504548e-01 2.287250512672399623e+02 2.861438926927745570e+02
3.788855461615830977e-01 2.242077268895856150e+02 2.861438926927745570e+02
3.946724439183157407e-01 2.196904025119313530e+02 2.861438926927736475e+02
4.104593416750483836e-01 2.151730781342770342e+02 2.861438926927745570e+02
4.262462394317809711e-01 2.106557537566227438e+02 2.861438926927736475e+02
4.420331371885136140e-01 2.061384293789684534e+02 2.861438926927745570e+02
4.578200349452462570e-01 2.016211050013141346e+02 2.861438926927745570e+02
4.736069327019788444e-01 1.971037806236598442e+02 2.861438926927736475e+02
4.893938304587114874e-01 1.925864562460055538e+02 2.861438926927736475e+02
5.051807282154441303e-01 1.880691318683512634e+02 2.861438926927745570e+02
5.209676259721767178e-01 1.835518074906969446e+02 2.861438926927745570e+02
5.367545237289094162e-01 1.790344831130426542e+02 2.861438926927745570e+02
5.525414214856420037e-01 1.745171587353883353e+02 2.861438926927736475e+02
5.683283192423747021e-01 1.699998343577340734e+02 2.861438926927727380e+02
5.841152169991072896e-01 1.654825099800797830e+02 2.861438926927736475e+02
5.999021147558398770e-01 1.609651856024254926e+02 2.861438926927745570e+02
6.156890125125725755e-01 1.564478612247711737e+02 2.861438926927754665e+02
6.314759102693051629e-01 1.519305368471168549e+02 2.861438926927736475e+02
6.472628080260377503e-01 1.474132124694625929e+02 2.861438926927727380e+02
6.630497057827704488e-01 1.428958880918083025e+02 2.861438926927745570e+02
6.788366035395030362e-01 1.383785637141539837e+02 2.861438926927745570e+02
6.946235012962356237e-01 1.338612393364996933e+02 2.861438926927736475e+02
7.104103990529683221e-01 1.293439149588454029e+02 2.861438926927736475e+02
7.261972968097009096e-01 1.248265905811911125e+02 2.861438926927736475e+02
7.419841945664336080e-01 1.203092662035368221e+02 2.861438926927741022e+02
7.577710923231661955e-01 1.157919418258825175e+02 2.861438926927745570e+02
7.735579900798987829e-01 1.112746174482282129e+02 2.861438926927741022e+02
7.893448878366314814e-01 1.067572930705739225e+02 2.861438926927741022e+02
8.051317855933640688e-01 1.022399686929196179e+02 2.861438926927745570e+02
8.209186833500967673e-01 9.772264431526531325e+01 2.861438926927741022e+02
8.367055811068293547e-01 9.320531993761102285e+01 2.861438926927736475e+02
8.524924788635619421e-01 8.868799555995673245e+01 2.861438926927736475e+02
8.682793766202946406e-01 8.417067118230244205e+01 2.861438926927741022e+02
8.840662743770272280e-01 7.965334680464813744e+01 2.849780063185299355e+02
8.998531721337598155e-01 7.517283388496616681e+01 2.807426804175143502e+02
9.156400698904925139e-01 7.078923482124341149e+01 2.819085667917585170e+02
9.314269676472251014e-01 6.627191044358912109e+01 2.775517851290807130e+02
9.472138654039576888e-01 6.202587151318056868e+01 2.595985379338496841e+02
9.630007631606903873e-01 5.807539929127119649e+01 2.413906208156707009e+02
9.787876609174229747e-01 5.440425341267815185e+01 2.143012511830331164e+02
9.945745586741556732e-01 5.130909540813835434e+01 1.895140274833477747e+02
1.010361456430888261e+00 4.842057626198569409e+01 1.755523164839180197e+02
1.026148354187620848e+00 4.576624246555999065e+01 1.509477485408310429e+02
1.041935251944353436e+00 4.365458291633952115e+01 1.345635801667487215e+02
1.057722149701086245e+00 4.151755950181527766e+01 1.304191806785274821e+02
1.073509047457818832e+00 3.953675437456201536e+01 1.192161414579339009e+02
1.089295945214551420e+00 3.775345342951812455e+01 1.243964866863449288e+02
1.105082842971284007e+00 3.560908514133385694e+01 1.283080504021018271e+02
1.120869740728016595e+00 3.370228128339076790e+01 1.109992361788340105e+02
1.136656638484749404e+00 3.210441795607251692e+01 9.601611400710569910e+01
1.152443536241481992e+00 3.067068813373284542e+01 8.278491165963072262e+01
1.168230433998214579e+00 2.949058408373105067e+01 7.161947201132267082e+01
1.184017331754947167e+00 2.840938956966499518e+01 6.321633937009686122e+01
1.199804229511679754e+00 2.749460431134978933e+01 4.483846136059648302e+01
1.215591127268412341e+00 2.699366915952710855e+01 2.702760758722805789e+01
1.231378025025145151e+00 2.664124015617246855e+01 2.466575713849712415e+01
1.247164922781877738e+00 2.621487758745140439e+01 2.634640073947847938e+01
1.262951820538610326e+00 2.580938428670836515e+01 2.122682553330160005e+01
1.278738718295342913e+00 2.554466613866293656e+01 1.316360863360820943e+01
1.294525616052075501e+00 2.539375919949153371e+01 8.805710686043047630e+00
1.310312513808808310e+00 2.526663643011107752e+01 5.723038924183180498e+00
1.326099411565540898e+00 2.521306113878377175e+01 1.166932322585063186e+00
1.341886309322273485e+00 2.522979194757972365e+01 -6.860281923312983032e+00
1.357673207079006072e+00 2.542966627739517804e+01 -1.758580834154489381e+01
1.373460104835738660e+00 2.578504266409465373e+01 -2.853036982123428800e+01
1.389247002592471247e+00 2.633047834005436982e+01 -3.555316776562347059e+01
1.405033900349204057e+00 2.690759111298237372e+01 -3.880981583152036052e+01
1.420820798105936644e+00 2.755585152903404023e+01 -4.357567139131170109e+01
1.436607695862669232e+00 2.828344045085360747e+01 -4.644621093919641197e+01
1.452394593619401819e+00 2.902233469560350088e+01 -4.293743200652054526e+01
1.468181491376134407e+00 2.963913814890080545e+01 -3.699860825640462281e+01
1.483968389132867216e+00 3.019052118697402776e+01 -2.900925739270940440e+01
1.499755286889599804e+00 3.055507050981569250e+01 -2.096394196047753056e+01
1.515542184646332391e+00 3.085243240359029926e+01 -1.426305987299578959e+01
1.531329082403064978e+00 3.100540944564197332e+01 -1.970571550359752289e+00
1.547115980159797566e+00 3.091465082676601028e+01 8.539946887289907806e+00
1.562902877916530375e+00 3.073577090892682762e+01 1.124116046008989223e+01
1.578689775673262963e+00 3.055972472506508097e+01 1.281578056969167889e+01
1.594476673429995550e+00 3.033112807387394128e+01 1.801473068638789243e+01
1.610263571186728138e+00 2.999093130214292202e+01 2.401444583275940658e+01
1.626050468943460725e+00 2.957290087178120785e+01 2.862291516812516079e+01
1.641837366700193535e+00 2.908719723162527515e+01 3.208581340107391355e+01
1.657624264456926122e+00 2.855982996057249679e+01 3.691252797667111452e+01
1.673411162213658709e+00 2.792172862140479594e+01 4.360021164424538398e+01
1.689198059970391297e+00 2.718320579377328627e+01 5.004033394666997481e+01
1.704984957727123884e+00 2.634176534994712426e+01 5.371318035735541940e+01
1.720771855483856472e+00 2.548727682079226753e+01 5.379597209254873036e+01
1.736558753240589281e+00 2.464322232764890686e+01 5.358602341238616873e+01
1.752345650997321869e+00 2.379536267518982484e+01 5.183239090480619637e+01
1.768132548754054456e+00 2.300667701624655948e+01 4.848323897485850864e+01
1.783919446510787044e+00 2.226456280196717330e+01 4.635791268950390531e+01
1.799706344267519631e+00 2.154298176055708680e+01 4.532099942018431449e+01
1.815493242024252440e+00 2.083360683380839617e+01 4.353289369949580134e+01
1.831280139780985028e+00 2.016848307677978624e+01 4.312186913945609490e+01
1.847067037537717615e+00 1.947208575544080134e+01 4.283926776468992159e+01
1.862853935294450203e+00 1.881588479643088263e+01 4.127540626669470925e+01
1.878640833051182790e+00 1.816886451824098003e+01 4.103895365794527805e+01
1.894427730807915378e+00 1.752012926554834138e+01 4.136155003510769745e+01
1.910214628564648187e+00 1.686292339531252793e+01 4.101292251582280102e+01
1.926001526321380775e+00 1.622519563662415720e+01 4.116230956510571559e+01
1.941788424078113362e+00 1.556327305024192498e+01 4.115043400932721340e+01
1.957575321834845949e+00 1.492592024792331351e+01 4.066886628464634867e+01
1.973362219591578537e+00 1.427920258240603957e+01 4.130337474953439880e+01
1.989149117348311346e+00 1.362181593956549008e+01 4.214756358019280924e+01
2.004936015105043712e+00 1.294844402853425613e+01 4.215719437481808995e+01
2.020722912861776521e+00 1.229075330495357576e+01 4.168362784265288923e+01
2.036509810618509331e+00 1.163233368677094681e+01 4.051668499257043266e+01
2.052296708375241696e+00 1.101148777811467028e+01 3.895687335198589096e+01
2.068083606131974506e+00 1.040231733371138034e+01 3.760744661547335710e+01
2.083870503888706871e+00 9.824077948894153423e+00 3.526884038600650939e+01
2.099657401645439680e+00 9.288746179366565769e+00 3.156691645663919843e+01
2.115444299402172490e+00 8.827390583701586024e+00 2.693777080509277511e+01
2.131231197158904855e+00 8.438218512377972047e+00 2.258195337548248460e+01
2.147018094915637665e+00 8.114392605529495484e+00 1.841390583439554263e+01
2.162804992672370030e+00 7.856821614958562350e+00 1.338309692831096065e+01
2.178591890429102840e+00 7.691837439778120178e+00 8.203656007401949779e+00
2.194378788185835649e+00 7.597801057718042372e+00 3.620261557312050016e+00
2.210165685942568015e+00 7.577532041662290219e+00 -3.323794735429433378e-01
2.225952583699300824e+00 7.608295539248560502e+00 -3.294673685882258507e+00
2.241739481456033189e+00 7.681557394903931524e+00 -6.530850723032679994e+00
2.257526379212765999e+00 7.814499284506561061e+00 -9.224093201470475734e+00
2.273313276969498808e+00 7.972797027444305407e+00 -1.080499162907666921e+01
2.289100174726231174e+00 8.155653880727731675e+00 -1.264841988022110009e+01
2.304887072482963983e+00 8.372155650310855179e+00 -1.332169216551675639e+01
2.320673970239696349e+00 8.576270265055089936e+00 -1.297179538948827293e+01
2.336460867996429158e+00 8.781724465381069322e+00 -1.225467873821377651e+01
2.352247765753161524e+00 8.963196985618662183e+00 -1.091018187426117159e+01
2.368034663509894333e+00 9.126200316893706699e+00 -9.664128395263420046e+00
2.383821561266627143e+00 9.268330199386582535e+00 -7.468279301391862468e+00
2.399608459023359508e+00 9.362002240393298536e+00 -3.960463368257966632e+00
2.415395356780092317e+00 9.393377059914529426e+00 -1.575627343590767282e+00
2.431182254536824683e+00 9.411750775945257885e+00 1.075970756680115492e-01
2.446969152293557492e+00 9.389979811849540781e+00 1.869963581111832251e+00
2.462756050050290302e+00 9.352708928217605688e+00 4.279738178515611224e+00
2.478542947807022667e+00 9.254852233749918611e+00 6.280632376164489550e+00
2.494329845563755477e+00 9.154405525877338690e+00 6.485045715805894950e+00
2.510116743320487842e+00 9.050094726423589364e+00 6.508093073725761180e+00
2.525903641077220652e+00 8.948920325984921931e+00 7.517673241568323839e+00
2.541690538833953461e+00 8.812733248757261606e+00 8.595874098172707534e+00
2.557477436590685826e+00 8.677515954949724275e+00 9.018753868015096486e+00
2.573264334347418636e+00 8.527976958342279090e+00 8.990265509869509231e+00
2.589051232104151001e+00 8.393659150129344937e+00 9.974019582774282355e+00
2.604838129860883811e+00 8.213059303588465809e+00 1.255282777133669292e+01
2.620625027617616620e+00 7.997318732961412380e+00 1.426549977056859397e+01
2.636411925374348986e+00 7.762643330935147468e+00 1.472717806753606595e+01
2.652198823131081795e+00 7.532325824166638206e+00 1.507837516691803614e+01
2.667985720887814161e+00 7.286561796739564834e+00 1.572230800343552737e+01
2.683772618644546970e+00 7.035912886266446620e+00 1.568397625075376212e+01
2.699559516401279780e+00 6.791359137760220044e+00 1.441410231635055439e+01
2.715346414158012145e+00 6.580804967219828328e+00 1.133020617825523502e+01
2.731133311914744954e+00 6.433621524762588528e+00 7.922734341020508886e+00
2.746920209671477320e+00 6.330654173228937864e+00 4.499030909621658303e+00
2.762707107428210129e+00 6.291570042813434682e+00 1.805885194392583271e-01
2.778494005184942495e+00 6.324952308244083277e+00 -4.993586714978654584e+00
2.794280902941675304e+00 6.449236528630927445e+00 -9.922486874032415471e+00
2.810067800698408114e+00 6.638242879789825857e+00 -1.459636407882360665e+01
2.825854698455140479e+00 6.910099143295793667e+00 -1.853345075503082384e+01
2.841641596211873289e+00 7.223414264088047432e+00 -2.133693229950942793e+01
2.857428493968605654e+00 7.583787080605156383e+00 -2.332481331312584061e+01
2.873215391725338463e+00 7.959867150026434857e+00 -2.343936219910210284e+01
2.889002289482071273e+00 8.323856709645653495e+00 -2.343380998901589152e+01
2.904789187238803638e+00 8.699761474721022125e+00 -2.472421966880694200e+01
2.920576084995536448e+00 9.104494165698559627e+00 -2.577293003905615620e+01
2.936362982752268813e+00 9.513510697557027385e+00 -2.652366932391714371e+01
2.952149880509001623e+00 9.941947077198690863e+00 -2.824096450263383318e+01
2.967936778265734432e+00 1.040518513586621907e+01 -2.957427722832554196e+01
2.983723676022466798e+00 1.087571925886437363e+01 -3.234425527569224101e+01
2.999510573779199607e+00 1.142641603797624583e+01 -3.387696297165782511e+01
3.015297471535931972e+00 1.194534356034873213e+01 -3.195717475730828028e+01
3.031084369292664782e+00 1.243542533895157121e+01 -3.027210920162154295e+01
3.046871267049397591e+00 1.290114894604202078e+01 -2.823898097263256446e+01
3.062658164806129957e+00 1.332703714969010811e+01 -2.444364260761589591e+01
3.078445062562862766e+00 1.367292751933911177e+01 -1.900458950005491587e+01
3.094231960319595132e+00 1.392708417238219099e+01 -1.380404434787450185e+01
3.110018858076327941e+00 1.410877359283770716e+01 -9.914577421131298252e+00
3.125805755833060751e+00 1.424012501247941032e+01 -6.437419013587233785e+00
3.141592653589793116e+00 1.431202734440720370e+01 -4.554557395364724925e+00
