0.000000000000000000e+00 1.443967785910982968e+02 8.578006944852980098e+00
1.578689775673262907e-02 1.442613584725033604e+02 1.715601388970685903e+01
3.157379551346525814e-02 1.438550981167185228e+02 3.431202777941551574e+01
4.736069327019788722e-02 1.431779975237437554e+02 5.146804166912237832e+01
6.314759102693051629e-02 1.422300566935791437e+02 6.004604861397625371e+01
7.893448878366314536e-02 1.412821158634144751e+02 6.004604861397715609e+01
9.472138654039577443e-02 1.403341750332498350e+02 6.004604861397535842e+01
1.105082842971284035e-01 1.393862342030852233e+02 6.004604861397625371e+01
1.262951820538610326e-01 1.384382933729205547e+02 6.004604861397715609e+01
1.420820798105936755e-01 1.374903525427559146e+02 6.004604861397625371e+01
1.578689775673262907e-01 1.365424117125912744e+02 6.004604861397535842e+01
1.736558753240589059e-01 1.355944708824266627e+02 6.004604861397625371e+01
1.894427730807915489e-01 1.346465300522619941e+02 6.004604861397715609e+01
2.052296708375241918e-01 1.336985892220973540e+02 6.004604861397625371e+01
2.210165685942568070e-01 1.327506483919327138e+02 6.004604861397625371e+01
2.368034663509894222e-01 1.318027075617680737e+02 6.004604861397625371e+01
2.525903641077220652e-01 1.308547667316034335e+02 6.004604861397625371e+01
2.683772618644547081e-01 1.299068259014387934e+02 6.004604861397625371e+01
2.841641596211873511e-01 1.289588850712741532e+02 6.004604861397625371e+01
2.999510573779199385e-01 1.280109442411095131e+02 6.004604861397625371e+01
3.157379551346525814e-01 1.270630034109448729e+02 6.004604861397625371e+01
3.315248528913852244e-01 1.261150625807802328e+02 6.004604861397625371e+01
3.473117506481178118e-01 1.251671217506155926e+02 6.004604861397625371e+01
3.630986484048504548e-01 1.242191809204509525e+02 6.004604861397670845e+01
3.788855461615830977e-01 1.232712400902862981e+02 6.004604861397580606e+01
3.946724439183157407e-01 1.223232992601216864e+02 6.004604861397580606e+01
4.104593416750483836e-01 1.213753584299570321e+02 6.004604861397670845e+01
4.262462394317809711e-01 1.204274175997923919e+02 6.004604861397670845e+01
4.420331371885136140e-01 1.194794767696277376e+02 6.004604861397625371e+01
4.578200349452462570e-01 1.185315359394631116e+02 6.004604861397580606e+01
4.736069327019788444e-01 1.175835951092984715e+02 6.004604861397670845e+01
4.893938304587114874e-01 1.166356542791338171e+02 6.004604861397580606e+01
5.051807282154441303e-01 1.156877134489692054e+02 6.004604861397580606e+01
5.209676259721767178e-01 1.147397726188045510e+02 6.004604861397670845e+01
5.367545237289094162e-01 1.137918317886399109e+02 6.004604861397670845e+01
5.525414214856420037e-01 1.128438909584752565e+02 6.004604861397625371e+01
5.683283192423747021e-01 1.118959501283106306e+02 6.004604861397580606e+01
5.841152169991072896e-01 1.109480092981459904e+02 6.004604861397580606e+01
5.999021147558398770e-01 1.100000684679813645e+02 6.004604861397625371e+01
6.156890125125725755e-01 1.090521276378167101e+02 6.004604861397670845e+01
6.314759102693051629e-01 1.081041868076520700e+02 6.004604861397670845e+01
6.472628080260377503e-01 1.071562459774874156e+02 6.004604861397670845e+01
6.630497057827704488e-01 1.062083051473227755e+02 6.004604861397580606e+01
6.788366035395030362e-01 1.052603643171581496e+02 6.004604861397580606e+01
6.946235012962356237e-01 1.043124234869935094e+02 6.004604861397580606e+01
7.104103990529683221e-01 1.033644826568288835e+02 6.004604861397625371e+01
7.261972968097009096e-01 1.024165418266642291e+02 6.004604861397715609e+01
7.419841945664336080e-01 1.014686009964995748e+02 6.004604861397670845e+01
7.577710923231661955e-01 1.005206601663349346e+02 6.004604861397625371e+01
7.735579900798987829e-01 9.957271933617029447e+01 6.004604861397580606e+01
7.893448878366314814e-01 9.862477850600566853e+01 6.004604861397580606e+01
8.051317855933640688e-01 9.767683767584102839e+01 6.004604861397580606e+01
8.209186833500967673e-01 9.672889684567640245e+01 6.004604861397625371e+01
8.367055811068293547e-01 9.578095601551174809e+01 6.004604861397715609e+01
8.524924788635619421e-01 9.483301518534709373e+01 6.004604861397670845e+01
8.682793766202946406e-01 9.388507435518245359e+01 6.004604861397625371e+01
8.840662743770272280e-01 9.293713352501781344e+01 6.004604861397580606e+01
8.998531721337598155e-01 9.198919269485318750e+01 6.004604861397580606e+01
9.156400698904925139e-01 9.104125186468854736e+01 6.004604861397580606e+01
9.314269676472251014e-01 9.009331103452392142e+01 6.004604861397625371e+01
9.472138654039576888e-01 8.914537020435926706e+01 6.004604861397715609e+01
9.630007631606903873e-01 8.819742937419461271e+01 6.004604861397670845e+01
9.787876609174229747e-01 8.724948854402997256e+01 6.004604861397625371e+01
9.945745586741556732e-01 8.630154771386533241e+01 6.004604861397670845e+01
1.010361456430888261e+00 8.535360688370067805e+01 6.004604861397580606e+01
1.026148354187620848e+00 8.440566605353606633e+01 6.004604861397580606e+01
1.041935251944353436e+00 8.345772522337141197e+01 6.004604861397670845e+01
1.057722149701086245e+00 8.250978439320677182e+01 6.004604861397625371e+01
1.073509047457818832e+00 8.156184356304213168e+01 6.004604861397625371e+01
1.089295945214551420e+00 8.061390273287749153e+01 6.004604861397625371e+01
1.105082842971284007e+00 7.966596190271285138e+01 6.004604861397670845e+01
1.120869740728016595e+00 7.871802107254819703e+01 6.004604861397670845e+01
1.136656638484749404e+00 7.777008024238355688e+01 6.004604861397580606e+01
1.152443536241481992e+00 7.682213941221893094e+01 6.004604861397580606e+01
1.168230433998214579e+00 7.587419858205429080e+01 6.004604861397625371e+01
1.184017331754947167e+00 7.492625775188965065e+01 6.004604861397625371e+01
1.199804229511679754e+00 7.397831692172501050e+01 6.004604861397625371e+01
1.215591127268412341e+00 7.303037609156037036e+01 6.004604861397670845e+01
1.231378025025145151e+00 7.208243526139571600e+01 6.004604861397625371e+01
1.247164922781877738e+00 7.113449443123109006e+01 6.004604861397625371e+01
1.262951820538610326e+00 7.018655360106643570e+01 6.004604861397670845e+01
1.278738718295342913e+00 6.923861277090179556e+01 6.004604861397625371e+01
1.294525616052075501e+00 6.829067194073715541e+01 6.004604861397580606e+01
1.310312513808808310e+00 6.734273111057252947e+01 6.004604861397625371e+01
1.326099411565540898e+00 6.639479028040787512e+01 6.004604861397670845e+01
1.341886309322273485e+00 6.544684945024323497e+01 6.043710607993748596e+01
1.357673207079006072e+00 6.448656145161432107e+01 5.804576846178662208e+01
1.373460104835738660e+00 6.361412422640883335e+01 5.765471099582538983e+01
1.389247002592471247e+00 6.266618339624419320e+01 7.153326096973681558e+01
1.405033900349204057e+00 6.135554767213901783e+01 8.023807824138481237e+01
1.420820798105936644e+00 6.013276272145728285e+01 7.467328807315995221e+01
1.436607695862669232e+00 5.899782854419898115e+01 6.852855274058077839e+01
1.452394593619401819e+00 5.796905621039246626e+01 6.199275994204013784e+01
1.468181491376134407e+00 5.704048181847366550e+01 5.982373546893298766e+01
1.483968389132867216e+00 5.608019381984473739e+01 6.082816354589984087e+01
1.499755286889599804e+00 5.511990582121580218e+01 4.413379304122526037e+01
1.515542184646332391e+00 5.468672246312749508e+01 3.653529727415991601e+01
1.531329082403064978e+00 5.396634781605781228e+01 5.672732690156848179e+01
1.547115980159797566e+00 5.289562544351187512e+01 6.624016796104351101e+01
1.562902877916530375e+00 5.187489429807823171e+01 6.572061148534696429e+01
1.578689775673262963e+00 5.082057629545363397e+01 7.300539453331434459e+01
1.594476673429995550e+00 4.956983689970351037e+01 8.157311028971373901e+01
1.610263571186728138e+00 4.824500359176886377e+01 9.235619876853208154e+01
1.626050468943460725e+00 4.665380116538492672e+01 9.702215075181828752e+01
1.641837366700193535e+00 4.518164604365435366e+01 7.961613978078250398e+01
1.657624264456926122e+00 4.414001744837503338e+01 7.957607667503803839e+01
1.673411162213658709e+00 4.266912727095287039e+01 1.002092842852663352e+02
1.689198059970391297e+00 4.097602999780132649e+01 1.025883027398806604e+02
1.704984957727123884e+00 3.943002517817041053e+01 9.181532483336603434e+01
1.720771855483856472e+00 3.807707170651023887e+01 8.039031028310000693e+01
1.736558753240589281e+00 3.689179796002778744e+01 7.230844851900100423e+01
1.752345650997321869e+00 3.579401953907537148e+01 7.687519871195011945e+01
1.768132548754054456e+00 3.446455615583966647e+01 7.563350082695556864e+01
1.783919446510787044e+00 3.340598284999757084e+01 5.932171053773768676e+01
1.799706344267519631e+00 3.259154459781215962e+01 5.376716313950807091e+01
1.815493242024252440e+00 3.170834943569161624e+01 5.781193618510443599e+01
1.831280139780985028e+00 3.076620234646616936e+01 6.338503771475926385e+01
1.847067037537717615e+00 2.970704321627252398e+01 6.938433462441167876e+01
1.862853935294450203e+00 2.857547555319714760e+01 7.165200949298090904e+01
1.878640833051182790e+00 2.744471732041227341e+01 7.147843109829959474e+01
1.894427730807915378e+00 2.631863018607612048e+01 7.610848565944877464e+01
1.910214628564648187e+00 2.504168355736133478e+01 7.909535440009983631e+01
1.926001526321380775e+00 2.382128964018230377e+01 7.861755043630860484e+01
1.941788424078113362e+00 2.255942909611578528e+01 7.824486345751689953e+01
1.957575321834845949e+00 2.135080232139565481e+01 7.472965582063488910e+01
1.973362219591578537e+00 2.019993022444342046e+01 7.243340194862224735e+01
1.989149117348311346e+00 1.906380489992521987e+01 7.313854564843138917e+01
2.004936015105043712e+00 1.789066873998760343e+01 7.214263558239174756e+01
2.020722912861776521e+00 1.678598807624434031e+01 6.883428326926448904e+01
2.036509810618509331e+00 1.571730915572790366e+01 6.470273813560167753e+01
2.052296708375241696e+00 1.474307705318956252e+01 6.154342640429920408e+01
2.068083606131974506e+00 1.377414959524056215e+01 6.047514087180211106e+01
2.083870503888706871e+00 1.283364732165527755e+01 5.678897181380504122e+01
2.099657401645439680e+00 1.198110621177153945e+01 5.166391541566513013e+01
2.115444299402172490e+00 1.120242142089610127e+01 4.781594356422024816e+01
2.131231197158904855e+00 1.047137538739145413e+01 4.627255921545836514e+01
2.147018094915637665e+00 9.741421098342506468e+00 4.620432391530039951e+01
2.162804992672370030e+00 9.012529512251846953e+00 4.482639424453851262e+01
2.178591890429102840e+00 8.326081692859471417e+00 4.209161101147068251e+01
2.194378788185835649e+00 7.683537593343348959e+00 3.938136516540464527e+01
2.210165685942568015e+00 7.082662522085881207e+00 3.667803528430027882e+01
2.225952583699300824e+00 6.525472807441188294e+00 3.305711236455235991e+01
2.241739481456033189e+00 6.038924016021860908e+00 2.860605361024933302e+01
2.257526379212765999e+00 5.622271120303951264e+00 2.323970290459818955e+01
2.273313276969498808e+00 5.305158388718393070e+00 1.725257564420101630e+01
2.289100174726231174e+00 5.077541824833357254e+00 1.177879432870036780e+01
2.304887072482963983e+00 4.933257145188843396e+00 7.119063948059435987e+00
2.320673970239696349e+00 4.852765955490045968e+00 2.810507717940682326e+00
2.336460867996429158e+00 4.844518749213568398e+00 -7.333784238735969740e-01
2.352247765753161524e+00 4.875921495879418366e+00 -4.227623323062609018e+00
2.368034663509894333e+00 4.978000863523903696e+00 -6.989334537955667059e+00
2.383821561266627143e+00 5.096601315356030781e+00 -8.512539654931190469e+00
2.399608459023359508e+00 5.246774049888965230e+00 -9.734522950518789131e+00
2.415395356780092317e+00 5.403957152416845489e+00 -1.051154562292703964e+01
2.431182254536824683e+00 5.578663441917724342e+00 -1.116430661379529354e+01
2.446969152293557492e+00 5.756456686490445840e+00 -1.132369873863932597e+01
2.462756050050290302e+00 5.936195590347606910e+00 -1.085597933842007023e+01
2.478542947807022667e+00 6.099221158220125005e+00 -9.769994699448627529e+00
2.494329845563755477e+00 6.244671405155637345e+00 -8.105101671178640999e+00
2.510116743320487842e+00 6.355129981001764961e+00 -6.603276881432422307e+00
2.525903641077220652e+00 6.453161919128777235e+00 -5.447768941580383384e+00
2.541690538833953461e+00 6.527136723567831034e+00 -4.531925095551402549e+00
2.557477436590685826e+00 6.596251995378058730e+00 -3.020360191726956689e+00
2.573264334347418636e+00 6.622500958638428692e+00 3.917201518770300518e-03
2.589051232104151001e+00 6.596128314458320041e+00 2.317848016238607034e+00
2.604838129860883811e+00 6.549317699342419807e+00 3.668104782490893445e+00
2.620625027617616620e+00 6.480312324133988611e+00 5.280708000209106245e+00
2.636411925374348986e+00 6.382585704777497426e+00 6.995110196292674942e+00
2.652198823131081795e+00 6.259450145202087867e+00 9.703672844536130881e+00
2.667985720887814161e+00 6.076203922654547895e+00 1.195498437779083467e+01
2.683772618644546970e+00 5.881985913091048346e+00 1.223988962930235225e+01
2.699559516401279780e+00 5.689744150391571331e+00 1.294580739244704226e+01
2.715346414158012145e+00 5.473237637725218541e+00 1.403311806194723310e+01
2.731133311914744954e+00 5.246665350287333496e+00 1.516680531290631784e+01
2.746920209671477320e+00 4.994364028182975979e+00 1.681936960637590417e+01
2.762707107428210129e+00 4.715614013670228033e+00 1.725482719382612018e+01
2.778494005184942495e+00 4.449563642744930547e+00 1.645750380491807974e+01
2.794280902941675304e+00 4.195988153871668125e+00 1.619040882787626501e+01
2.810067800698408114e+00 3.938370985134162616e+00 1.541864554907177620e+01
2.825854698455140479e+00 3.709162992210674581e+00 1.455652568114087053e+01
2.841641596211873289e+00 3.478766219891315181e+00 1.424733972587598352e+01
2.857428493968605654e+00 3.259320401094996100e+00 1.281556243804837969e+01
2.873215391725338463e+00 3.074130272082329363e+00 1.178549810340511250e+01
2.889002289482071273e+00 2.887207493953750426e+00 1.122520716931465401e+01
2.904789187238803638e+00 2.719707876322104312e+00 8.609363516578030229e+00
2.920576084995536448e+00 2.615377210780227557e+00 6.006959981958926775e+00
2.936362982752268813e+00 2.530045350194164211e+00 3.827070445758181449e+00
2.952149880509001623e+00 2.494542071110232406e+00 -7.805367336455319993e-01
2.967936778265734432e+00 2.554689857413036336e+00 -5.165136368226503016e+00
2.983723676022466798e+00 2.657625030599778615e+00 -9.038341920477373392e+00
2.999510573779199607e+00 2.840064616990969792e+00 -1.265511335172965524e+01
3.015297471535931972e+00 3.057194991767014702e+00 -1.294114746939159133e+01
3.031084369292664782e+00 3.248665760899138277e+00 -1.253950966974770864e+01
3.046871267049397591e+00 3.453114905918749145e+00 -1.320412883523024128e+01
3.062658164806129957e+00 3.665570224676148126e+00 -1.161120460376678132e+01
3.078445062562862766e+00 3.819724705743087867e+00 -9.097548000624604114e+00
3.094231960319595132e+00 3.952814344921804057e+00 -7.134865221055322060e+00
3.110018858076327941e+00 4.044999481248823692e+00 -4.896467043197033853e+00
3.125805755833060751e+00 4.107414394082129050e+00 -4.643202803991299810e+00
3.141592653589793116e+00 4.191603017109593488e+00 -5.332816131754610112e+00
