0.000000000000000000e+00 3.243016872358769547e+02 2.482548817228152416e+01
1.578689775673262907e-02 3.239097697923401711e+02 4.965097634456304831e+01
3.157379551346525814e-02 3.227340174617298203e+02 9.930195268912609663e+01
4.736069327019788722e-02 3.207744302440459023e+02 1.489529290336891449e+02
6.314759102693051629e-02 3.180310081392884172e+02 1.737784172059706691e+02
7.893448878366314536e-02 3.152875860345309320e+02 1.737784172059706691e+02
9.472138654039577443e-02 3.125441639297734469e+02 1.737784172059706691e+02
1.105082842971284035e-01 3.098007418250159617e+02 1.737784172059706691e+02
1.262951820538610326e-01 3.070573197202584765e+02 1.737784172059706691e+02
1.420820798105936755e-01 3.043138976155009914e+02 1.737784172059706691e+02
1.578689775673262907e-01 3.015704755107435062e+02 1.737784172059706691e+02
1.736558753240589059e-01 2.988270534059860211e+02 1.737784172059724597e+02
1.894427730807915489e-01 2.960836313012284791e+02 1.737784172059742502e+02
2.052296708375241918e-01 2.933402091964709371e+02 1.737784172059724597e+02
2.210165685942568070e-01 2.905967870917134519e+02 1.737784172059724597e+02
2.368034663509894222e-01 2.878533649869559099e+02 1.737784172059724597e+02
2.525903641077220652e-01 2.851099428821984247e+02 1.737784172059706691e+02
2.683772618644547081e-01 2.823665207774409396e+02 1.737784172059706691e+02
2.841641596211873511e-01 2.796230986726834544e+02 1.737784172059706691e+02
2.999510573779199385e-01 2.768796765679259693e+02 1.737784172059706691e+02
3.157379551346525814e-01 2.741362544631684841e+02 1.737784172059724597e+02
3.315248528913852244e-01 2.713928323584109421e+02 1.737784172059706691e+02
3.473117506481178118e-01 2.686494102536535138e+02 1.737784172059706691e+02
3.630986484048504548e-01 2.659059881488959718e+02 1.737784172059706691e+02
3.788855461615830977e-01 2.631625660441385435e+02 1.737784172059706691e+02
3.946724439183157407e-01 2.604191439393810015e+02 1.737784172059706691e+02
4.104593416750483836e-01 2.576757218346235732e+02 1.737784172059697596e+02
4.262462394317809711e-01 2.549322997298660596e+02 1.737784172059715502e+02
4.420331371885136140e-01 2.521888776251085744e+02 1.737784172059706691e+02
4.578200349452462570e-01 2.494454555203510893e+02 1.737784172059706691e+02
4.736069327019788444e-01 2.467020334155936041e+02 1.737784172059706691e+02
4.893938304587114874e-01 2.439586113108361189e+02 1.737784172059706691e+02
5.051807282154441303e-01 2.412151892060786338e+02 1.737784172059715502e+02
5.209676259721767178e-01 2.384717671013211202e+02 1.737784172059715502e+02
5.367545237289094162e-01 2.357283449965636350e+02 1.737784172059724597e+02
5.525414214856420037e-01 2.329849228918060930e+02 1.737784172059724597e+02
5.683283192423747021e-01 2.302415007870486079e+02 1.737784172059706691e+02
5.841152169991072896e-01 2.274980786822911227e+02 1.737784172059724597e+02
5.999021147558398770e-01 2.247546565775335807e+02 1.737784172059724597e+02
6.156890125125725755e-01 2.220112344727760956e+02 1.737784172059706691e+02
6.314759102693051629e-01 2.192678123680186104e+02 1.737784172059697596e+02
6.472628080260377503e-01 2.165243902632611537e+02 1.737784172059697596e+02
6.630497057827704488e-01 2.137809681585036685e+02 1.737784172059715502e+02
6.788366035395030362e-01 2.110375460537461549e+02 1.737784172059715502e+02
6.946235012962356237e-01 2.082941239489886698e+02 1.737784172059706691e+02
7.104103990529683221e-01 2.055507018442311846e+02 1.737784172059715502e+02
7.261972968097009096e-01 2.028072797394736710e+02 1.737784172059715502e+02
7.419841945664336080e-01 2.000638576347161859e+02 1.737784172059706691e+02
7.577710923231661955e-01 1.973204355299587007e+02 1.737784172059715502e+02
7.735579900798987829e-01 1.945770134252011871e+02 1.737784172059715502e+02
7.893448878366314814e-01 1.918335913204437020e+02 1.737784172059706691e+02
8.051317855933640688e-01 1.890901692156862168e+02 1.737784172059706691e+02
8.209186833500967673e-01 1.863467471109287317e+02 1.737784172059706691e+02
8.367055811068293547e-01 1.836033250061712465e+02 1.737784172059706691e+02
8.524924788635619421e-01 1.808599029014137614e+02 1.737784172059706691e+02
8.682793766202946406e-01 1.781164807966562762e+02 1.737784172059715502e+02
8.840662743770272280e-01 1.753730586918987626e+02 1.737784172059715502e+02
8.998531721337598155e-01 1.726296365871412775e+02 1.737784172059715502e+02
9.156400698904925139e-01 1.698862144823837639e+02 1.737784172059715502e+02
9.314269676472251014e-01 1.671427923776262787e+02 1.737784172059715502e+02
9.472138654039576888e-01 1.643993702728687651e+02 1.737784172059724597e+02
9.630007631606903873e-01 1.616559481681112516e+02 1.737784172059715502e+02
9.787876609174229747e-01 1.589125260633537664e+02 1.737784172059706691e+02
9.945745586741556732e-01 1.561691039585962812e+02 1.737784172059706691e+02
1.010361456430888261e+00 1.534256818538387961e+02 1.737784172059706691e+02
1.026148354187620848e+00 1.506822597490813109e+02 1.737784172059715502e+02
1.041935251944353436e+00 1.479388376443237973e+02 1.737784172059715502e+02
1.057722149701086245e+00 1.451954155395663122e+02 1.737784172059706691e+02
1.073509047457818832e+00 1.424519934348088270e+02 1.737784172059715502e+02
1.089295945214551420e+00 1.397085713300513135e+02 1.737784172059715502e+02
1.105082842971284007e+00 1.369651492252938283e+02 1.737784172059706691e+02
1.120869740728016595e+00 1.342217271205363431e+02 1.737784172059706691e+02
1.136656638484749404e+00 1.314783050157788580e+02 1.737784172059706691e+02
1.152443536241481992e+00 1.287348829110213728e+02 1.737784172059715502e+02
1.168230433998214579e+00 1.259914608062638592e+02 1.737784172059720049e+02
1.184017331754947167e+00 1.232480387015063599e+02 1.737784172059715502e+02
1.199804229511679754e+00 1.205046165967488605e+02 1.737784172059715502e+02
1.215591127268412341e+00 1.177611944919913611e+02 1.737784172059715502e+02
1.231378025025145151e+00 1.150177723872338618e+02 1.737784172059715502e+02
1.247164922781877738e+00 1.122743502824763624e+02 1.737784172059711238e+02
1.262951820538610326e+00 1.095309281777188772e+02 1.737784172059706691e+02
1.278738718295342913e+00 1.067875060729613921e+02 1.737784172059706691e+02
1.294525616052075501e+00 1.040440839682039069e+02 1.737784172059706691e+02
1.310312513808808310e+00 1.013006618634464218e+02 1.737784172059711238e+02
1.326099411565540898e+00 9.855723975868892239e+01 1.737784172059711238e+02
1.341886309322273485e+00 9.581381765393143723e+01 1.737784172059706691e+02
1.357673207079006072e+00 9.307039554917395208e+01 1.737784172059715502e+02
1.373460104835738660e+00 9.032697344441643850e+01 1.737784172059724597e+02
1.389247002592471247e+00 8.758355133965892492e+01 1.737784172059715502e+02
1.405033900349204057e+00 8.484012923490143976e+01 1.737784172059706691e+02
1.420820798105936644e+00 8.209670713014395460e+01 1.737784172059706691e+02
1.436607695862669232e+00 7.935328502538646944e+01 1.737784172059711238e+02
1.452394593619401819e+00 7.660986292062897007e+01 1.737784172059715502e+02
1.468181491376134407e+00 7.386644081587147070e+01 1.737784172059711238e+02
1.483968389132867216e+00 7.112301871111398555e+01 1.737784172059711238e+02
1.499755286889599804e+00 6.837959660635648618e+01 1.737784172059711238e+02
1.515542184646332391e+00 6.563617450159900102e+01 1.737784172059713512e+02
1.531329082403064978e+00 6.289275239684149454e+01 1.737784172059715502e+02
1.547115980159797566e+00 6.014933029208400228e+01 1.827366151630419893e+02
1.562902877916530375e+00 5.712306387686081166e+01 1.878724653443064767e+02
1.578689775673262963e+00 5.421748348869228096e+01 1.789142673872356113e+02
1.594476673429995550e+00 5.147406138393478869e+01 1.651138678834683162e+02
1.610263571186728138e+00 4.900421198770233389e+01 1.499253108098969847e+02
1.626050468943460725e+00 4.674035027813037857e+01 1.379706430600047895e+02
1.641837366700193535e+00 4.464795511686443774e+01 1.252299062965452663e+02
1.657624264456926122e+00 4.278636682455284301e+01 1.036304751002794973e+02
1.673411162213658709e+00 4.137594768708495963e+01 8.122918584410157905e+01
1.689198059970391297e+00 4.022165312098591272e+01 6.982651491369918517e+01
1.704984957727123884e+00 3.917125958378188955e+01 6.545512288454595762e+01
1.720771855483856472e+00 3.815498645572051828e+01 6.452242434082387490e+01
1.736558753240589281e+00 3.713404175161168297e+01 6.262593146745980022e+01
1.752345650997321869e+00 3.617764810172665335e+01 6.238128921498967117e+01
1.768132548754054456e+00 3.516442768207126335e+01 6.204912606722076873e+01
1.783919446510787044e+00 3.421852168349099799e+01 6.370805835317505483e+01
1.799706344267519631e+00 3.315292247506820189e+01 7.188494851653049977e+01
1.815493242024252440e+00 3.194884101853408609e+01 7.943322271762824016e+01
1.831280139780985028e+00 3.064491414400626468e+01 8.289713489470338459e+01
1.847067037537717615e+00 2.933146383271657598e+01 8.305556195317267054e+01
1.862853935294450203e+00 2.802253481464084572e+01 8.088966807997934438e+01
1.878640833051182790e+00 2.677746999360723024e+01 8.045136137724705350e+01
1.894427730807915378e+00 2.548237998173575036e+01 8.219764784591686180e+01
1.910214628564648187e+00 2.418217826883242338e+01 7.820351470158578877e+01
1.926001526321380775e+00 2.301319820011360662e+01 7.329763337006076540e+01
1.941788424078113362e+00 2.186789378118517746e+01 6.964495072668941589e+01
1.957575321834845949e+00 2.081424276732375134e+01 6.688859997366854770e+01
1.973362219591578537e+00 1.975596680343458900e+01 6.748376189223246513e+01
1.989149117348311346e+00 1.868352426885902418e+01 6.529739940933819753e+01
2.004936015105043712e+00 1.769428006692307775e+01 6.283155030904594440e+01
2.020722912861776521e+00 1.669969374760720271e+01 6.282315220045484239e+01
2.036509810618509331e+00 1.571071470583461149e+01 6.223318097874374644e+01
2.052296708375241696e+00 1.473475601723187189e+01 6.334709323544093706e+01
2.068083606131974506e+00 1.371060653764638104e+01 6.379178059684963387e+01
2.083870503888706871e+00 1.272060738122710077e+01 6.063936753880371811e+01
2.099657401645439680e+00 1.179599154691032936e+01 5.827140651792979043e+01
2.115444299402172490e+00 1.088075790754797900e+01 5.657117272066576419e+01
2.131231197158904855e+00 1.000982490747110454e+01 5.406237439019097479e+01
2.147018094915637665e+00 9.173803553579688241e+00 5.044915284789529153e+01
2.162804992672370030e+00 8.416953671624105127e+00 4.484294280371800312e+01
2.178591890429102840e+00 7.757941647273077557e+00 4.002686099151645749e+01
2.194378788185835649e+00 7.153153747632065240e+00 3.670122153312890134e+01
2.210165685942568015e+00 6.599144783491677657e+00 3.286936116141079367e+01
2.225952583699300824e+00 6.115343259663443831e+00 2.841573629767189146e+01
2.241739481456033189e+00 5.701952136264432980e+00 2.423489201602474097e+01
2.257526379212765999e+00 5.350155734858566881e+00 2.048654747804027920e+01
2.273313276969498808e+00 5.055114075415891861e+00 1.696317678841923993e+01
2.289100174726231174e+00 4.814563859682257529e+00 1.315680739685598510e+01
2.304887072482963983e+00 4.639703729057513826e+00 8.815806641745801642e+00
2.320673970239696349e+00 4.536215383489526687e+00 4.832618702604223770e+00
2.336460867996429158e+00 4.487119614346940288e+00 1.638619221897098299e+00
2.352247765753161524e+00 4.484477955252914150e+00 -2.019650264693280128e+00
2.368034663509894333e+00 4.550887638813081892e+00 -5.066165069454886982e+00
2.383821561266627143e+00 4.644436015193343259e+00 -6.938202937586492425e+00
2.399608459023359508e+00 4.769953039595361766e+00 -9.176985518293996336e+00
2.415395356780092317e+00 4.934188279377989872e+00 -1.065710929127463125e+01
2.431182254536824683e+00 5.106438429122717615e+00 -1.168803911386170391e+01
2.446969152293557492e+00 5.303224036312442990e+00 -1.231853542294533810e+01
2.462756050050290302e+00 5.495381347592172006e+00 -1.097379709521569602e+01
2.478542947807022667e+00 5.649708461803042425e+00 -9.718306572943626875e+00
2.494329845563755477e+00 5.802225172063459446e+00 -8.814771129567798624e+00
2.510116743320487842e+00 5.928024242946013267e+00 -6.828069931049179253e+00
2.525903641077220652e+00 6.017813255818047047e+00 -4.653561739787174467e+00
2.541690538833953461e+00 6.074954849727339123e+00 -2.531565095549996425e+00
2.557477436590685826e+00 6.097744374473968776e+00 -1.547540165162881731e+00
2.573264334347418636e+00 6.123816566451066201e+00 -1.255689496808659600e+00
2.589051232104151001e+00 6.137391257874611483e+00 4.405417898974892913e-04
2.604838129860883811e+00 6.123802656874676842e+00 1.598898919372424343e+00
2.620625027617616620e+00 6.086907950347645979e+00 3.140418060398059819e+00
2.636411925374348986e+00 6.024647739208875308e+00 5.383018363135019690e+00
2.652198823131081795e+00 5.916945629304792398e+00 7.532176413741511034e+00
2.667985720887814161e+00 5.786828341350054750e+00 1.037275053126432134e+01
2.683772618644546970e+00 5.589438525118464618e+00 1.281557972389635758e+01
2.699559516401279780e+00 5.382191847761239600e+00 1.392274802644990217e+01
2.715346414158012145e+00 5.149844525945833418e+00 1.575717973861691945e+01
2.731133311914744954e+00 4.884677876825231024e+00 1.750538496838590774e+01
2.746920209671477320e+00 4.597133080569528296e+00 1.758932227644168833e+01
2.762707107428210129e+00 4.329316212048421875e+00 1.790365127406600365e+01
2.778494005184942495e+00 4.031846856297776505e+00 1.818423944002492831e+01
2.794280902941675304e+00 3.755170754401184752e+00 1.807602889636781285e+01
2.810067800698408114e+00 3.461118016228370120e+00 1.830219694401000652e+01
2.825854698455140479e+00 3.177300930643844001e+00 1.652444294663487412e+01
2.841641596211873289e+00 2.939378633657397266e+00 1.375358871159194685e+01
2.857428493968605654e+00 2.743047933087735757e+00 1.238557959439176415e+01
2.873215391725338463e+00 2.548318876228323759e+00 1.072985277714286312e+01
2.889002289482071273e+00 2.404265755612639666e+00 7.877989163077985246e+00
2.904789187238803638e+00 2.299580857336004147e+00 5.045425204237011130e+00
2.920576084995536448e+00 2.244962531935576600e+00 2.145225147846468783e+00
2.936362982752268813e+00 2.231847957187556464e+00 -2.296828424210211328e-01
2.952149880509001623e+00 2.252214491035129384e+00 -2.898687616549766144e+00
2.967936778265734432e+00 2.323370527249912776e+00 -7.534123467127432860e+00
2.983723676022466798e+00 2.490095364759410845e+00 -1.070996838261942408e+01
2.999510573779199607e+00 2.661524878918416714e+00 -1.252727564772596125e+01
3.015297471535931972e+00 2.885629004401523368e+00 -1.568965635692917182e+01
3.031084369292664782e+00 3.156906880408638649e+00 -1.799648268349164582e+01
3.046871267049397591e+00 3.453846268611707071e+00 -2.072341462363494813e+01
3.062658164806129957e+00 3.811223736076044144e+00 -2.263459519929356389e+01
3.078445062562862766e+00 4.168506348964264419e+00 -2.149329052011663777e+01
3.094231960319595132e+00 4.489848495869708245e+00 -2.117225994809370349e+01
3.110018858076327941e+00 4.836994955123305573e+00 -2.152023491304454339e+01
3.125805755833060751e+00 5.169323992415912450e+00 -2.190232057069513871e+01
3.141592653589793116e+00 5.528534346092797591e+00 -2.275370115219077150e+01
