0.000000000000000000e+00 7.369031660574867715e+01 3.222274592264781745e+00
1.578689775673262907e-02 7.363944688621647572e+01 6.444549184529563490e+00
3.157379551346525814e-02 7.348683772761987143e+01 1.288909836905957640e+01
4.736069327019788722e-02 7.323248912995885007e+01 1.933364755358914167e+01
6.314759102693051629e-02 7.287640109323344006e+01 2.255592214585392341e+01
7.893448878366314536e-02 7.252031305650801585e+01 2.255592214585437105e+01
9.472138654039577443e-02 7.216422501978259163e+01 2.255592214585392341e+01
1.105082842971284035e-01 7.180813698305718162e+01 2.255592214585392341e+01
1.262951820538610326e-01 7.145204894633175741e+01 2.255592214585392341e+01
1.420820798105936755e-01 7.109596090960634740e+01 2.255592214585392341e+01
1.578689775673262907e-01 7.073987287288092318e+01 2.255592214585437105e+01
1.736558753240589059e-01 7.038378483615549897e+01 2.255592214585392341e+01
1.894427730807915489e-01 7.002769679943008896e+01 2.255592214585392341e+01
2.052296708375241918e-01 6.967160876270466474e+01 2.255592214585437105e+01
2.210165685942568070e-01 6.931552072597924052e+01 2.255592214585392341e+01
2.368034663509894222e-01 6.895943268925383052e+01 2.255592214585347222e+01
2.525903641077220652e-01 6.860334465252842051e+01 2.255592214585392341e+01
2.683772618644547081e-01 6.824725661580299629e+01 2.255592214585437105e+01
2.841641596211873511e-01 6.789116857907757208e+01 2.255592214585392341e+01
2.999510573779199385e-01 6.753508054235216207e+01 2.255592214585347222e+01
3.157379551346525814e-01 6.717899250562675206e+01 2.255592214585392341e+01
3.315248528913852244e-01 6.682290446890132785e+01 2.255592214585437105e+01
3.473117506481178118e-01 6.646681643217590363e+01 2.255592214585392341e+01
3.630986484048504548e-01 6.611072839545049362e+01 2.255592214585392341e+01
3.788855461615830977e-01 6.575464035872506940e+01 2.255592214585392341e+01
3.946724439183157407e-01 6.539855232199965940e+01 2.255592214585392341e+01
4.104593416750483836e-01 6.504246428527423518e+01 2.255592214585437105e+01
4.262462394317809711e-01 6.468637624854881096e+01 2.255592214585392341e+01
4.420331371885136140e-01 6.433028821182340096e+01 2.255592214585392341e+01
4.578200349452462570e-01 6.397420017509797674e+01 2.255592214585437105e+01
4.736069327019788444e-01 6.361811213837255252e+01 2.255592214585392341e+01
4.893938304587114874e-01 6.326202410164714252e+01 2.255592214585369604e+01
5.051807282154441303e-01 6.290593606492172540e+01 2.255592214585392341e+01
5.209676259721767178e-01 6.254984802819630829e+01 2.255592214585392341e+01
5.367545237289094162e-01 6.219375999147089118e+01 2.255592214585392341e+01
5.525414214856420037e-01 6.183767195474547407e+01 2.255592214585392341e+01
5.683283192423747021e-01 6.148158391802005696e+01 2.255592214585392341e+01
5.841152169991072896e-01 6.112549588129463984e+01 2.255592214585392341e+01
5.999021147558398770e-01 6.076940784456922273e+01 2.255592214585392341e+01
6.156890125125725755e-01 6.041331980784380562e+01 2.255592214585392341e+01
6.314759102693051629e-01 6.005723177111838851e+01 2.255592214585392341e+01
6.472628080260377503e-01 5.970114373439297140e+01 2.255592214585414723e+01
6.630497057827704488e-01 5.934505569766754718e+01 2.255592214585437105e+01
6.788366035395030362e-01 5.898896766094212296e+01 2.255592214585392341e+01
6.946235012962356237e-01 5.863287962421671295e+01 2.255592214585369604e+01
7.104103990529683221e-01 5.827679158749129584e+01 2.255592214585392341e+01
7.261972968097009096e-01 5.792070355076587873e+01 2.255592214585414723e+01
7.419841945664336080e-01 5.756461551404045451e+01 2.255592214585414723e+01
7.577710923231661955e-01 5.720852747731503740e+01 2.255592214585392341e+01
7.735579900798987829e-01 5.685243944058962029e+01 2.255592214585392341e+01
7.893448878366314814e-01 5.649635140386420318e+01 2.255592214585392341e+01
8.051317855933640688e-01 5.614026336713878607e+01 2.255592214585414723e+01
8.209186833500967673e-01 5.578417533041336185e+01 2.255592214585392341e+01
8.367055811068293547e-01 5.542808729368795184e+01 2.255592214585392341e+01
8.524924788635619421e-01 5.507199925696252762e+01 2.255592214585437105e+01
8.682793766202946406e-01 5.471591122023710341e+01 2.255592214585392341e+01
8.840662743770272280e-01 5.435982318351169340e+01 2.255592214585369604e+01
8.998531721337598155e-01 5.400373514678627629e+01 2.255592214585392341e+01
9.156400698904925139e-01 5.364764711006085918e+01 2.255592214585369604e+01
9.314269676472251014e-01 5.329155907333544917e+01 2.255592214585392341e+01
9.472138654039576888e-01 5.293547103661002495e+01 2.255592214585437105e+01
9.630007631606903873e-01 5.257938299988460074e+01 2.255592214585414723e+01
9.787876609174229747e-01 5.222329496315918362e+01 2.255592214585392341e+01
9.945745586741556732e-01 5.186720692643376651e+01 2.255592214585369604e+01
1.010361456430888261e+00 5.151111888970835651e+01 2.255592214585369604e+01
1.026148354187620848e+00 5.115503085298293939e+01 2.255592214585392341e+01
1.041935251944353436e+00 5.079894281625752228e+01 2.255592214585414723e+01
1.057722149701086245e+00 5.044285477953209806e+01 2.255592214585437105e+01
1.073509047457818832e+00 5.008676674280667385e+01 2.255592214585414723e+01
1.089295945214551420e+00 4.973067870608125673e+01 2.255592214585369604e+01
1.105082842971284007e+00 4.937459066935584673e+01 2.255592214585369604e+01
1.120869740728016595e+00 4.901850263263042962e+01 2.255592214585414723e+01
1.136656638484749404e+00 4.866241459590500540e+01 2.255592214585414723e+01
1.152443536241481992e+00 4.830632655917958829e+01 2.255592214585414723e+01
1.168230433998214579e+00 4.795023852245416407e+01 2.255592214585414723e+01
1.184017331754947167e+00 4.759415048572874696e+01 2.255592214585369604e+01
1.199804229511679754e+00 4.723806244900333695e+01 2.255592214585369604e+01
1.215591127268412341e+00 4.688197441227791984e+01 2.255592214585392341e+01
1.231378025025145151e+00 4.652588637555250273e+01 2.255592214585414723e+01
1.247164922781877738e+00 4.616979833882707851e+01 2.255592214585437105e+01
1.262951820538610326e+00 4.581371030210165429e+01 2.255592214585392341e+01
1.278738718295342913e+00 4.545762226537624429e+01 2.255592214585369604e+01
1.294525616052075501e+00 4.510153422865082717e+01 2.255592214585392341e+01
1.310312513808808310e+00 4.474544619192541006e+01 2.255592214585392341e+01
1.326099411565540898e+00 4.438935815519999295e+01 2.255592214585392341e+01
1.341886309322273485e+00 4.403327011847457584e+01 2.255592214585414723e+01
1.357673207079006072e+00 4.367718208174915162e+01 2.255592214585414723e+01
1.373460104835738660e+00 4.332109404502373451e+01 2.255592214585392341e+01
1.389247002592471247e+00 4.296500600829831740e+01 2.255592214585392341e+01
1.405033900349204057e+00 4.260891797157290029e+01 2.255592214585369604e+01
1.420820798105936644e+00 4.225282993484749028e+01 2.255592214585392341e+01
1.436607695862669232e+00 4.189674189812206606e+01 2.255592214585437105e+01
1.452394593619401819e+00 4.154065386139664184e+01 2.255592214585414723e+01
1.468181491376134407e+00 4.118456582467122473e+01 2.255592214585392341e+01
1.483968389132867216e+00 4.082847778794580762e+01 2.255592214585392341e+01
1.499755286889599804e+00 4.047238975122039051e+01 2.255592214585392341e+01
1.515542184646332391e+00 4.011630171449497340e+01 2.255592214585392341e+01
1.531329082403064978e+00 3.976021367776955628e+01 2.255592214585392341e+01
1.547115980159797566e+00 3.940412564104413917e+01 2.255592214585414723e+01
1.562902877916530375e+00 3.904803760431871495e+01 2.255592214585392341e+01
1.578689775673262963e+00 3.869194956759330495e+01 2.255592214585369604e+01
1.594476673429995550e+00 3.833586153086788784e+01 2.255592214585392341e+01
1.610263571186728138e+00 3.797977349414247072e+01 2.313765187107519328e+00
1.626050468943460725e+00 3.826280718198398034e+01 -1.245378646193818639e+01
1.641837366700193535e+00 3.837298680126006900e+01 -1.878453279986353586e+00
1.657624264456926122e+00 3.832211708172786757e+01 2.583409333090826987e+00
1.673411162213658709e+00 3.829141876324948157e+01 9.233035244671498276e+00
1.689198059970391297e+00 3.803059511494399203e+01 2.078871532916216935e+01
1.704984957727123884e+00 3.763504011645887459e+01 2.504389847232777200e+01
1.720771855483856472e+00 3.723986418571873003e+01 4.822809789786619206e+01
1.736558753240589281e+00 3.611229601542826373e+01 6.694029549748040608e+01
1.752345650997321869e+00 3.512630498407034452e+01 5.980943282435255526e+01
1.768132548754054456e+00 3.422388521365581937e+01 6.126671625312916092e+01
1.783919446510787044e+00 3.319188221331254596e+01 6.188449711803747277e+01
1.799706344267519631e+00 3.226995675619727422e+01 5.589521496982615645e+01
1.815493242024252440e+00 3.142705812567407264e+01 5.580710395282128644e+01
1.831280139780985028e+00 3.050791466779219618e+01 5.861239211323353970e+01
1.847067037537717615e+00 2.957644244253579302e+01 6.131132870716107419e+01
1.862853935294450203e+00 2.857208331253344014e+01 6.446853101973420053e+01
1.878640833051182790e+00 2.754092622706521354e+01 6.642127381492421989e+01
1.894427730807915378e+00 2.647491159535713834e+01 6.710244717522915892e+01
1.910214628564648187e+00 2.542224728150142354e+01 6.925195113880464248e+01
1.926001526321380775e+00 2.428836465119203325e+01 7.325424129052971978e+01
1.941788424078113362e+00 2.310933284650019459e+01 7.567270886124980223e+01
1.957575321834845949e+00 2.189909001565694169e+01 7.755807484180452605e+01
1.973362219591578537e+00 2.066053005102702400e+01 7.914658223486020461e+01
1.989149117348311346e+00 1.940013201258380349e+01 7.744211659907219314e+01
2.004936015105043712e+00 1.821538849739798493e+01 7.411047732769350205e+01
2.020722912861776521e+00 1.706018295603390555e+01 7.265860395732288168e+01
2.036509810618509331e+00 1.592128059375561477e+01 7.133770317543236672e+01
2.052296708375241696e+00 1.480778090357252275e+01 6.872873672705034664e+01
2.068083606131974506e+00 1.375125351443693766e+01 6.467770597825152379e+01
2.083870503888706871e+00 1.276566024073517980e+01 6.047239906285756206e+01
2.099657401645439680e+00 1.184191035221760480e+01 5.884443890831386881e+01
2.115444299402172490e+00 1.090771795953947887e+01 5.852477494869087593e+01
2.131231197158904855e+00 9.994061075516064818e+00 5.490181042136526912e+01
2.147018094915637665e+00 9.174259423976256045e+00 4.922245392755943527e+01
2.162804992672370030e+00 8.439921380536338447e+00 4.409789450817206102e+01
2.178591890429102840e+00 7.781921520200868692e+00 4.031296722898988349e+01
2.194378788185835649e+00 7.167087996707185660e+00 3.689832418581395501e+01
2.210165685942568015e+00 6.616901377568429332e+00 3.196205871600572479e+01
2.225952583699300824e+00 6.157924490618650992e+00 2.665474770379341152e+01
2.241739481456033189e+00 5.775309824105848477e+00 2.239964481520771145e+01
2.257526379212765999e+00 5.450682685649030468e+00 1.953462647190097812e+01
2.273313276969498808e+00 5.158527522450121694e+00 1.707537351456527475e+01
2.289100174726231174e+00 4.911548333984105952e+00 1.292030936393279106e+01
2.304887072482963983e+00 4.750584316622597392e+00 8.160326967580179058e+00
2.320673970239696349e+00 4.653895838986713329e+00 4.590320528093017494e+00
2.336460867996429158e+00 4.605650474927326599e+00 1.117323398915450738e+00
2.352247765753161524e+00 4.618617698466946919e+00 -2.687026730778473649e+00
2.368034663509894333e+00 4.690490107464141190e+00 -6.417428590010511691e+00
2.383821561266627143e+00 4.821240276490204479e+00 -9.318588697617464334e+00
2.399608459023359508e+00 4.984713321476803571e+00 -1.018062803019588713e+01
2.415395356780092317e+00 5.142681344114262032e+00 -1.039464364612336666e+01
2.431182254536824683e+00 5.312911674394843686e+00 -1.164044269159026612e+01
2.446969152293557492e+00 5.510214301344744214e+00 -1.154228715972068109e+01
2.462756050050290302e+00 5.677345488933560169e+00 -9.455921138989159758e+00
2.478542947807022667e+00 5.808773621778641427e+00 -7.494398173030990762e+00
2.494329845563755477e+00 5.913972084345328284e+00 -6.302522742395979982e+00
2.510116743320487842e+00 6.007768186066016369e+00 -6.132622167445048511e+00
2.525903641077220652e+00 6.107602242621582356e+00 -5.309366749661747598e+00
2.541690538833953461e+00 6.175405046125828079e+00 -3.135156689972570021e+00
2.557477436590685826e+00 6.206591038853448872e+00 -1.931671532131726821e+00
2.573264334347418636e+00 6.236395248080537357e+00 -7.965374346385756255e-01
2.589051232104151001e+00 6.231740748933547458e+00 4.116112839827094083e-01
2.604838129860883811e+00 6.223399117569032413e+00 2.123473608886212727e+00
2.620625027617616620e+00 6.164694627428334073e+00 5.675117459719108304e+00
2.636411925374348986e+00 6.044214119380964867e+00 8.270088769869072820e+00
2.652198823131081795e+00 5.903576535730282515e+00 1.004584004055979918e+01
2.667985720887814161e+00 5.727028820179348223e+00 1.198599357563777090e+01
2.683772618644546970e+00 5.525133225547387283e+00 1.293147567299789991e+01
2.699559516401279780e+00 5.318733051592761996e+00 1.455985957840820966e+01
2.715346414158012145e+00 5.065423196513958004e+00 1.631501993256450689e+01
2.731133311914744954e+00 4.803605948443860463e+00 1.650363922020028795e+01
2.746920209671477320e+00 4.544340666547348917e+00 1.714563604743367975e+01
2.762707107428210129e+00 4.262253141933890710e+00 1.844270672003710132e+01
2.778494005184942495e+00 3.962034415854085889e+00 1.965363082705862752e+01
2.794280902941675304e+00 3.641713421103204507e+00 1.940971021326697254e+01
2.810067800698408114e+00 3.349196194604776355e+00 1.776863330634623850e+01
2.825854698455140479e+00 3.080690226534880338e+00 1.568132131058977485e+01
2.841641596211873289e+00 2.854077362163269793e+00 1.292792107472473440e+01
2.857428493968605654e+00 2.672506690107303573e+00 9.641718058050370743e+00
2.873215391725338463e+00 2.549651727799902012e+00 5.468531653419892891e+00
2.889002289482071273e+00 2.499844389923311816e+00 1.502286777044026023e+00
2.904789187238803638e+00 2.502218832298931162e+00 -1.791160267305788312e-01
2.920576084995536448e+00 2.505499762724487489e+00 -1.279273752613368398e+00
2.936362982752268813e+00 2.542610360169688999e+00 -2.876458407712079612e+00
2.952149880509001623e+00 2.596320472292576564e+00 -3.406478772626791329e+00
2.967936778265734432e+00 2.650165824357567423e+00 -3.395704260323952894e+00
2.983723676022466798e+00 2.703535744232247851e+00 -3.238077908392078097e+00
2.999510573779199607e+00 2.752404234093808189e+00 -3.619674512737261818e+00
3.015297471535931972e+00 2.817822607122716150e+00 -4.696311543412248213e+00
3.031084369292664782e+00 2.900684614433032937e+00 -5.536110680691313846e+00
3.046871267049397591e+00 2.992618633694774655e+00 -6.871222058586017312e+00
3.062658164806129957e+00 3.117635174638439644e+00 -9.458215824090116186e+00
3.078445062562862766e+00 3.291250406046817290e+00 -1.192783384837992067e+01
3.094231960319595132e+00 3.494242161485776599e+00 -1.361723945999082730e+01
3.110018858076327941e+00 3.721198340214457723e+00 -1.532767580537419327e+01
3.125805755833060751e+00 3.978195063061350290e+00 -1.735867219560221386e+01
3.141592653589793116e+00 4.269277506503676989e+00 -1.843822946900311166e+01
