0.000000000000000000e+00 1.553717861575078700e+02 9.573749615877295227e+00
1.578689775673262907e-02 1.552206463511734569e+02 1.914749923175279278e+01
3.157379551346525814e-02 1.547672269321702743e+02 3.829499846350468317e+01
4.736069327019788722e-02 1.540115279004982938e+02 5.744249769525837479e+01
6.314759102693051629e-02 1.529535492561574870e+02 6.701624731113477651e+01
7.893448878366314536e-02 1.518955706118167086e+02 6.701624731113386702e+01
9.472138654039577443e-02 1.508375919674759302e+02 6.701624731113386702e+01
1.105082842971284035e-01 1.497796133231351519e+02 6.701624731113477651e+01
1.262951820538610326e-01 1.487216346787943451e+02 6.701624731113477651e+01
1.420820798105936755e-01 1.476636560344535667e+02 6.701624731113477651e+01
1.578689775673262907e-01 1.466056773901127599e+02 6.701624731113477651e+01
1.736558753240589059e-01 1.455476987457719815e+02 6.701624731113386702e+01
1.894427730807915489e-01 1.444897201014312031e+02 6.701624731113386702e+01
2.052296708375241918e-01 1.434317414570904248e+02 6.701624731113477651e+01
2.210165685942568070e-01 1.423737628127496180e+02 6.701624731113477651e+01
2.368034663509894222e-01 1.413157841684088396e+02 6.701624731113477651e+01
2.525903641077220652e-01 1.402578055240680328e+02 6.701624731113477651e+01
2.683772618644547081e-01 1.391998268797272544e+02 6.701624731113386702e+01
2.841641596211873511e-01 1.381418482353864761e+02 6.701624731113386702e+01
2.999510573779199385e-01 1.370838695910456977e+02 6.701624731113477651e+01
3.157379551346525814e-01 1.360258909467048909e+02 6.701624731113477651e+01
3.315248528913852244e-01 1.349679123023641125e+02 6.701624731113477651e+01
3.473117506481178118e-01 1.339099336580233057e+02 6.701624731113477651e+01
3.630986484048504548e-01 1.328519550136825274e+02 6.701624731113386702e+01
3.788855461615830977e-01 1.317939763693417490e+02 6.701624731113477651e+01
3.946724439183157407e-01 1.307359977250009422e+02 6.701624731113477651e+01
4.104593416750483836e-01 1.296780190806601638e+02 6.701624731113386702e+01
4.262462394317809711e-01 1.286200404363193854e+02 6.701624731113386702e+01
4.420331371885136140e-01 1.275620617919786071e+02 6.701624731113477651e+01
4.578200349452462570e-01 1.265040831476378003e+02 6.701624731113477651e+01
4.736069327019788444e-01 1.254461045032970219e+02 6.701624731113432176e+01
4.893938304587114874e-01 1.243881258589562293e+02 6.701624731113432176e+01
5.051807282154441303e-01 1.233301472146154509e+02 6.701624731113432176e+01
5.209676259721767178e-01 1.222721685702746584e+02 6.701624731113432176e+01
5.367545237289094162e-01 1.212141899259338800e+02 6.701624731113432176e+01
5.525414214856420037e-01 1.201562112815930874e+02 6.701624731113432176e+01
5.683283192423747021e-01 1.190982326372523090e+02 6.701624731113432176e+01
5.841152169991072896e-01 1.180402539929115164e+02 6.701624731113477651e+01
5.999021147558398770e-01 1.169822753485707238e+02 6.701624731113477651e+01
6.156890125125725755e-01 1.159242967042299313e+02 6.701624731113477651e+01
6.314759102693051629e-01 1.148663180598891387e+02 6.701624731113477651e+01
6.472628080260377503e-01 1.138083394155483461e+02 6.701624731113477651e+01
6.630497057827704488e-01 1.127503607712075535e+02 6.701624731113477651e+01
6.788366035395030362e-01 1.116923821268667609e+02 6.701624731113477651e+01
6.946235012962356237e-01 1.106344034825259683e+02 6.701624731113432176e+01
7.104103990529683221e-01 1.095764248381851900e+02 6.701624731113432176e+01
7.261972968097009096e-01 1.085184461938443974e+02 6.701624731113477651e+01
7.419841945664336080e-01 1.074604675495036048e+02 6.701624731113386702e+01
7.577710923231661955e-01 1.064024889051628406e+02 6.701624731113386702e+01
7.735579900798987829e-01 1.053445102608220481e+02 6.701624731113477651e+01
7.893448878366314814e-01 1.042865316164812555e+02 6.701624731113432176e+01
8.051317855933640688e-01 1.032285529721404771e+02 6.701624731113477651e+01
8.209186833500967673e-01 1.021705743277996703e+02 6.701624731113477651e+01
8.367055811068293547e-01 1.011125956834588919e+02 6.701624731113432176e+01
8.524924788635619421e-01 1.000546170391180993e+02 6.701624731113432176e+01
8.682793766202946406e-01 9.899663839477732097e+01 6.701624731113432176e+01
8.840662743770272280e-01 9.793865975043652838e+01 6.701624731113432176e+01
8.998531721337598155e-01 9.688068110609575001e+01 6.701624731113477651e+01
9.156400698904925139e-01 9.582270246175494322e+01 6.701624731113477651e+01
9.314269676472251014e-01 9.476472381741416484e+01 6.701624731113432176e+01
9.472138654039576888e-01 9.370674517307337226e+01 6.701624731113432176e+01
9.630007631606903873e-01 9.264876652873259388e+01 6.701624731113432176e+01
9.787876609174229747e-01 9.159078788439180130e+01 6.701624731113477651e+01
9.945745586741556732e-01 9.053280924005100871e+01 6.701624731113477651e+01
1.010361456430888261e+00 8.947483059571021613e+01 6.701624731113477651e+01
1.026148354187620848e+00 8.841685195136942355e+01 6.701624731113432176e+01
1.041935251944353436e+00 8.735887330702864517e+01 6.701624731113432176e+01
1.057722149701086245e+00 8.630089466268785259e+01 6.701624731113477651e+01
1.073509047457818832e+00 8.524291601834706000e+01 6.701624731113432176e+01
1.089295945214551420e+00 8.418493737400628163e+01 6.701624731113432176e+01
1.105082842971284007e+00 8.312695872966548905e+01 6.701624731113432176e+01
1.120869740728016595e+00 8.206898008532471067e+01 6.701624731113386702e+01
1.136656638484749404e+00 8.101100144098393230e+01 6.701624731113432176e+01
1.152443536241481992e+00 7.995302279664313971e+01 6.701624731113477651e+01
1.168230433998214579e+00 7.889504415230234713e+01 6.701624731113477651e+01
1.184017331754947167e+00 7.783706550796155454e+01 6.701624731113477651e+01
1.199804229511679754e+00 7.677908686362076196e+01 6.701624731113477651e+01
1.215591127268412341e+00 7.572110821927996938e+01 6.701624731113432176e+01
1.231378025025145151e+00 7.466312957493919100e+01 6.701624731113432176e+01
1.247164922781877738e+00 7.360515093059839842e+01 6.701624731113432176e+01
1.262951820538610326e+00 7.254717228625762004e+01 6.701624731113386702e+01
1.278738718295342913e+00 7.148919364191684167e+01 6.701624731113477651e+01
1.294525616052075501e+00 7.043121499757603488e+01 6.701624731113477651e+01
1.310312513808808310e+00 6.937323635323525650e+01 6.701624731113432176e+01
1.326099411565540898e+00 6.831525770889446392e+01 6.701624731113477651e+01
1.341886309322273485e+00 6.725727906455367133e+01 6.701624731113477651e+01
1.357673207079006072e+00 6.619930042021287875e+01 6.701624731113477651e+01
1.373460104835738660e+00 6.514132177587208616e+01 6.701624731113432176e+01
1.389247002592471247e+00 6.408334313153130779e+01 8.125823831460883184e+01
1.405033900349204057e+00 6.257569077554219916e+01 9.501926251738984774e+01
1.420820798105936644e+00 6.108322436696696656e+01 8.077727151391533766e+01
1.436607695862669232e+00 6.002524572262617397e+01 6.181576679443824673e+01
1.452394593619401819e+00 5.913146598669131748e+01 5.358303849121735141e+01
1.468181491376134407e+00 5.833342582231433937e+01 5.475525382168550692e+01
1.483968389132867216e+00 5.740263479923753209e+01 6.200667743990273806e+01
1.499755286889599804e+00 5.637563966835745077e+01 3.125385794581186261e+01
1.515542184646332391e+00 5.641583187944957700e+01 7.621116129371652725e+00
1.531329082403064978e+00 5.613501210610429837e+01 4.674624087612699697e+01
1.547115980159797566e+00 5.493987562900355215e+01 8.620135146683180949e+01
1.562902877916530375e+00 5.341330826190620229e+01 1.031282023717313479e+02
1.578689775673262963e+00 5.168372685564724378e+01 1.016644375178203603e+02
1.594476673429995550e+00 5.020337610072707690e+01 9.482178541117734483e+01
1.610263571186728138e+00 4.868984319285304707e+01 1.205837480562113484e+02
1.626050468943460725e+00 4.639608949735304577e+01 1.374445838119243604e+02
1.641837366700193535e+00 4.435019600914201021e+01 1.097671343400412383e+02
1.657624264456926122e+00 4.293032444360151345e+01 8.953145051418965750e+01
1.673411162213658709e+00 4.152334829858305199e+01 8.457172088808364663e+01
1.689198059970391297e+00 4.026007422205930197e+01 8.547587010961635201e+01
1.704984957727123884e+00 3.882455065440650799e+01 8.765296268211587005e+01
1.720771855483856472e+00 3.749253750218477421e+01 7.223954164802364630e+01
1.736558753240589281e+00 3.654367413842535228e+01 5.707744423626368757e+01
1.752345650997321869e+00 3.569038594943776843e+01 5.959493493172197276e+01
1.768132548754054456e+00 3.466203584925289505e+01 5.902201138081770182e+01
1.783919446510787044e+00 3.382683703130641106e+01 5.487672868748585131e+01
1.799706344267519631e+00 3.292936923922630399e+01 5.612461244810162242e+01
1.815493242024252440e+00 3.205476999459756371e+01 5.462055256233809075e+01
1.831280139780985028e+00 3.120479108179056027e+01 6.363432161990416347e+01
1.847067037537717615e+00 3.004559293613262838e+01 7.637408897840141719e+01
1.862853935294450203e+00 2.879337121385931297e+01 7.888394815130428128e+01
1.878640833051182790e+00 2.755492728790855139e+01 8.040077886182936595e+01
1.894427730807915378e+00 2.625481346295257268e+01 8.222470032840732301e+01
1.910214628564648187e+00 2.495878141358345914e+01 8.087428185488049337e+01
1.926001526321380775e+00 2.370130542536822205e+01 7.989452743240656218e+01
1.941788424078113362e+00 2.243620794178771405e+01 7.784561266638050370e+01
1.957575321834845949e+00 2.124342396941950284e+01 7.405667022586511905e+01
1.973362219591578537e+00 2.009795777966811769e+01 7.254119189536376666e+01
1.989149117348311346e+00 1.895302321021224401e+01 7.144077466335808424e+01
2.004936015105043712e+00 1.784230136912369957e+01 7.009354015401527249e+01
2.020722912861776521e+00 1.673990410657449956e+01 6.970622971448185012e+01
2.036509810618509331e+00 1.564141112610401407e+01 6.868207550835332142e+01
2.052296708375241696e+00 1.457135029903337120e+01 6.633387279757600652e+01
2.068083606131974506e+00 1.354699899077713354e+01 6.354853756249449503e+01
2.083870503888706871e+00 1.256488176885540398e+01 6.001038241252945937e+01
2.099657401645439680e+00 1.165224344779907639e+01 5.693599220854339649e+01
2.115444299402172490e+00 1.076719639350660351e+01 5.329684709386338426e+01
2.131231197158904855e+00 9.969459696145008820e+00 4.970326195135398706e+01
2.147018094915637665e+00 9.197875764302354540e+00 4.716696026236673589e+01
2.162804992672370030e+00 8.480219737829299831e+00 4.385922776259261724e+01
2.178591890429102840e+00 7.813073475547756885e+00 4.052099236449387831e+01
2.194378788185835649e+00 7.200818210910083117e+00 3.756248495746677207e+01
2.210165685942568015e+00 6.627083256523086163e+00 3.391326031697375498e+01
2.225952583699300824e+00 6.130047864467037755e+00 3.044285900351217222e+01
2.241739481456033189e+00 5.665886651500938065e+00 2.606806513427949668e+01
2.257526379212765999e+00 5.306980106485603699e+00 2.058278953369603670e+01
2.273313276969498808e+00 5.016009863667326485e+00 1.611085301216090926e+01
2.289100174726231174e+00 4.798299327932139313e+00 1.150891092124252246e+01
2.304887072482963983e+00 4.652629863657328002e+00 6.868736030835838058e+00
2.320673970239696349e+00 4.581427261058557576e+00 3.357454410930100330e+00
2.336460867996429158e+00 4.546622284640839062e+00 -2.575319816157097264e-01
2.352247765753161524e+00 4.589558523184269490e+00 -4.182378031480084246e+00
2.368034663509894333e+00 4.678675833366800596e+00 -6.581337252897589529e+00
2.383821561266627143e+00 4.797356319812409176e+00 -7.993026996272368123e+00
2.399608459023359508e+00 4.931046033280711782e+00 -9.124191767699389999e+00
2.415395356780092317e+00 5.085441684911392812e+00 -9.930132881337641493e+00
2.431182254536824683e+00 5.244578018297604061e+00 -1.132530873745116295e+01
2.446969152293557492e+00 5.443024667114537252e+00 -1.191108040008658797e+01
2.462756050050290302e+00 5.620656035194381950e+00 -1.067162770512327086e+01
2.478542947807022667e+00 5.779968458071929938e+00 -9.994823606538846050e+00
2.494329845563755477e+00 5.936230551940394840e+00 -9.682352968122977188e+00
2.510116743320487842e+00 6.085677090776638209e+00 -8.432129412821154801e+00
2.525903641077220652e+00 6.202464881763885884e+00 -6.723705234889854054e+00
2.541690538833953461e+00 6.297969984955866352e+00 -5.164031426365565558e+00
2.557477436590685826e+00 6.365512954045060567e+00 -3.784055095946403213e+00
2.573264334347418636e+00 6.417446966766964245e+00 -2.329334392231892981e+00
2.589051232104151001e+00 6.439058881827872227e+00 -1.999034226059765718e-01
2.604838129860883811e+00 6.423758676554767177e+00 1.613199490153119031e+00
2.620625027617616620e+00 6.388124051003351234e+00 3.515607000432850793e+00
2.636411925374348986e+00 6.312757620017393378e+00 5.803837474699605536e+00
2.652198823131081795e+00 6.204874873383799283e+00 8.357990802050611734e+00
2.667985720887814161e+00 6.048864127530023893e+00 1.046038445044200493e+01
2.683772618644546970e+00 5.874600833753311768e+00 1.202652137406928290e+01
2.699559516401279780e+00 5.669141200926841151e+00 1.390972297580521300e+01
2.715346414158012145e+00 5.435418084866288524e+00 1.615957834537858417e+01
2.731133311914744954e+00 5.158921978666036523e+00 1.696556856614767383e+01
2.746920209671477320e+00 4.899750692189067891e+00 1.653374291327060419e+01
2.762707107428210129e+00 4.636888960850225061e+00 1.678147830812270769e+01
2.778494005184942495e+00 4.369895727674748542e+00 1.758229632097177486e+01
2.794280902941675304e+00 4.081749132154709692e+00 1.793054026317850358e+01
2.810067800698408114e+00 3.803760515959194954e+00 1.641799013617711722e+01
2.825854698455140479e+00 3.563370868852963724e+00 1.417145314164403835e+01
2.841641596211873289e+00 3.356313952336271278e+00 1.310474939950923634e+01
2.857428493968605654e+00 3.149604191057652436e+00 1.247690356975239467e+01
2.873215391725338463e+00 2.962370750383684470e+00 1.088768644454753876e+01
2.889002289482071273e+00 2.805838605642780870e+00 8.485602742950375088e+00
2.904789187238803638e+00 2.694448064569269441e+00 5.249276338988573265e+00
2.920576084995536448e+00 2.640099027921884112e+00 3.363800443574342491e+00
2.936362982752268813e+00 2.588240117215749425e+00 1.942950298462176928e+00
2.952149880509001623e+00 2.578752712505413047e+00 -8.122969552159666762e-01
2.967936778265734432e+00 2.613887415175948803e+00 -3.800267679404385035e+00
2.983723676022466798e+00 2.698741587111358253e+00 -5.601889140945740309e+00
2.999510573779199607e+00 2.790760317401271173e+00 -5.619192610250096642e+00
3.015297471535931972e+00 2.876160825538169874e+00 -4.722685815301206347e+00
3.031084369292664782e+00 2.939873433607934405e+00 -5.652653664145379508e+00
3.046871267049397591e+00 3.054636556438336203e+00 -8.158802800670830635e+00
3.062658164806129957e+00 3.197477804871002860e+00 -1.127735084384137210e+01
3.078445062562862766e+00 3.410705325915388553e+00 -1.197586742982265307e+01
3.094231960319595132e+00 3.575601394196592064e+00 -1.099168064217254148e+01
3.110018858076327941e+00 3.757754402860658871e+00 -1.358570111146903514e+01
3.125805755833060751e+00 4.004553542997173032e+00 -1.718706591164023578e+01
3.141592653589793116e+00 4.300415307431237011e+00 -1.874096918806533552e+01
