0.000000000000000000e+00 4.428440096330518827e+02 5.643494218591993672e+01
1.578689775673262907e-02 4.419530769708556477e+02 1.128698843718434688e+02
3.157379551346525814e-02 4.392802789842668290e+02 2.257397687436887281e+02
4.736069327019788722e-02 4.348256156732854834e+02 3.386096531155304206e+02
6.314759102693051629e-02 4.285890870379116677e+02 3.950445953014539100e+02
7.893448878366314536e-02 4.223525584025377384e+02 3.950445953014539100e+02
9.472138654039577443e-02 4.161160297671639228e+02 3.950445953014503289e+02
1.105082842971284035e-01 4.098795011317901071e+02 3.950445953014521479e+02
1.262951820538610326e-01 4.036429724964162347e+02 3.950445953014539100e+02
1.420820798105936755e-01 3.974064438610423622e+02 3.950445953014521479e+02
1.578689775673262907e-01 3.911699152256685466e+02 3.950445953014503289e+02
1.736558753240589059e-01 3.849333865902947309e+02 3.950445953014521479e+02
1.894427730807915489e-01 3.786968579549208584e+02 3.950445953014539100e+02
2.052296708375241918e-01 3.724603293195469860e+02 3.950445953014521479e+02
2.210165685942568070e-01 3.662238006841731703e+02 3.950445953014539100e+02
2.368034663509894222e-01 3.599872720487992410e+02 3.950445953014521479e+02
2.525903641077220652e-01 3.537507434134254822e+02 3.950445953014503289e+02
2.683772618644547081e-01 3.475142147780516098e+02 3.950445953014521479e+02
2.841641596211873511e-01 3.412776861426777941e+02 3.950445953014539100e+02
2.999510573779199385e-01 3.350411575073038648e+02 3.950445953014521479e+02
3.157379551346525814e-01 3.288046288719301060e+02 3.950445953014521479e+02
3.315248528913852244e-01 3.225681002365561767e+02 3.950445953014539100e+02
3.473117506481178118e-01 3.163315716011823611e+02 3.950445953014521479e+02
3.630986484048504548e-01 3.100950429658084886e+02 3.950445953014521479e+02
3.788855461615830977e-01 3.038585143304346730e+02 3.950445953014521479e+02
3.946724439183157407e-01 2.976219856950608005e+02 3.950445953014503289e+02
4.104593416750483836e-01 2.913854570596870417e+02 3.950445953014503289e+02
4.262462394317809711e-01 2.851489284243131692e+02 3.950445953014539100e+02
4.420331371885136140e-01 2.789123997889392967e+02 3.950445953014521479e+02
4.578200349452462570e-01 2.726758711535654811e+02 3.950445953014521479e+02
4.736069327019788444e-01 2.664393425181916086e+02 3.950445953014521479e+02
4.893938304587114874e-01 2.602028138828177930e+02 3.950445953014512384e+02
5.051807282154441303e-01 2.539662852474439489e+02 3.950445953014521479e+02
5.209676259721767178e-01 2.477297566120701049e+02 3.950445953014530573e+02
5.367545237289094162e-01 2.414932279766962324e+02 3.950445953014530573e+02
5.525414214856420037e-01 2.352566993413223884e+02 3.950445953014521479e+02
5.683283192423747021e-01 2.290201707059485443e+02 3.950445953014521479e+02
5.841152169991072896e-01 2.227836420705747003e+02 3.950445953014530573e+02
5.999021147558398770e-01 2.165471134352008278e+02 3.950445953014530573e+02
6.156890125125725755e-01 2.103105847998269837e+02 3.950445953014530573e+02
6.314759102693051629e-01 2.040740561644531113e+02 3.950445953014521479e+02
6.472628080260377503e-01 1.978375275290792956e+02 3.950445953014521479e+02
6.630497057827704488e-01 1.916009988937054231e+02 3.950445953014539100e+02
6.788366035395030362e-01 1.853644702583315507e+02 3.950445953014530573e+02
6.946235012962356237e-01 1.791279416229577066e+02 3.950445953014521479e+02
7.104103990529683221e-01 1.728914129875838626e+02 3.950445953014512384e+02
7.261972968097009096e-01 1.666548843522100469e+02 3.950445953014521479e+02
7.419841945664336080e-01 1.604183557168361745e+02 3.950445953014530573e+02
7.577710923231661955e-01 1.541818270814623304e+02 3.950445953014521479e+02
7.735579900798987829e-01 1.479452984460884863e+02 3.950445953014521479e+02
7.893448878366314814e-01 1.417087698107146423e+02 3.950445953014521479e+02
8.051317855933640688e-01 1.354722411753407982e+02 3.950445953014521479e+02
8.209186833500967673e-01 1.292357125399669542e+02 3.950445953014526026e+02
8.367055811068293547e-01 1.229991839045930959e+02 3.950445953014521479e+02
8.524924788635619421e-01 1.167626552692192661e+02 3.950445953014526026e+02
8.682793766202946406e-01 1.105261266338453936e+02 3.950445953014530573e+02
8.840662743770272280e-01 1.042895979984715495e+02 3.950445953014516931e+02
8.998531721337598155e-01 9.805306936309771970e+01 3.950445953014521479e+02
9.156400698904925139e-01 9.181654072772386144e+01 3.950445953014526026e+02
9.314269676472251014e-01 8.558001209235001738e+01 3.965796217911247368e+02
9.472138654039576888e-01 7.929501684448349863e+01 4.008938328613335216e+02
9.630007631606903873e-01 7.292227219097695468e+01 3.993588063716604779e+02
9.787876609174229747e-01 6.668574355560312483e+01 3.827900634329591867e+02
9.945745586741556732e-01 6.083613700355830645e+01 3.609950093415675951e+02
1.010361456430888261e+00 5.528776094927098939e+01 3.335769269244607358e+02
1.026148354187620848e+00 5.030384732483523891e+01 2.982768973796621026e+02
1.041935251944353436e+00 4.587002718501467768e+01 2.582768628840794918e+02
1.057722149701086245e+00 4.214906647027400766e+01 2.130131021188153682e+02
1.073509047457818832e+00 3.914439505702630839e+01 1.756706727273877391e+02
1.089295945214551420e+00 3.660247657186658898e+01 1.501131033930924445e+02
1.105082842971284007e+00 3.440475462660113948e+01 1.285785742920934354e+02
1.120869740728016595e+00 3.254276295975513023e+01 1.149003395038548234e+02
1.136656638484749404e+00 3.077691480267869295e+01 1.064857627103994702e+02
1.152443536241481992e+00 2.918060326284159345e+01 9.974087156011913180e+01
1.168230433998214579e+00 2.762771691970468879e+01 9.457848643956310752e+01
1.184017331754947167e+00 2.619440147202578117e+01 8.380958278515328175e+01
1.199804229511679754e+00 2.498153029077742104e+01 7.469717779254636980e+01
1.215591127268412341e+00 2.383592805497096379e+01 6.450853751941885150e+01
1.231378025025145151e+00 2.294475091826658897e+01 4.868809330394788049e+01
1.247164922781877738e+00 2.229866015305159621e+01 3.529394791586199176e+01
1.262951820538610326e+00 2.183038702390826913e+01 2.189040613288095116e+01
1.278738718295342913e+00 2.160749694610530725e+01 6.886997768238649620e+00
1.294525616052075501e+00 2.161293836467221041e+01 -5.761313282482097620e+00
1.310312513808808310e+00 2.178940347357540830e+01 -1.726404567121682376e+01
1.326099411565540898e+00 2.215802981243033543e+01 -2.674341822691876303e+01
1.341886309322273485e+00 2.263379469200322092e+01 -3.256473406113747870e+01
1.357673207079006072e+00 2.318622206662706731e+01 -3.953007012640540552e+01
1.373460104835738660e+00 2.388190904280728688e+01 -4.628262262037440422e+01
1.389247002592471247e+00 2.464754012906965031e+01 -5.030021785172640136e+01
1.405033900349204057e+00 2.547007783554045091e+01 -5.037008206576895475e+01
1.420820798105936644e+00 2.623791480021070299e+01 -4.877436774069997227e+01
1.436607695862669232e+00 2.701006974888386836e+01 -4.680042353298831159e+01
1.452394593619401819e+00 2.771558180278484329e+01 -4.391417647572095717e+01
1.468181491376134407e+00 2.839660697707050829e+01 -3.926221598072176988e+01
1.483968389132867216e+00 2.895523898156566034e+01 -3.235686605840022878e+01
1.499755286889599804e+00 2.941823604945502169e+01 -2.350940268015592594e+01
1.515542184646332391e+00 2.969752005443261567e+01 -1.893114053727612145e+01
1.531329082403064978e+00 3.001596400961565081e+01 -1.769872180176082921e+01
1.547115980159797566e+00 3.025633587745112152e+01 -1.356558608038872649e+01
1.562902877916530375e+00 3.044428105053815514e+01 -9.582976436570383783e+00
1.578689775673262963e+00 3.055890681586975077e+01 -5.674193572226163162e+00
1.594476673429995550e+00 3.062343687809144299e+01 4.332092012961115124e-01
1.610263571186728138e+00 3.054522875713347574e+01 5.465229880276414320e+00
1.626050468943460725e+00 3.045087882741751528e+01 1.192909546362870721e+01
1.641837366700193535e+00 3.016858193630425689e+01 2.421790385788231958e+01
1.657624264456926122e+00 2.968622768324397754e+01 3.351601184201228989e+01
1.673411162213658709e+00 2.911035423197768068e+01 4.059880213579453567e+01
1.689198059970391297e+00 2.840436940651676423e+01 4.869992220761859869e+01
1.704984957727123884e+00 2.757271284667266542e+01 5.215792358708408472e+01
1.720771855483856472e+00 2.675754579277122502e+01 5.426757670460461469e+01
1.736558753240589281e+00 2.585927947679018857e+01 5.813981336126871469e+01
1.752345650997321869e+00 2.492185121451149143e+01 5.764965223758219537e+01
1.768132548754054456e+00 2.403906114561838336e+01 5.612036001963624443e+01
1.783919446510787044e+00 2.314991844310944558e+01 5.454321272303516821e+01
1.799706344267519631e+00 2.231692490045383437e+01 5.121257086789931634e+01
1.815493242024252440e+00 2.153294320280754448e+01 5.006426935176123294e+01
1.831280139780985028e+00 2.073620589741027942e+01 4.906316689070963122e+01
1.847067037537717615e+00 1.998383280415725949e+01 4.633081036601533498e+01
1.862853935294450203e+00 1.927336636494057487e+01 4.321002891607136576e+01
1.878640833051182790e+00 1.861952818703030132e+01 4.037527776442077965e+01
1.894427730807915378e+00 1.799856560100739244e+01 4.059194711055259575e+01
1.910214628564648187e+00 1.733788634946831664e+01 4.107699283853229133e+01
1.926001526321380775e+00 1.670160902881549703e+01 4.014615936345278158e+01
1.941788424078113362e+00 1.607031972307567003e+01 3.966444021002261167e+01
1.957575321834845949e+00 1.544925210446817410e+01 3.870044350963892299e+01
1.973362219591578537e+00 1.484839983342191694e+01 3.941041214880352328e+01
1.989149117348311346e+00 1.420491581018046467e+01 4.124194529872875847e+01
2.004936015105043712e+00 1.354623508598233528e+01 4.002348057359402134e+01
2.020722912861776521e+00 1.294122261881265779e+01 3.929505427355652358e+01
2.036509810618509331e+00 1.230554107765854255e+01 3.960560141372643272e+01
2.052296708375241696e+00 1.169072345858784878e+01 3.856344589117645683e+01
2.068083606131974506e+00 1.108794672279595517e+01 3.748842659954535605e+01
2.083870503888706871e+00 1.050707154301225188e+01 3.502970312529992469e+01
2.099657401645439680e+00 9.981926039420340402e+00 3.187300348047633136e+01
2.115444299402172490e+00 9.500719848719725746e+00 2.949090725093399001e+01
2.131231197158904855e+00 9.050786164372780718e+00 2.561569555573922941e+01
2.147018094915637665e+00 8.691935115307634518e+00 2.057405715684140901e+01
2.162804992672370030e+00 8.401185090820323609e+00 1.612398601465416448e+01
2.178591890429102840e+00 8.182839678018970275e+00 1.140270401371069831e+01
2.194378788185835649e+00 8.041158445990852499e+00 6.618459587017587964e+00
2.210165685942568015e+00 7.973869788404343240e+00 1.696095624773763078e+00
2.225952583699300824e+00 7.987606269562962602e+00 -2.869445389494964971e+00
2.241739481456033189e+00 8.064469070369312931e+00 -6.695233033888787766e+00
2.257526379212765999e+00 8.199000188289964797e+00 -1.004625119988917525e+01
2.273313276969498808e+00 8.381667351431518753e+00 -1.321497645418779321e+01
2.289100174726231174e+00 8.616247152569748380e+00 -1.487906984324547643e+01
2.304887072482963983e+00 8.851456060092719014e+00 -1.480474873837956729e+01
2.320673970239696349e+00 9.083689261863577613e+00 -1.454330714073286401e+01
2.336460867996429158e+00 9.310643465843737587e+00 -1.418418093792556611e+01
2.352247765753161524e+00 9.531537690323631296e+00 -1.285252819644065880e+01
2.368034663509894333e+00 9.716446562949201393e+00 -1.035980971667923356e+01
2.383821561266627143e+00 9.858636203876471882e+00 -6.876012169732384827e+00
2.399608459023359508e+00 9.933548365144430292e+00 -3.653845006803614570e+00
2.415395356780092317e+00 9.974001958959185288e+00 -1.399059208549802369e+00
2.431182254536824683e+00 9.977721974506412295e+00 9.887650867741050176e-01
2.446969152293557492e+00 9.942782892298525965e+00 3.574028508321026809e+00
2.462756050050290302e+00 9.864876329225388929e+00 5.541867481218990754e+00
2.478542947807022667e+00 9.767805101683794788e+00 6.492428958348090973e+00
2.494329845563755477e+00 9.659885704908806048e+00 7.085848267507402376e+00
2.510116743320487842e+00 9.544077977446074001e+00 7.484729439847247257e+00
2.525903641077220652e+00 9.423564388101455691e+00 8.155971275893710626e+00
2.541690538833953461e+00 9.286563008167309619e+00 9.619762758150667281e+00
2.557477436590685826e+00 9.119831965887557956e+00 1.080483975214640857e+01
2.573264334347418636e+00 8.945413207277278289e+00 1.207418439082291073e+01
2.589051232104151001e+00 8.738604136939841283e+00 1.408183330306184011e+01
2.604838129860883811e+00 8.500796282111698687e+00 1.525345594539118288e+01
2.620625027617616620e+00 8.256994638046409207e+00 1.592367593325935182e+01
2.636411925374348986e+00 7.998025394372279884e+00 1.618128981882165718e+01
2.652198823131081795e+00 7.746089902162816898e+00 1.526155982004557465e+01
2.667985720887814161e+00 7.516160025397643274e+00 1.446731013536274268e+01
2.683772618644546970e+00 7.289302010318990277e+00 1.289730110014656006e+01
2.699559516401279780e+00 7.108943277786025305e+00 1.019659977186584499e+01
2.715346414158012145e+00 6.967356654189451604e+00 7.851582801070815520e+00
2.731133311914744954e+00 6.861039007967974612e+00 5.007623206353922996e+00
2.746920209671477320e+00 6.809246983063549585e+00 1.624458619397201264e+00
2.762707107428210129e+00 6.809748683699041294e+00 -2.042950832838888342e+00
2.778494005184942495e+00 6.873750694903668190e+00 -6.032133687978916470e+00
2.794280902941675304e+00 7.000206039273172642e+00 -8.885467271877331541e+00
2.810067800698408114e+00 7.154298621587511064e+00 -1.238476529984283658e+01
2.825854698455140479e+00 7.391240086332670600e+00 -1.748254939391719276e+01
2.841641596211873289e+00 7.706289061205108482e+00 -2.223202067488775313e+01
2.857428493968605654e+00 8.093189360972708357e+00 -2.609717941770234972e+01
2.873215391725338463e+00 8.530276067617856839e+00 -2.810185620662168304e+01
2.889002289482071273e+00 8.980471622389385900e+00 -3.102398098792999193e+01
2.904789187238803638e+00 9.509820899344392231e+00 -3.574518358242826110e+01
2.920576084995536448e+00 1.010908273941225133e+01 -3.729982859334427303e+01
2.936362982752268813e+00 1.068751806003794869e+01 -3.498547591115038813e+01
2.952149880509001623e+00 1.121370700177217827e+01 -3.106564603914166511e+01
2.967936778265734432e+00 1.166837841557149957e+01 -2.811869931727964200e+01
2.983723676022466798e+00 1.210152106412058082e+01 -2.873986138783570254e+01
2.999510573779199607e+00 1.257580492211635992e+01 -2.485528308195977587e+01
3.015297471535931972e+00 1.288629668957967134e+01 -1.777575300852543805e+01
3.031084369292664782e+00 1.313705291270540698e+01 -1.661557728974367620e+01
3.046871267049397591e+00 1.341091352926421543e+01 -1.794997721352140019e+01
3.062658164806129957e+00 1.370380182271649261e+01 -2.040626077095865654e+01
3.078445062562862766e+00 1.405521663404091193e+01 -2.229177726234902224e+01
3.094231960319595132e+00 1.440763783962961497e+01 -2.105595992473222822e+01
3.110018858076327941e+00 1.472003320704412666e+01 -2.374881785772159404e+01
3.125805755833060751e+00 1.515747815835584866e+01 -2.801092750544631826e+01
3.141592653589793116e+00 1.560444450424358820e+01 -2.831248753081472458e+01
