0.000000000000000000e+00 3.730755196002427283e+02 2.846819200178657994e+01
1.578689775673262907e-02 3.726260951637914900e+02 5.693638400358215534e+01
3.157379551346525814e-02 3.712778218544374909e+02 1.138727680071661155e+02
4.736069327019788722e-02 3.690306996721809583e+02 1.708091520107464873e+02
6.314759102693051629e-02 3.658847286170217785e+02 1.992773440125366449e+02
7.893448878366314536e-02 3.627387575618626556e+02 1.992773440125384639e+02
9.472138654039577443e-02 3.595927865067034190e+02 1.992773440125402544e+02
1.105082842971284035e-01 3.564468154515442393e+02 1.992773440125366449e+02
1.262951820538610326e-01 3.533008443963851164e+02 1.992773440125348543e+02
1.420820798105936755e-01 3.501548733412259935e+02 1.992773440125366449e+02
1.578689775673262907e-01 3.470089022860668138e+02 1.992773440125384639e+02
1.736558753240589059e-01 3.438629312309076340e+02 1.992773440125384639e+02
1.894427730807915489e-01 3.407169601757484543e+02 1.992773440125384639e+02
2.052296708375241918e-01 3.375709891205892745e+02 1.992773440125384639e+02
2.210165685942568070e-01 3.344250180654300948e+02 1.992773440125384639e+02
2.368034663509894222e-01 3.312790470102709151e+02 1.992773440125366449e+02
2.525903641077220652e-01 3.281330759551117922e+02 1.992773440125348543e+02
2.683772618644547081e-01 3.249871048999526693e+02 1.992773440125384639e+02
2.841641596211873511e-01 3.218411338447934327e+02 1.992773440125384639e+02
2.999510573779199385e-01 3.186951627896343098e+02 1.992773440125366449e+02
3.157379551346525814e-01 3.155491917344751300e+02 1.992773440125366449e+02
3.315248528913852244e-01 3.124032206793160071e+02 1.992773440125384639e+02
3.473117506481178118e-01 3.092572496241567706e+02 1.992773440125402544e+02
3.630986484048504548e-01 3.061112785689975908e+02 1.992773440125366449e+02
3.788855461615830977e-01 3.029653075138384679e+02 1.992773440125348543e+02
3.946724439183157407e-01 2.998193364586793450e+02 1.992773440125366449e+02
4.104593416750483836e-01 2.966733654035201653e+02 1.992773440125366449e+02
4.262462394317809711e-01 2.935273943483610424e+02 1.992773440125366449e+02
4.420331371885136140e-01 2.903814232932018626e+02 1.992773440125384639e+02
4.578200349452462570e-01 2.872354522380426829e+02 1.992773440125366449e+02
4.736069327019788444e-01 2.840894811828835600e+02 1.992773440125366449e+02
4.893938304587114874e-01 2.809435101277243803e+02 1.992773440125384639e+02
5.051807282154441303e-01 2.777975390725652005e+02 1.992773440125384639e+02
5.209676259721767178e-01 2.746515680174060208e+02 1.992773440125384639e+02
5.367545237289094162e-01 2.715055969622468410e+02 1.992773440125384639e+02
5.525414214856420037e-01 2.683596259070876613e+02 1.992773440125384639e+02
5.683283192423747021e-01 2.652136548519284815e+02 1.992773440125366449e+02
5.841152169991072896e-01 2.620676837967693587e+02 1.992773440125348543e+02
5.999021147558398770e-01 2.589217127416102358e+02 1.992773440125375544e+02
6.156890125125725755e-01 2.557757416864510276e+02 1.992773440125384639e+02
6.314759102693051629e-01 2.526297706312918763e+02 1.992773440125366449e+02
6.472628080260377503e-01 2.494837995761327250e+02 1.992773440125375544e+02
6.630497057827704488e-01 2.463378285209735452e+02 1.992773440125375544e+02
6.788366035395030362e-01 2.431918574658143939e+02 1.992773440125375544e+02
6.946235012962356237e-01 2.400458864106552141e+02 1.992773440125375544e+02
7.104103990529683221e-01 2.368999153554960628e+02 1.992773440125375544e+02
7.261972968097009096e-01 2.337539443003368831e+02 1.992773440125375544e+02
7.419841945664336080e-01 2.306079732451777318e+02 1.992773440125375544e+02
7.577710923231661955e-01 2.274620021900185520e+02 1.992773440125375544e+02
7.735579900798987829e-01 2.243160311348594007e+02 1.992773440125375544e+02
7.893448878366314814e-01 2.211700600797002210e+02 1.992773440125375544e+02
8.051317855933640688e-01 2.180240890245410696e+02 1.992773440125375544e+02
8.209186833500967673e-01 2.148781179693818899e+02 1.992773440125375544e+02
8.367055811068293547e-01 2.117321469142227386e+02 1.992773440125375544e+02
8.524924788635619421e-01 2.085861758590635588e+02 1.992773440125375544e+02
8.682793766202946406e-01 2.054402048039044075e+02 1.992773440125375544e+02
8.840662743770272280e-01 2.022942337487452278e+02 1.992773440125375544e+02
8.998531721337598155e-01 1.991482626935860765e+02 1.992773440125375544e+02
9.156400698904925139e-01 1.960022916384268967e+02 1.992773440125375544e+02
9.314269676472251014e-01 1.928563205832677454e+02 1.992773440125366449e+02
9.472138654039576888e-01 1.897103495281085941e+02 1.992773440125375544e+02
9.630007631606903873e-01 1.865643784729494143e+02 1.992773440125384639e+02
9.787876609174229747e-01 1.834184074177902346e+02 1.992773440125375544e+02
9.945745586741556732e-01 1.802724363626310833e+02 1.992773440125375544e+02
1.010361456430888261e+00 1.771264653074719035e+02 1.992773440125375544e+02
1.026148354187620848e+00 1.739804942523127522e+02 1.992773440125375544e+02
1.041935251944353436e+00 1.708345231971535725e+02 1.992773440125375544e+02
1.057722149701086245e+00 1.676885521419944212e+02 1.992773440125375544e+02
1.073509047457818832e+00 1.645425810868352414e+02 1.992773440125366449e+02
1.089295945214551420e+00 1.613966100316761185e+02 1.992773440125366449e+02
1.105082842971284007e+00 1.582506389765169388e+02 1.992773440125375544e+02
1.120869740728016595e+00 1.551046679213577875e+02 1.992773440125375544e+02
1.136656638484749404e+00 1.519586968661986077e+02 1.992773440125375544e+02
1.152443536241481992e+00 1.488127258110394564e+02 1.992773440125375544e+02
1.168230433998214579e+00 1.456667547558802767e+02 1.992773440125375544e+02
1.184017331754947167e+00 1.425207837007211253e+02 1.992773440125366449e+02
1.199804229511679754e+00 1.393748126455619740e+02 1.992773440125375544e+02
1.215591127268412341e+00 1.362288415904027943e+02 1.992773440125375544e+02
1.231378025025145151e+00 1.330828705352436430e+02 1.992773440125366449e+02
1.247164922781877738e+00 1.299368994800844916e+02 1.992773440125375544e+02
1.262951820538610326e+00 1.267909284249253119e+02 1.992773440125380091e+02
1.278738718295342913e+00 1.236449573697661464e+02 1.992773440125375544e+02
1.294525616052075501e+00 1.204989863146069808e+02 1.992773440125375544e+02
1.310312513808808310e+00 1.173530152594478153e+02 1.992773440125375544e+02
1.326099411565540898e+00 1.142070442042886498e+02 1.992773440125375544e+02
1.341886309322273485e+00 1.110610731491294842e+02 1.992773440125375544e+02
1.357673207079006072e+00 1.079151020939703187e+02 1.992773440125375544e+02
1.373460104835738660e+00 1.047691310388111532e+02 1.992773440125375544e+02
1.389247002592471247e+00 1.016231599836519877e+02 1.992773440125375544e+02
1.405033900349204057e+00 9.847718892849282213e+01 1.992773440125375544e+02
1.420820798105936644e+00 9.533121787333365660e+01 1.992773440125375544e+02
1.436607695862669232e+00 9.218524681817449107e+01 1.992773440125375544e+02
1.452394593619401819e+00 8.903927576301532554e+01 1.992773440125370996e+02
1.468181491376134407e+00 8.589330470785617422e+01 1.992773440125370996e+02
1.483968389132867216e+00 8.274733365269700869e+01 1.992773440125375544e+02
1.499755286889599804e+00 7.960136259753784316e+01 1.992773440125375544e+02
1.515542184646332391e+00 7.645539154237867763e+01 1.992773440125375544e+02
1.531329082403064978e+00 7.330942048721951210e+01 1.992773440125375544e+02
1.547115980159797566e+00 7.016344943206034657e+01 1.992773440125375544e+02
1.562902877916530375e+00 6.701747837690118104e+01 1.992773440125373270e+02
1.578689775673262963e+00 6.387150732174202261e+01 1.992773440125373270e+02
1.594476673429995550e+00 6.072553626658285708e+01 1.992773440125375544e+02
1.610263571186728138e+00 5.757956521142369155e+01 1.988295139061341956e+02
1.626050468943460725e+00 5.444773385246887898e+01 1.986046713003836999e+02
1.641837366700193535e+00 5.130886193176639409e+01 1.990525014067868312e+02
1.657624264456926122e+00 4.816289087660723567e+01 1.982216526740308780e+02
1.673411162213658709e+00 4.505025200389540885e+01 1.634571495933766414e+02
1.689198059970391297e+00 4.300192826013206115e+01 1.248798934687627025e+02
1.704984957727123884e+00 4.110731978376936979e+01 1.186890257188460822e+02
1.720771855483856472e+00 3.925446523239279628e+01 1.131125079046144890e+02
1.736558753240589281e+00 3.753592858917384945e+01 1.016808767185104045e+02
1.752345650997321869e+00 3.604401402325267867e+01 8.990802664600529681e+01
1.768132548754054456e+00 3.469719094083369271e+01 8.018170187426629525e+01
1.783919446510787044e+00 3.351237336435296044e+01 1.079727397762049179e+02
1.799706344267519631e+00 3.128808173411120208e+01 1.380723375835300999e+02
1.815493242024252440e+00 2.915290561142443693e+01 1.293312498255038463e+02
1.831280139780985028e+00 2.720460329861985471e+01 1.173918765973903078e+02
1.847067037537717615e+00 2.544639850479648757e+01 1.051983550348221996e+02
1.862853935294450203e+00 2.388309194839746041e+01 9.011105061326530574e+01
1.878640833051182790e+00 2.260125061922973089e+01 7.696541605312286549e+01
1.894427730807915378e+00 2.145300164032738266e+01 6.294457625643487120e+01
1.910214628564648187e+00 2.061385143982733581e+01 5.237619816657640825e+01
1.926001526321380775e+00 1.979928626964316507e+01 4.869038532302898403e+01
1.941788424078113362e+00 1.907651117016618869e+01 4.693151350545494438e+01
1.957575321834845949e+00 1.831748025908449762e+01 5.267134912624578647e+01
1.973362219591578537e+00 1.741347676343576723e+01 6.050319892528527532e+01
1.989149117348311346e+00 1.640716462830702937e+01 6.413742002031231948e+01
2.004936015105043712e+00 1.538841497895319321e+01 6.491392966911664075e+01
2.020722912861776521e+00 1.435758548695887526e+01 6.312592444280197412e+01
2.036509810618509331e+00 1.339528994899770531e+01 6.045458016584188243e+01
2.052296708375241696e+00 1.244880493495019103e+01 5.811367695970339753e+01
2.068083606131974506e+00 1.156042059613645279e+01 5.355779673513463734e+01
2.083870503888706871e+00 1.075778201268331280e+01 4.971741115168594405e+01
2.099657401645439680e+00 9.990653222974243519e+00 4.707586727361323398e+01
2.115444299402172490e+00 9.271418205767217202e+00 4.377626038669737341e+01
2.131231197158904855e+00 8.608470529180451081e+00 3.995980251027387453e+01
2.147018094915637665e+00 8.009735572549374183e+00 3.614545938275669101e+01
2.162804992672370030e+00 7.467221185889027169e+00 3.252154711823089173e+01
2.178591890429102840e+00 6.982906894056826630e+00 2.850087222273797494e+01
2.194378788185835649e+00 6.567340474372896253e+00 2.365239609420387978e+01
2.210165685942568015e+00 6.236110976374948933e+00 1.875856888675010481e+01
2.225952583699300824e+00 5.975061256217396810e+00 1.446580047709297290e+01
2.241739481456033189e+00 5.779370750172627247e+00 1.128369774310954732e+01
2.257526379212765999e+00 5.618792091040706538e+00 8.448194186396015937e+00
2.273313276969498808e+00 5.512629194473313454e+00 5.954807354691244115e+00
2.289100174726231174e+00 5.430776221301606199e+00 4.542487112208557498e+00
2.304887072482963983e+00 5.369205635269889143e+00 3.782346981824323606e+00
2.320673970239696349e+00 5.311353171136512508e+00 3.442497306969876991e+00
2.336460867996429158e+00 5.260512929243967406e+00 3.179824652011074448e+00
2.352247765753161524e+00 5.210954037805239025e+00 2.578434132627111186e+00
2.368034663509894333e+00 5.179101977195459838e+00 2.483704853798033518e+00
2.383821561266627143e+00 5.132534048635618795e+00 3.006877636002029952e+00
2.399608459023359508e+00 5.084163437582319922e+00 3.016284020386530429e+00
2.415395356780092317e+00 5.037298513765401609e+00 2.749112405874632348e+00
2.431182254536824683e+00 4.997363524635703769e+00 2.487081125061038289e+00
2.446969152293557492e+00 4.958771922897325268e+00 2.555635700582309155e+00
2.462756050050290302e+00 4.916672405618606412e+00 3.016437285685534153e+00
2.478542947807022667e+00 4.863531548859898024e+00 2.640138187604800013e+00
2.494329845563755477e+00 4.833313222355881678e+00 1.671701396633079817e+00
2.510116743320487842e+00 4.810749590803030884e+00 1.503005931470087653e+00
2.525903641077220652e+00 4.785857620420119751e+00 1.962403629718026510e+00
2.541690538833953461e+00 4.748789059883431918e+00 2.276849735500467542e+00
2.557477436590685826e+00 4.713968832456540525e+00 2.078671611842614730e+00
2.573264334347418636e+00 4.683157507471467973e+00 1.914517020528319735e+00
2.589051232104151001e+00 4.653520263543330593e+00 2.002814672457965628e+00
2.604838129860883811e+00 4.619921046551912269e+00 2.392690404598855736e+00
2.620625027617616620e+00 4.577973945981495874e+00 2.290479394686028680e+00
2.636411925374348986e+00 4.547601918516289921e+00 7.882809425675427750e-01
2.652198823131081795e+00 4.553084924693706625e+00 -6.230107695659342637e-01
2.667985720887814161e+00 4.567272733157251352e+00 -1.601435719205265507e+00
2.683772618644546970e+00 4.603648328619852848e+00 -3.837053238171376002e+00
2.699559516401279780e+00 4.688423067473554084e+00 -6.195555128295803016e+00
2.715346414158012145e+00 4.799265519333065555e+00 -8.609341586733606277e+00
2.731133311914744954e+00 4.960252658238653467e+00 -1.158561384965237018e+01
2.746920209671477320e+00 5.165067321919960541e+00 -1.451753065225119244e+01
2.762707107428210129e+00 5.418626202413296511e+00 -1.791359867487653545e+01
2.778494005184942495e+00 5.730667623390794496e+00 -2.232819926292880197e+01
2.794280902941675304e+00 6.123612200124916249e+00 -2.471496761626928063e+01
2.810067800698408114e+00 6.511012957028796677e+00 -2.756373347039346200e+01
2.825854698455140479e+00 6.993903884306777563e+00 -3.331448252826648115e+01
2.841641596211873289e+00 7.562877616013193638e+00 -3.881837791391463099e+01
2.857428493968605654e+00 8.219547410725134284e+00 -4.328509596592910924e+01
2.873215391725338463e+00 8.929552384822159183e+00 -4.698817632656462706e+01
2.889002289482071273e+00 9.703142481610735004e+00 -4.826015397081069125e+01
2.904789187238803638e+00 1.045330861774488440e+01 -5.098877301429437381e+01
2.920576084995536448e+00 1.131305157424656116e+01 -5.450798058605513319e+01
2.936362982752268813e+00 1.217433245062092340e+01 -5.390390410157952061e+01
2.952149880509001623e+00 1.301500241972727423e+01 -4.829732277198473867e+01
2.967936778265734432e+00 1.369926224367139866e+01 -4.297949864202225712e+01
2.983723676022466798e+00 1.437202832112174278e+01 -4.358931606779107426e+01
2.999510573779199607e+00 1.507554239576763955e+01 -4.296963048352378678e+01
3.015297471535931972e+00 1.572874264729768612e+01 -3.490848840065360292e+01
3.031084369292664782e+00 1.617773587021405035e+01 -3.043422397489498721e+01
3.046871267049397591e+00 1.668966661169202226e+01 -4.205789115194819772e+01
3.062658164806129957e+00 1.750566312517324263e+01 -4.985375619032011940e+01
3.078445062562862766e+00 1.826373891522334247e+01 -6.900754185233549265e+01
3.094231960319595132e+00 1.968449314050577925e+01 -1.095656746797778851e+02
3.110018858076327941e+00 2.172314312285750759e+01 -1.258919354418740681e+02
3.125805755833060751e+00 2.365937936694188082e+01 -1.374947133837018498e+02
3.141592653589793116e+00 2.606437308741702452e+01 -1.523411222099976783e+02
