0.000000000000000000e+00 8.011534720844429103e+01 5.157185198274309990e+00
1.578689775673262907e-02 8.003393125300659960e+01 1.031437039654591992e+01
3.157379551346525814e-02 7.978968338669361060e+01 2.062874079309003861e+01
4.736069327019788722e-02 7.938260360950529559e+01 3.094311118963505791e+01
6.314759102693051629e-02 7.881269192144165459e+01 3.610029638790801698e+01
7.893448878366314536e-02 7.824278023337799937e+01 3.610029638790846462e+01
9.472138654039577443e-02 7.767286854531434415e+01 3.610029638790801698e+01
1.105082842971284035e-01 7.710295685725070314e+01 3.610029638790756934e+01
1.262951820538610326e-01 7.653304516918706213e+01 3.610029638790801698e+01
1.420820798105936755e-01 7.596313348112340691e+01 3.610029638790801698e+01
1.578689775673262907e-01 7.539322179305976590e+01 3.610029638790756934e+01
1.736558753240589059e-01 7.482331010499612489e+01 3.610029638790846462e+01
1.894427730807915489e-01 7.425339841693245546e+01 3.610029638790846462e+01
2.052296708375241918e-01 7.368348672886881445e+01 3.610029638790801698e+01
2.210165685942568070e-01 7.311357504080515923e+01 3.610029638790801698e+01
2.368034663509894222e-01 7.254366335274151822e+01 3.610029638790801698e+01
2.525903641077220652e-01 7.197375166467786300e+01 3.610029638790846462e+01
2.683772618644547081e-01 7.140383997661420779e+01 3.610029638790801698e+01
2.841641596211873511e-01 7.083392828855056678e+01 3.610029638790801698e+01
2.999510573779199385e-01 7.026401660048691156e+01 3.610029638790801698e+01
3.157379551346525814e-01 6.969410491242327055e+01 3.610029638790801698e+01
3.315248528913852244e-01 6.912419322435961533e+01 3.610029638790846462e+01
3.473117506481178118e-01 6.855428153629596011e+01 3.610029638790801698e+01
3.630986484048504548e-01 6.798436984823231910e+01 3.610029638790801698e+01
3.788855461615830977e-01 6.741445816016866388e+01 3.610029638790846462e+01
3.946724439183157407e-01 6.684454647210500866e+01 3.610029638790801698e+01
4.104593416750483836e-01 6.627463478404136765e+01 3.610029638790801698e+01
4.262462394317809711e-01 6.570472309597771243e+01 3.610029638790846462e+01
4.420331371885136140e-01 6.513481140791405721e+01 3.610029638790801698e+01
4.578200349452462570e-01 6.456489971985041620e+01 3.610029638790778961e+01
4.736069327019788444e-01 6.399498803178676809e+01 3.610029638790801698e+01
4.893938304587114874e-01 6.342507634372311998e+01 3.610029638790801698e+01
5.051807282154441303e-01 6.285516465565947186e+01 3.610029638790801698e+01
5.209676259721767178e-01 6.228525296759582375e+01 3.610029638790824436e+01
5.367545237289094162e-01 6.171534127953216853e+01 3.610029638790824436e+01
5.525414214856420037e-01 6.114542959146852041e+01 3.610029638790801698e+01
5.683283192423747021e-01 6.057551790340487230e+01 3.610029638790801698e+01
5.841152169991072896e-01 6.000560621534122419e+01 3.610029638790801698e+01
5.999021147558398770e-01 5.943569452727757607e+01 3.610029638790778961e+01
6.156890125125725755e-01 5.886578283921393506e+01 3.610029638790801698e+01
6.314759102693051629e-01 5.829587115115027984e+01 3.610029638790846462e+01
6.472628080260377503e-01 5.772595946308662462e+01 3.610029638790801698e+01
6.630497057827704488e-01 5.715604777502298361e+01 3.610029638790778961e+01
6.788366035395030362e-01 5.658613608695933550e+01 3.610029638790801698e+01
6.946235012962356237e-01 5.601622439889568739e+01 3.610029638790824436e+01
7.104103990529683221e-01 5.544631271083203217e+01 3.610029638790824436e+01
7.261972968097009096e-01 5.487640102276838405e+01 3.610029638790824436e+01
7.419841945664336080e-01 5.430648933470472883e+01 3.610029638790824436e+01
7.577710923231661955e-01 5.373657764664108072e+01 3.610029638790778961e+01
7.735579900798987829e-01 5.316666595857743971e+01 3.610029638790801698e+01
7.893448878366314814e-01 5.259675427051378449e+01 3.610029638790846462e+01
8.051317855933640688e-01 5.202684258245012927e+01 3.610029638790801698e+01
8.209186833500967673e-01 5.145693089438648826e+01 3.610029638790801698e+01
8.367055811068293547e-01 5.088701920632283304e+01 3.610029638790824436e+01
8.524924788635619421e-01 5.031710751825918493e+01 3.610029638790801698e+01
8.682793766202946406e-01 4.974719583019553681e+01 3.610029638790778961e+01
8.840662743770272280e-01 4.917728414213189581e+01 3.610029638790801698e+01
8.998531721337598155e-01 4.860737245406824059e+01 3.610029638790846462e+01
9.156400698904925139e-01 4.803746076600458537e+01 3.610029638790824436e+01
9.314269676472251014e-01 4.746754907794093725e+01 3.610029638790801698e+01
9.472138654039576888e-01 4.689763738987728914e+01 3.610029638790801698e+01
9.630007631606903873e-01 4.632772570181364102e+01 3.610029638790801698e+01
9.787876609174229747e-01 4.575781401374999291e+01 3.610029638790778961e+01
9.945745586741556732e-01 4.518790232568635190e+01 3.610029638790801698e+01
1.010361456430888261e+00 4.461799063762269668e+01 3.610029638790846462e+01
1.026148354187620848e+00 4.404807894955904146e+01 3.610029638790824436e+01
1.041935251944353436e+00 4.347816726149539335e+01 3.610029638790801698e+01
1.057722149701086245e+00 4.290825557343174523e+01 3.610029638790778961e+01
1.073509047457818832e+00 4.233834388536810422e+01 3.610029638790801698e+01
1.089295945214551420e+00 4.176843219730444901e+01 3.610029638790846462e+01
1.105082842971284007e+00 4.119852050924079379e+01 3.610029638790824436e+01
1.120869740728016595e+00 4.062860882117714567e+01 3.610029638790801698e+01
1.136656638484749404e+00 4.005869713311349756e+01 3.610029638790801698e+01
1.152443536241481992e+00 3.948878544504984944e+01 3.610029638790801698e+01
1.168230433998214579e+00 3.891887375698620133e+01 3.610029638790801698e+01
1.184017331754947167e+00 3.834896206892255321e+01 3.610029638790824436e+01
1.199804229511679754e+00 3.777905038085889800e+01 3.610029638790824436e+01
1.215591127268412341e+00 3.720913869279524988e+01 3.610029638790801698e+01
1.231378025025145151e+00 3.663922700473160177e+01 3.610029638790801698e+01
1.247164922781877738e+00 3.606931531666795365e+01 3.610029638790801698e+01
1.262951820538610326e+00 3.549940362860430554e+01 3.610029638790801698e+01
1.278738718295342913e+00 3.492949194054065742e+01 3.610029638790801698e+01
1.294525616052075501e+00 3.435958025247700931e+01 3.610029638790824436e+01
1.310312513808808310e+00 3.378966856441335409e+01 4.054647134080588700e+01
1.326099411565540898e+00 3.307937425756982464e+01 2.089546089296690923e+01
1.341886309322273485e+00 3.312991955501920671e+01 9.777303452515087034e-01
1.357673207079006072e+00 3.304850359958154371e+01 4.481689339935521765e+00
1.373460104835738660e+00 3.298841561224520547e+01 4.387500226056379127e+00
1.389247002592471247e+00 3.290997356462875700e+01 -2.106219700265923755e+00
1.405033900349204057e+00 3.305491696236783383e+01 -9.442450280563388532e+00
1.420820798105936644e+00 3.320810755893332811e+01 -1.665639999619017786e+01
1.436607695862669232e+00 3.358082272983802596e+01 2.884326151743265565e-01
1.452394593619401819e+00 3.319900064652239990e+01 1.975614892609925732e+01
1.468181491376134407e+00 3.295704612351180174e+01 1.349519312624412315e+01
1.483968389132867216e+00 3.277290617833964603e+01 1.028945939647342556e+01
1.499755286889599804e+00 3.263216883658344614e+01 1.628814253564193848e+01
1.515542184646332391e+00 3.225862769662511198e+01 2.097998621557178467e+01
1.531329082403064978e+00 3.196975104193766271e+01 2.011880651082958238e+01
1.547115980159797566e+00 3.162340061387720525e+01 2.220804122171237438e+01
1.562902877916530375e+00 3.126855888964870900e+01 2.245333265166658165e+01
1.578689775673262963e+00 3.091446368013767199e+01 2.400701841104752532e+01
1.594476673429995550e+00 3.051056619945029880e+01 2.491205594904026555e+01
1.610263571186728138e+00 3.012789551978266900e+01 2.529645631986900156e+01
1.626050468943460725e+00 2.971186106039144903e+01 2.991715287012437230e+01
1.641837366700193535e+00 2.918329745271628184e+01 3.517684940703624363e+01
1.657624264456926122e+00 2.860119441040572497e+01 3.758385798286429491e+01
1.673411162213658709e+00 2.799663240615820570e+01 3.983106161546137258e+01
1.689198059970391297e+00 2.734357661587491251e+01 4.311198515457483893e+01
1.704984957727123884e+00 2.663542340270810982e+01 4.733559285189140553e+01
1.720771855483856472e+00 2.584901228666064554e+01 4.966222328685136489e+01
1.736558753240589281e+00 2.506739851990501222e+01 5.107471645173527719e+01
1.752345650997321869e+00 2.423638963350533615e+01 5.244215498478465776e+01
1.768132548754054456e+00 2.341160064212996872e+01 5.218222760996149390e+01
1.783919446510787044e+00 2.258879864951131111e+01 5.188122323491250398e+01
1.799706344267519631e+00 2.177351350872239877e+01 5.199203889585520955e+01
1.815493242024252440e+00 2.094721264508544678e+01 5.216586483248773476e+01
1.831280139780985028e+00 2.012643915971836250e+01 5.097530487714113434e+01
1.847067037537717615e+00 1.933772879265804434e+01 4.834865357084251514e+01
1.862853935294450203e+00 1.859988865852120909e+01 4.592921789034152624e+01
1.878640833051182790e+00 1.788756905889501070e+01 4.497465380634307763e+01
1.894427730807915378e+00 1.717986813595084072e+01 4.414402335533524280e+01
1.910214628564648187e+00 1.649377469233202120e+01 4.274199466994113550e+01
1.926001526321380775e+00 1.583034113640449725e+01 4.119956581435621246e+01
1.941788424078113362e+00 1.519294802606598438e+01 4.059436211016944185e+01
1.957575321834845949e+00 1.454862304813844531e+01 4.063499251210824070e+01
1.973362219591578537e+00 1.390994708179748685e+01 4.070646578586548969e+01
1.989149117348311346e+00 1.326336542133965857e+01 4.068081851818407557e+01
2.004936015105043712e+00 1.262549923658395201e+01 3.997678844359328565e+01
2.020722912861776521e+00 1.200114647773658305e+01 3.940815738524410961e+01
2.036509810618509331e+00 1.138123413373979886e+01 3.943701301802995118e+01
2.052296708375241696e+00 1.075597029304343799e+01 3.925734620297831157e+01
2.068083606131974506e+00 1.014173071232564993e+01 3.764174129876820274e+01
2.083870503888706871e+00 9.567477650505370690e+00 3.508742293019391667e+01
2.099657401645439680e+00 9.033887595633235179e+00 3.225757251348736077e+01
2.115444299402172490e+00 8.548983652203743233e+00 2.924787086495588539e+01
2.131231197158904855e+00 8.110421301738879762e+00 2.517077227410588591e+01
2.147018094915637665e+00 7.754246835505123059e+00 1.982277939496208319e+01
2.162804992672370030e+00 7.484540918613814320e+00 1.385469065106418896e+01
2.178591890429102840e+00 7.316801665986103487e+00 8.537984648032866275e+00
2.194378788185835649e+00 7.214964337239718972e+00 4.119187436417413473e+00
2.210165685942568015e+00 7.186743284187024905e+00 -7.684379037601756224e-01
2.225952583699300824e+00 7.239226838477838655e+00 -5.685094540818027120e+00
2.241739481456033189e+00 7.366243296693530951e+00 -9.288665550158341944e+00
2.257526379212765999e+00 7.532505265151507423e+00 -1.139018966269645183e+01
2.273313276969498808e+00 7.725874815963094555e+00 -1.246224113761184071e+01
2.289100174726231174e+00 7.925985518469958357e+00 -1.324585161914637865e+01
2.304887072482963983e+00 8.144096626387725024e+00 -1.334047962494395101e+01
2.320673970239696349e+00 8.347195094199488352e+00 -1.222377126037274309e+01
2.336460867996429158e+00 8.530047480566107510e+00 -1.033409900945242654e+01
2.352247765753161524e+00 8.673481823139843172e+00 -8.674675629360825369e+00
2.368034663509894333e+00 8.803939915033186736e+00 -7.937427036851917528e+00
2.383821561266627143e+00 8.924096521304456076e+00 -6.898801526229374481e+00
2.399608459023359508e+00 9.021761263710335044e+00 -5.151924182630096993e+00
2.415395356780092317e+00 9.086762321947695398e+00 -3.230598447925523864e+00
2.431182254536824683e+00 9.123763518491253777e+00 -9.344914595035469507e-01
2.446969152293557492e+00 9.116267764199140089e+00 6.912226966629163583e-01
2.462756050050290302e+00 9.101938994412552830e+00 1.745975064618288997e+00
2.478542947807022667e+00 9.061140704537272939e+00 3.650978859021138057e+00
2.494329845563755477e+00 8.986663734493834710e+00 5.523554704998524301e+00
2.510116743320487842e+00 8.886741117774210608e+00 7.139649051486378184e+00
2.525903641077220652e+00 8.761237915304297630e+00 8.072819587641154371e+00
2.541690538833953461e+00 8.631851562896931895e+00 8.056602867777945320e+00
2.557477436590685826e+00 8.506860383823878990e+00 9.240015444887676566e+00
2.573264334347418636e+00 8.340109204698787693e+00 1.194169382050858985e+01
2.589051232104151001e+00 8.129815785050729104e+00 1.439597695359028684e+01
2.604838129860883811e+00 7.885573572149569443e+00 1.625899541523475023e+01
2.620625027617616620e+00 7.616457588555737956e+00 1.715500445986338818e+01
2.636411925374348986e+00 7.343924969301258265e+00 1.773276212046264178e+01
2.652198823131081795e+00 7.056566983475327959e+00 1.874763716314464190e+01
2.667985720887814161e+00 6.751990907151487420e+00 1.838856479642381814e+01
2.683772618644546970e+00 6.475970198806936473e+00 1.597982659829391139e+01
2.699559516401279780e+00 6.247447129796322329e+00 1.248314580130185725e+01
2.715346414158012145e+00 6.081829905911859235e+00 8.252506381963184978e+00
2.731133311914744954e+00 5.986884180818649703e+00 4.460168329257211184e+00
2.746920209671477320e+00 5.941005463128258057e+00 1.893314885899024733e-02
2.762707107428210129e+00 5.986286389448149947e+00 -5.891867649199318713e+00
2.778494005184942495e+00 6.127034087476478597e+00 -1.111321747400204885e+01
2.794280902941675304e+00 6.337172845468959537e+00 -1.485639339541094373e+01
2.810067800698408114e+00 6.596106814610779523e+00 -1.804082297115560607e+01
2.825854698455140479e+00 6.906790100854853343e+00 -2.091178930922129453e+01
2.841641596211873289e+00 7.256371374080801573e+00 -2.380046555032789612e+01
2.857428493968605654e+00 7.658261133266180742e+00 -2.544264934063946626e+01
2.873215391725338463e+00 8.059692381682953766e+00 -2.479527382285097659e+01
2.889002289482071273e+00 8.441142038649255497e+00 -2.448696491214912285e+01
2.904789187238803638e+00 8.832838804564548951e+00 -2.634261253108760314e+01
2.920576084995536448e+00 9.272878299996262896e+00 -2.683941332828074522e+01
2.936362982752268813e+00 9.680260952693059195e+00 -2.576602892613259144e+01
2.952149880509001623e+00 1.008640962850400413e+01 -2.560345283629746760e+01
2.967936778265734432e+00 1.048865913698496755e+01 -2.552678091188376897e+01
2.983723676022466798e+00 1.089238698913285042e+01 -2.745693651681165193e+01
2.999510573779199607e+00 1.135557883599297568e+01 -2.830819646951652757e+01
3.015297471535931972e+00 1.178618419581636445e+01 -2.740886243427783953e+01
3.031084369292664782e+00 1.222098065374956377e+01 -2.991424775905263544e+01
3.046871267049397591e+00 1.273069053749982871e+01 -3.242114613075757745e+01
3.062658164806129957e+00 1.324463929199427881e+01 -3.277776707299310033e+01
3.078445062562862766e+00 1.376560905245050748e+01 -3.462320122853952853e+01
3.094231960319595132e+00 1.433782516760574488e+01 -3.657883390380738575e+01
3.110018858076327941e+00 1.492054167425033206e+01 -3.827216995462662652e+01
3.125805755833060751e+00 1.554622283560971496e+01 -3.864611307524974393e+01
3.141592653589793116e+00 1.614074614587852352e+01 -3.765928679782970789e+01
