0.000000000000000000e+00 2.257085507002320810e+02 1.820298315378768095e+01
1.578689775673262907e-02 2.254211820663157084e+02 3.640596630757626428e+01
3.157379551346525814e-02 2.245590761645665623e+02 7.281193261515161907e+01
4.736069327019788722e-02 2.231222329949846994e+02 1.092178989227269881e+02
6.314759102693051629e-02 2.211106525575700630e+02 1.274208820765155679e+02
7.893448878366314536e-02 2.190990721201554265e+02 1.274208820765164631e+02
9.472138654039577443e-02 2.170874916827407617e+02 1.274208820765164631e+02
1.105082842971284035e-01 2.150759112453261253e+02 1.274208820765164631e+02
1.262951820538610326e-01 2.130643308079114604e+02 1.274208820765155679e+02
1.420820798105936755e-01 2.110527503704968524e+02 1.274208820765155679e+02
1.578689775673262907e-01 2.090411699330821875e+02 1.274208820765164631e+02
1.736558753240589059e-01 2.070295894956675511e+02 1.274208820765155679e+02
1.894427730807915489e-01 2.050180090582529147e+02 1.274208820765164631e+02
2.052296708375241918e-01 2.030064286208382498e+02 1.274208820765164631e+02
2.210165685942568070e-01 2.009948481834236134e+02 1.274208820765155679e+02
2.368034663509894222e-01 1.989832677460089769e+02 1.274208820765146584e+02
2.525903641077220652e-01 1.969716873085943689e+02 1.274208820765146584e+02
2.683772618644547081e-01 1.949601068711797325e+02 1.274208820765164631e+02
2.841641596211873511e-01 1.929485264337650676e+02 1.274208820765164631e+02
2.999510573779199385e-01 1.909369459963504312e+02 1.274208820765164631e+02
3.157379551346525814e-01 1.889253655589357663e+02 1.274208820765164631e+02
3.315248528913852244e-01 1.869137851215211299e+02 1.274208820765155679e+02
3.473117506481178118e-01 1.849022046841064935e+02 1.274208820765155679e+02
3.630986484048504548e-01 1.828906242466918570e+02 1.274208820765155679e+02
3.788855461615830977e-01 1.808790438092772206e+02 1.274208820765164631e+02
3.946724439183157407e-01 1.788674633718625557e+02 1.274208820765164631e+02
4.104593416750483836e-01 1.768558829344479193e+02 1.274208820765146584e+02
4.262462394317809711e-01 1.748443024970333113e+02 1.274208820765146584e+02
4.420331371885136140e-01 1.728327220596186748e+02 1.274208820765155679e+02
4.578200349452462570e-01 1.708211416222040384e+02 1.274208820765173584e+02
4.736069327019788444e-01 1.688095611847893451e+02 1.274208820765173584e+02
4.893938304587114874e-01 1.667979807473747087e+02 1.274208820765155679e+02
5.051807282154441303e-01 1.647864003099600723e+02 1.274208820765155679e+02
5.209676259721767178e-01 1.627748198725454358e+02 1.274208820765155679e+02
5.367545237289094162e-01 1.607632394351307994e+02 1.274208820765155679e+02
5.525414214856420037e-01 1.587516589977161630e+02 1.274208820765155679e+02
5.683283192423747021e-01 1.567400785603015265e+02 1.274208820765164631e+02
5.841152169991072896e-01 1.547284981228868617e+02 1.274208820765164631e+02
5.999021147558398770e-01 1.527169176854722252e+02 1.274208820765155679e+02
6.156890125125725755e-01 1.507053372480575888e+02 1.274208820765155679e+02
6.314759102693051629e-01 1.486937568106429524e+02 1.274208820765164631e+02
6.472628080260377503e-01 1.466821763732282875e+02 1.274208820765164631e+02
6.630497057827704488e-01 1.446705959358136511e+02 1.274208820765155679e+02
6.788366035395030362e-01 1.426590154983990146e+02 1.274208820765155679e+02
6.946235012962356237e-01 1.406474350609843782e+02 1.274208820765155679e+02
7.104103990529683221e-01 1.386358546235697418e+02 1.274208820765155679e+02
7.261972968097009096e-01 1.366242741861551053e+02 1.274208820765155679e+02
7.419841945664336080e-01 1.346126937487404689e+02 1.274208820765155679e+02
7.577710923231661955e-01 1.326011133113258325e+02 1.274208820765155679e+02
7.735579900798987829e-01 1.305895328739111960e+02 1.274208820765164631e+02
7.893448878366314814e-01 1.285779524364965312e+02 1.274208820765164631e+02
8.051317855933640688e-01 1.265663719990818947e+02 1.274208820765160084e+02
8.209186833500967673e-01 1.245547915616672441e+02 1.274208820765164631e+02
8.367055811068293547e-01 1.225432111242525934e+02 1.274208820765160084e+02
8.524924788635619421e-01 1.205316306868379570e+02 1.274208820765160084e+02
8.682793766202946406e-01 1.185200502494233064e+02 1.274208820765160084e+02
8.840662743770272280e-01 1.165084698120086699e+02 1.274208820765155679e+02
8.998531721337598155e-01 1.144968893745940335e+02 1.274208820765160084e+02
9.156400698904925139e-01 1.124853089371793828e+02 1.274208820765160084e+02
9.314269676472251014e-01 1.104737284997647464e+02 1.274208820765155679e+02
9.472138654039576888e-01 1.084621480623501100e+02 1.274208820765155679e+02
9.630007631606903873e-01 1.064505676249354735e+02 1.274208820765160084e+02
9.787876609174229747e-01 1.044389871875208229e+02 1.274208820765160084e+02
9.945745586741556732e-01 1.024274067501061865e+02 1.274208820765155679e+02
1.010361456430888261e+00 1.004158263126915500e+02 1.274208820765160084e+02
1.026148354187620848e+00 9.840424587527689937e+01 1.274208820765160084e+02
1.041935251944353436e+00 9.639266543786226293e+01 1.274208820765155679e+02
1.057722149701086245e+00 9.438108500044762650e+01 1.274208820765160084e+02
1.073509047457818832e+00 9.236950456303297585e+01 1.274208820765164631e+02
1.089295945214551420e+00 9.035792412561832521e+01 1.274208820765155679e+02
1.105082842971284007e+00 8.834634368820370298e+01 1.274208820765155679e+02
1.120869740728016595e+00 8.633476325078905234e+01 1.274208820765160084e+02
1.136656638484749404e+00 8.432318281337441590e+01 1.274208820765160084e+02
1.152443536241481992e+00 8.231160237595976525e+01 1.274208820765160084e+02
1.168230433998214579e+00 8.030002193854512882e+01 1.274208820765160084e+02
1.184017331754947167e+00 7.828844150113047817e+01 1.274208820765160084e+02
1.199804229511679754e+00 7.627686106371584174e+01 1.274208820765155679e+02
1.215591127268412341e+00 7.426528062630120530e+01 1.274208820765155679e+02
1.231378025025145151e+00 7.225370018888656887e+01 1.274208820765160084e+02
1.247164922781877738e+00 7.024211975147191822e+01 1.274208820765160084e+02
1.262951820538610326e+00 6.823053931405728179e+01 1.274208820765160084e+02
1.278738718295342913e+00 6.621895887664263114e+01 1.274208820765160084e+02
1.294525616052075501e+00 6.420737843922799470e+01 1.274208820765155679e+02
1.310312513808808310e+00 6.219579800181335827e+01 1.274208820765157952e+02
1.326099411565540898e+00 6.018421756439871473e+01 1.274208820765160084e+02
1.341886309322273485e+00 5.817263712698407119e+01 1.274208820765157952e+02
1.357673207079006072e+00 5.616105668956943475e+01 1.274208820765157952e+02
1.373460104835738660e+00 5.414947625215479121e+01 1.274208820765160084e+02
1.389247002592471247e+00 5.213789581474014767e+01 1.274208820765157952e+02
1.405033900349204057e+00 5.012631537732551124e+01 1.274208820765157952e+02
1.420820798105936644e+00 4.811473493991086769e+01 1.296342539912390066e+02
1.436607695862669232e+00 4.603326995026551316e+01 1.259210726447852977e+02
1.452394593619401819e+00 4.413892874138821298e+01 1.237077007300622995e+02
1.468181491376134407e+00 4.212734830397356944e+01 1.183048345110653230e+02
1.483968389132867216e+00 4.040359608828148907e+01 1.009333835608070160e+02
1.499755286889599804e+00 3.894049829094249304e+01 8.563140107847668503e+01
1.515542184646332391e+00 3.769988774109813789e+01 7.911630387622629712e+01
1.531329082403064978e+00 3.644249629057334516e+01 7.451954618633062921e+01
1.547115980159797566e+00 3.534702282805470475e+01 6.712165860961104613e+01
1.562902877916530375e+00 3.432321076710886132e+01 5.161402938271610452e+01
1.578689775673262963e+00 3.371737201869883904e+01 4.423989294119676430e+01
1.594476673429995550e+00 3.292638943384591954e+01 5.043338261312651127e+01
1.610263571186728138e+00 3.212499870901962851e+01 5.151422409243514267e+01
1.626050468943460725e+00 3.129988985631654685e+01 4.701384695441400652e+01
1.641837366700193535e+00 3.064059311897960924e+01 3.984744105735475728e+01
1.657624264456926122e+00 3.004175490063676790e+01 4.161592716065050723e+01
1.673411162213658709e+00 2.932662034470596524e+01 4.874136952070320206e+01
1.689198059970391297e+00 2.850280486634383692e+01 4.928691530418029743e+01
1.704984957727123884e+00 2.777044535940229508e+01 4.920152965773165477e+01
1.720771855483856472e+00 2.694932582998092130e+01 5.289715428301261113e+01
1.736558753240589281e+00 2.610028142682623198e+01 5.311435431322131251e+01
1.752345650997321869e+00 2.527230406806553020e+01 5.309891978814621893e+01
1.768132548754054456e+00 2.442374699144940919e+01 5.337592211626309791e+01
1.783919446510787044e+00 2.358702361782399137e+01 5.499603324616286670e+01
1.799706344267519631e+00 2.268731348368332590e+01 5.817727875780592939e+01
1.815493242024252440e+00 2.175014611479516091e+01 5.897171936676396342e+01
1.831280139780985028e+00 2.082535247531966149e+01 5.827910563295235136e+01
1.847067037537717615e+00 1.991005355083268213e+01 5.761762674539777151e+01
1.862853935294450203e+00 1.900614531048930544e+01 5.556617332008315202e+01
1.878640833051182790e+00 1.815561855695860771e+01 5.283304936512274708e+01
1.894427730807915378e+00 1.733800541348210444e+01 4.972495992866331704e+01
1.910214628564648187e+00 1.658561284025573812e+01 4.625228051510222826e+01
1.926001526321380775e+00 1.587764536646683311e+01 4.479141790193404660e+01
1.941788424078113362e+00 1.517137777066190552e+01 4.477588937359377042e+01
1.957575321834845949e+00 1.446390059145144136e+01 4.415845953606268637e+01
1.973362219591578537e+00 1.377712759908063234e+01 4.271013298339205733e+01
1.989149117348311346e+00 1.311537958628091260e+01 4.161788774102692656e+01
2.004936015105043712e+00 1.246309292184309570e+01 4.104456499415687176e+01
2.020722912861776521e+00 1.181944688421626921e+01 4.112002878440812736e+01
2.036509810618509331e+00 1.116477754149638812e+01 4.018958853000221154e+01
2.052296708375241696e+00 1.055050903419967057e+01 3.803095253942237974e+01
2.068083606131974506e+00 9.963996022834363586e+00 3.675992461682056955e+01
2.083870503888706871e+00 9.389858691257780166e+00 3.593553970062187375e+01
2.099657401645439680e+00 8.829374640660915929e+00 3.363043050414753310e+01
2.115444299402172490e+00 8.328018355490021563e+00 3.026598988842096460e+01
2.131231197158904855e+00 7.873762464911305159e+00 2.596134381376871403e+01
2.147018094915637665e+00 7.508320194659321878e+00 2.126650199495247762e+01
2.162804992672370030e+00 7.202298279635974687e+00 1.634164307954733175e+01
2.178591890429102840e+00 6.992352497711659787e+00 1.038931685663365201e+01
2.194378788185835649e+00 6.874268113680026104e+00 4.682182743760228583e+00
2.210165685942568015e+00 6.844518217203498622e+00 4.941689640140304873e-01
2.225952583699300824e+00 6.858665323861146135e+00 -3.257245402655144950e+00
2.241739481456033189e+00 6.947361817484106972e+00 -6.746750270398890414e+00
2.257526379212765999e+00 7.071685837279137132e+00 -9.288490112104883067e+00
2.273313276969498808e+00 7.240634704912550568e+00 -1.110526932250532361e+01
2.289100174726231174e+00 7.422321339989879085e+00 -1.161140316975373032e+01
2.304887072482963983e+00 7.607250774218757172e+00 -1.144525904927711402e+01
2.320673970239696349e+00 7.783691608810392459e+00 -1.098405639489246610e+01
2.336460867996429158e+00 7.954059124739462305e+00 -9.749153744913533259e+00
2.352247765753161524e+00 8.091509395581626407e+00 -8.301360263072380619e+00
2.368034663509894333e+00 8.216164576169315836e+00 -6.936319847273362704e+00
2.383821561266627143e+00 8.310515340055426137e+00 -5.013907855045115269e+00
2.399608459023359508e+00 8.374472677507867502e+00 -3.249481165363423241e+00
2.415395356780092317e+00 8.413113793895467651e+00 -1.858752559534791571e+00
2.431182254536824683e+00 8.433160550732749172e+00 -9.868085415121132797e-01
2.446969152293557492e+00 8.444271084996112009e+00 -2.505977486129596921e-01
2.462756050050290302e+00 8.441072872803589533e+00 1.704656981678031258e+00
2.478542947807022667e+00 8.390448594036008956e+00 3.740541556751834751e+00
2.494329845563755477e+00 8.322969778581088107e+00 5.156105177182072730e+00
2.510116743320487842e+00 8.227650783525742639e+00 7.072595516806913452e+00
2.525903641077220652e+00 8.099661093983975491e+00 8.750108464439199096e+00
2.541690538833953461e+00 7.951376648148897885e+00 1.011575852007031884e+01
2.557477436590685826e+00 7.780268203007681294e+00 1.125874758298911971e+01
2.573264334347418636e+00 7.595895254225878190e+00 1.113390653633460836e+01
2.589051232104151001e+00 7.428728514763418111e+00 1.107680047049300320e+01
2.604838129860883811e+00 7.246158621227076324e+00 1.185222196201619482e+01
2.620625027617616620e+00 7.054508882154516769e+00 1.189163078811267660e+01
2.636411925374348986e+00 6.870694702401578979e+00 1.231507328752136665e+01
2.652198823131081795e+00 6.665675276440978791e+00 1.331850547527931994e+01
2.667985720887814161e+00 6.450178933980142304e+00 1.397351849477216845e+01
2.683772618644546970e+00 6.224478260883417491e+00 1.417044052427489476e+01
2.699559516401279780e+00 6.002764342530965358e+00 1.356119046014358887e+01
2.715346414158012145e+00 5.796300006375687985e+00 1.113630012822036974e+01
2.731133311914744954e+00 5.651149079505958461e+00 7.452402473590527876e+00
2.746920209671477320e+00 5.560999374590497979e+00 2.599302490604224136e+00
2.762707107428210129e+00 5.569079234189979744e+00 -3.874214839858679760e+00
2.778494005184942495e+00 5.683323041719428481e+00 -1.012606895571294707e+01
2.794280902941675304e+00 5.888797664752909000e+00 -1.499120528792689377e+01
2.810067800698408114e+00 6.156652291980811320e+00 -2.015797889220157657e+01
2.825854698455140479e+00 6.525261568260030565e+00 -2.499385185303125922e+01
2.841641596211873289e+00 6.945803059482265063e+00 -2.824395325891411090e+01
2.857428493968605654e+00 7.417030372948855366e+00 -3.015661271436174928e+01
2.873215391725338463e+00 7.897961782704289391e+00 -2.985966868189010626e+01
2.889002289482071273e+00 8.359813446010676330e+00 -3.067189455505604201e+01
2.904789187238803638e+00 8.866389909396197311e+00 -3.258955624583073529e+01
2.920576084995536448e+00 9.388789430791110391e+00 -3.143528256260323417e+01
2.936362982752268813e+00 9.858921092935831965e+00 -2.949545856117206100e+01
2.952149880509001623e+00 1.032007300797744520e+01 -2.831720611213405547e+01
2.967936778265734432e+00 1.075300276823300116e+01 -2.675180000482733078e+01
2.983723676022466798e+00 1.116472887094698230e+01 -2.668812374078214944e+01
2.999510573779199607e+00 1.159564812986251425e+01 -2.637935427088105911e+01
3.015297471535931972e+00 1.199762520847303726e+01 -2.634206815251299361e+01
3.031084369292664782e+00 1.242736720311172505e+01 -3.064354329970775481e+01
3.046871267049397591e+00 1.296515817842602836e+01 -3.627044820394822722e+01
3.062658164806129957e+00 1.357256291788491964e+01 -4.369688739496336893e+01
3.078445062562862766e+00 1.434483476560951942e+01 -5.137329160514601512e+01
3.094231960319595132e+00 1.519461272187942136e+01 -5.542020940706341037e+01
3.110018858076327941e+00 1.609466112474156319e+01 -6.147675416817075700e+01
3.125805755833060751e+00 1.713566718681681778e+01 -6.723332450242710934e+01
3.141592653589793116e+00 1.821747236427165006e+01 -6.852550729882794656e+01
