0.000000000000000000e+00 5.316004540438526647e+02 4.353204367249958295e+01
1.578689775673262907e-02 5.309132181212532942e+02 8.706408734499557056e+01
3.157379551346525814e-02 5.288515103534552964e+02 1.741281746899911411e+02
4.736069327019788722e-02 5.254153307404585576e+02 2.611922620349902786e+02
6.314759102693051629e-02 5.206046792822630778e+02 3.047243057074898616e+02
7.893448878366314536e-02 5.157940278240675980e+02 3.047243057074898616e+02
9.472138654039577443e-02 5.109833763658721182e+02 3.047243057074898616e+02
1.105082842971284035e-01 5.061727249076766384e+02 3.047243057074898616e+02
1.262951820538610326e-01 5.013620734494811586e+02 3.047243057074898616e+02
1.420820798105936755e-01 4.965514219912856788e+02 3.047243057074880994e+02
1.578689775673262907e-01 4.917407705330902559e+02 3.047243057074862804e+02
1.736558753240589059e-01 4.869301190748948329e+02 3.047243057074898616e+02
1.894427730807915489e-01 4.821194676166992963e+02 3.047243057074916806e+02
2.052296708375241918e-01 4.773088161585038165e+02 3.047243057074880994e+02
2.210165685942568070e-01 4.724981647003083935e+02 3.047243057074880994e+02
2.368034663509894222e-01 4.676875132421129138e+02 3.047243057074898616e+02
2.525903641077220652e-01 4.628768617839174340e+02 3.047243057074898616e+02
2.683772618644547081e-01 4.580662103257219542e+02 3.047243057074898616e+02
2.841641596211873511e-01 4.532555588675264744e+02 3.047243057074880994e+02
2.999510573779199385e-01 4.484449074093310514e+02 3.047243057074880994e+02
3.157379551346525814e-01 4.436342559511355716e+02 3.047243057074880994e+02
3.315248528913852244e-01 4.388236044929401487e+02 3.047243057074862804e+02
3.473117506481178118e-01 4.340129530347447258e+02 3.047243057074898616e+02
3.630986484048504548e-01 4.292023015765491891e+02 3.047243057074898616e+02
3.788855461615830977e-01 4.243916501183537662e+02 3.047243057074880994e+02
3.946724439183157407e-01 4.195809986601582864e+02 3.047243057074880994e+02
4.104593416750483836e-01 4.147703472019628634e+02 3.047243057074880994e+02
4.262462394317809711e-01 4.099596957437673836e+02 3.047243057074898616e+02
4.420331371885136140e-01 4.051490442855719039e+02 3.047243057074898616e+02
4.578200349452462570e-01 4.003383928273764241e+02 3.047243057074880994e+02
4.736069327019788444e-01 3.955277413691810011e+02 3.047243057074880994e+02
4.893938304587114874e-01 3.907170899109855213e+02 3.047243057074898616e+02
5.051807282154441303e-01 3.859064384527900415e+02 3.047243057074898616e+02
5.209676259721767178e-01 3.810957869945945617e+02 3.047243057074880994e+02
5.367545237289094162e-01 3.762851355363991388e+02 3.047243057074880994e+02
5.525414214856420037e-01 3.714744840782036590e+02 3.047243057074898616e+02
5.683283192423747021e-01 3.666638326200081792e+02 3.047243057074898616e+02
5.841152169991072896e-01 3.618531811618126994e+02 3.047243057074898616e+02
5.999021147558398770e-01 3.570425297036172196e+02 3.047243057074898616e+02
6.156890125125725755e-01 3.522318782454217398e+02 3.047243057074862804e+02
6.314759102693051629e-01 3.474212267872263737e+02 3.047243057074880994e+02
6.472628080260377503e-01 3.426105753290308371e+02 3.047243057074916806e+02
6.630497057827704488e-01 3.377999238708353573e+02 3.047243057074880994e+02
6.788366035395030362e-01 3.329892724126399344e+02 3.047243057074880994e+02
6.946235012962356237e-01 3.281786209544444546e+02 3.047243057074898616e+02
7.104103990529683221e-01 3.233679694962489748e+02 3.047243057074862804e+02
7.261972968097009096e-01 3.185573180380536087e+02 3.047243057074880994e+02
7.419841945664336080e-01 3.137466665798580721e+02 3.047243057074916806e+02
7.577710923231661955e-01 3.089360151216625923e+02 3.047243057074880994e+02
7.735579900798987829e-01 3.041253636634671693e+02 3.047243057074880994e+02
7.893448878366314814e-01 2.993147122052716895e+02 3.047243057074880994e+02
8.051317855933640688e-01 2.945040607470762666e+02 3.047243057074898616e+02
8.209186833500967673e-01 2.896934092888807299e+02 3.047243057074898616e+02
8.367055811068293547e-01 2.848827578306853070e+02 3.047243057074862804e+02
8.524924788635619421e-01 2.800721063724898841e+02 3.047243057074898616e+02
8.682793766202946406e-01 2.752614549142943474e+02 3.047243057074898616e+02
8.840662743770272280e-01 2.704508034560989245e+02 3.047243057074880994e+02
8.998531721337598155e-01 2.656401519979034447e+02 3.047243057074898616e+02
9.156400698904925139e-01 2.608295005397079649e+02 3.047243057074898616e+02
9.314269676472251014e-01 2.560188490815124851e+02 3.047243057074898616e+02
9.472138654039576888e-01 2.512081976233170053e+02 3.047243057074889521e+02
9.630007631606903873e-01 2.463975461651215539e+02 3.047243057074880994e+02
9.787876609174229747e-01 2.415868947069261026e+02 3.047243057074889521e+02
9.945745586741556732e-01 2.367762432487306228e+02 3.047243057074889521e+02
1.010361456430888261e+00 2.319655917905351714e+02 3.047243057074880994e+02
1.026148354187620848e+00 2.271549403323397200e+02 3.047243057074880994e+02
1.041935251944353436e+00 2.223442888741442687e+02 3.047243057074880994e+02
1.057722149701086245e+00 2.175336374159488173e+02 3.047243057074889521e+02
1.073509047457818832e+00 2.127229859577533375e+02 3.047243057074898616e+02
1.089295945214551420e+00 2.079123344995578577e+02 3.047243057074898616e+02
1.105082842971284007e+00 2.031016830413623779e+02 3.047243057074889521e+02
1.120869740728016595e+00 1.982910315831669266e+02 3.047243057074889521e+02
1.136656638484749404e+00 1.934803801249714468e+02 3.047243057074880994e+02
1.152443536241481992e+00 1.886697286667760238e+02 3.047243057074880994e+02
1.168230433998214579e+00 1.838590772085805440e+02 3.047243057074889521e+02
1.184017331754947167e+00 1.790484257503850927e+02 3.047243057074889521e+02
1.199804229511679754e+00 1.742377742921896129e+02 3.047243057074889521e+02
1.215591127268412341e+00 1.694271228339941615e+02 3.047243057074889521e+02
1.231378025025145151e+00 1.646164713757986817e+02 3.047243057074889521e+02
1.247164922781877738e+00 1.598058199176032304e+02 3.047243057074889521e+02
1.262951820538610326e+00 1.549951684594077506e+02 3.047243057074889521e+02
1.278738718295342913e+00 1.501845170012122992e+02 3.047243057074880994e+02
1.294525616052075501e+00 1.453738655430168478e+02 3.047243057074889521e+02
1.310312513808808310e+00 1.405632140848213680e+02 3.047243057074898616e+02
1.326099411565540898e+00 1.357525626266258882e+02 3.047243057074880994e+02
1.341886309322273485e+00 1.309419111684304653e+02 3.047243057074880994e+02
1.357673207079006072e+00 1.261312597102349855e+02 3.047243057074894068e+02
1.373460104835738660e+00 1.213206082520395199e+02 3.047243057074889521e+02
1.389247002592471247e+00 1.165099567938440543e+02 3.047243057074889521e+02
1.405033900349204057e+00 1.116993053356485888e+02 3.047243057074884973e+02
1.420820798105936644e+00 1.068886538774531374e+02 3.047243057074889521e+02
1.436607695862669232e+00 1.020780024192576576e+02 3.047243057074894068e+02
1.452394593619401819e+00 9.726735096106219203e+01 3.047243057074884973e+02
1.468181491376134407e+00 9.245669950286674066e+01 3.047243057074884973e+02
1.483968389132867216e+00 8.764604804467127508e+01 3.047243057074889521e+02
1.499755286889599804e+00 8.283539658647580950e+01 3.047243057074889521e+02
1.515542184646332391e+00 7.802474512828034392e+01 3.054699662809662186e+02
1.531329082403064978e+00 7.319055033561545542e+01 3.087392711025437961e+02
1.547115980159797566e+00 6.827667451551231181e+01 3.079936105290668138e+02
1.562902877916530375e+00 6.346602305731683913e+01 2.750443861771074125e+02
1.578689775673262963e+00 5.959247930922975200e+01 2.396966546816092318e+02
1.594476673429995550e+00 5.589788989713801470e+01 2.297292650385190029e+02
1.610263571186728138e+00 5.233905447144488932e+01 2.222683033372445891e+02
1.626050468943460725e+00 4.888003593844298678e+01 2.005003501306827047e+02
1.641837366700193535e+00 4.600849741604052667e+01 1.597987000394388133e+02
1.657624264456926122e+00 4.383458446008017262e+01 1.200390281649897304e+02
1.673411162213658709e+00 4.221840968712404418e+01 1.196608540463012673e+02
1.689198059970391297e+00 4.005643712345564467e+01 1.221499272185801743e+02
1.704984957727123884e+00 3.836167286313992975e+01 9.303595297604867653e+01
1.720771855483856472e+00 3.711893896878951438e+01 6.267041792983997794e+01
1.736558753240589281e+00 3.638292990267975568e+01 4.836016721132349261e+01
1.752345650997321869e+00 3.559202493826219893e+01 5.379914368087418097e+01
1.768132548754054456e+00 3.468428674130029776e+01 6.436090530324820236e+01
1.783919446510787044e+00 3.355990687515593862e+01 6.232403602251312691e+01
1.799706344267519631e+00 3.271648037235162576e+01 5.755435115255880874e+01
1.815493242024252440e+00 3.174269756095487338e+01 6.296194250063352627e+01
1.831280139780985028e+00 3.072853287470606531e+01 6.730993159333449682e+01
1.847067037537717615e+00 2.961746754480159538e+01 6.911103935161250433e+01
1.862853935294450203e+00 2.854643505049520158e+01 6.863109414031174538e+01
1.878640833051182790e+00 2.745052341255000883e+01 6.860519559519113386e+01
1.894427730807915378e+00 2.638030863361134948e+01 7.352437116269582873e+01
1.910214628564648187e+00 2.512907995220292889e+01 7.851561139413551871e+01
1.926001526321380775e+00 2.390127277483821189e+01 7.848033476023881860e+01
1.941788424078113362e+00 2.265115791065484885e+01 7.845689928207528396e+01
1.957575321834845949e+00 2.142409068028542762e+01 7.835380249303936750e+01
1.973362219591578537e+00 2.017723097303717950e+01 7.715654821377616202e+01
1.989149117348311346e+00 1.898796560445883586e+01 7.260472123865537242e+01
2.004936015105043712e+00 1.788482435133572679e+01 6.847977144530699434e+01
2.020722912861776521e+00 1.682579930403587554e+01 6.700220668014472380e+01
2.036509810618509331e+00 1.576931037866590124e+01 6.613088104784090149e+01
2.052296708375241696e+00 1.473779638870605169e+01 6.467115150015015956e+01
2.068083606131974506e+00 1.372739666557982829e+01 6.285036453973149406e+01
2.083870503888706871e+00 1.275337183078182157e+01 6.129020921836944069e+01
2.099657401645439680e+00 1.179223213274152826e+01 6.073820618826024287e+01
2.115444299402172490e+00 1.083563612873900261e+01 5.896096578864894155e+01
2.131231197158904855e+00 9.930610655654305674e+00 5.574761971961306273e+01
2.147018094915637665e+00 9.075472183349516442e+00 5.208795405597052053e+01
2.162804992672370030e+00 8.285996245576319197e+00 4.788838186063512836e+01
2.178591890429102840e+00 7.563454207011083952e+00 4.401584920914857690e+01
2.194378788185835649e+00 6.896248823295140440e+00 3.914259996321155199e+01
2.210165685942568015e+00 6.327573759907269668e+00 3.306127971238613128e+01
2.225952583699300824e+00 5.852378738242783207e+00 2.816463472114497790e+01
2.241739481456033189e+00 5.438309342510394551e+00 2.417813958636332572e+01
2.257526379212765999e+00 5.088983103046928136e+00 2.046181360030952590e+01
2.273313276969498808e+00 4.792252224059579291e+00 1.704732328469632918e+01
2.289100174726231174e+00 4.550734403603991396e+00 1.311239397212447244e+01
2.304887072482963983e+00 4.378244178091726724e+00 9.016792742352055967e+00
2.320673970239696349e+00 4.266040033369669970e+00 5.515609018306832034e+00
2.336460867996429158e+00 4.204095466815481963e+00 1.787846856584255573e+00
2.352247765753161524e+00 4.209590922310487038e+00 -2.652096985822435915e+00
2.368034663509894333e+00 4.287832234727717129e+00 -6.119597930119725859e+00
2.383821561266627143e+00 4.402809855980712506e+00 -8.613569369250159369e+00
2.399608459023359508e+00 4.559795312633469599e+00 -1.097554425078929619e+01
2.415395356780092317e+00 4.749349445804122993e+00 -1.196942055051730591e+01
2.431182254536824683e+00 4.937715349510171770e+00 -1.190424835069127063e+01
2.446969152293557492e+00 5.125211748970355252e+00 -1.159796014603326952e+01
2.462756050050290302e+00 5.303906971534345871e+00 -1.053871323583144992e+01
2.478542947807022667e+00 5.457958925653547233e+00 -9.584325944202845449e+00
2.494329845563755477e+00 5.606520519031006344e+00 -8.421555054988395739e+00
2.510116743320487842e+00 5.723859382865140510e+00 -5.945765596674466913e+00
2.525903641077220652e+00 5.794250906151402702e+00 -4.639468883075907435e+00
2.541690538833953461e+00 5.870345024670464262e+00 -4.868140744669767095e+00
2.557477436590685826e+00 5.947956586554374425e+00 -4.289113391192800329e+00
2.573264334347418636e+00 6.005768613818051271e+00 -2.279262301475855956e+00
2.589051232104151001e+00 6.019921548382723309e+00 -7.412438647762610577e-02
2.604838129860883811e+00 6.008109002039256907e+00 1.279649256023416060e+00
2.620625027617616620e+00 5.979518164444082018e+00 2.087100800389044331e+00
2.636411925374348986e+00 5.942211308151783555e+00 4.148463949230097647e+00
2.652198823131081795e+00 5.848535412016108381e+00 7.928660402437793131e+00
2.667985720887814161e+00 5.691873405909503525e+00 1.150093096815050409e+01
2.683772618644546970e+00 5.485407369413244361e+00 1.339768279840041743e+01
2.699559516401279780e+00 5.268857708878537771e+00 1.401555507647735332e+01
2.715346414158012145e+00 5.042883099420838455e+00 1.493597997032702729e+01
2.731133311914744954e+00 4.797272131502219317e+00 1.547136871781089340e+01
2.746920209671477320e+00 4.554393267211254148e+00 1.496274144684359086e+01
2.762707107428210129e+00 4.324841592738728480e+00 1.434855663826598970e+01
2.778494005184942495e+00 4.101354874001269302e+00 1.336342465758569276e+01
2.794280902941675304e+00 3.902907555240518356e+00 1.182095983944140904e+01
2.810067800698408114e+00 3.728122305257861147e+00 1.131688455619075739e+01
2.825854698455140479e+00 3.545590556413858341e+00 1.113087935561632769e+01
2.841641596211873289e+00 3.376678196598579262e+00 1.131108891457637711e+01
2.857428493968605654e+00 3.188456547990400125e+00 1.206139781102270803e+01
2.873215391725338463e+00 2.995854088506790802e+00 1.111728003974695156e+01
2.889002289482071273e+00 2.837441821349500959e+00 8.159421432500923999e+00
2.904789187238803638e+00 2.738230184688820845e+00 5.791840108317419578e+00
2.920576084995536448e+00 2.654571446122800271e+00 3.705158957098357853e+00
2.936362982752268813e+00 2.621244253432513105e+00 -6.400710482909667265e-01
2.952149880509001623e+00 2.674780918515628603e+00 -5.726485704039042446e+00
2.967936778265734432e+00 2.802051142062623956e+00 -8.873905983439332346e+00
2.983723676022466798e+00 2.954963811442457899e+00 -1.221415589727604889e+01
2.999510573779199607e+00 3.187698402732803693e+00 -1.463919213159687693e+01
3.015297471535931972e+00 3.417178670287827291e+00 -1.778244805961490016e+01
3.031084369292664782e+00 3.749157781495901620e+00 -2.638309586038448629e+01
3.046871267049397591e+00 4.250193143995758760e+00 -3.183742513248538941e+01
3.062658164806129957e+00 4.754386132304254886e+00 -3.452039033145310043e+01
3.078445062562862766e+00 5.340132889366062230e+00 -4.213844588809405423e+01
3.094231960319595132e+00 6.084856806030157550e+00 -4.986803436685493551e+01
3.110018858076327941e+00 6.914656009123597791e+00 -5.533548887425451568e+01
3.125805755833060751e+00 7.832008216383501420e+00 -5.688888059492548166e+01
3.141592653589793116e+00 8.710853892017716760e+00 -5.566930812986449695e+01
