0.000000000000000000e+00 3.449980473499754225e+02 4.287271500244686706e+01
1.578689775673262907e-02 3.443212201816782567e+02 8.574543000489373412e+01
3.157379551346525814e-02 3.422907386767867592e+02 1.714908600097892872e+02
4.736069327019788722e-02 3.389066028353008733e+02 2.572362900146829929e+02
6.314759102693051629e-02 3.341688126572207125e+02 3.001090050171280836e+02
7.893448878366314536e-02 3.294310224791405517e+02 3.001090050171299026e+02
9.472138654039577443e-02 3.246932323010603341e+02 3.001090050171316648e+02
1.105082842971284035e-01 3.199554421229801164e+02 3.001090050171316648e+02
1.262951820538610326e-01 3.152176519448998988e+02 3.001090050171316648e+02
1.420820798105936755e-01 3.104798617668196812e+02 3.001090050171299026e+02
1.578689775673262907e-01 3.057420715887395204e+02 3.001090050171280836e+02
1.736558753240589059e-01 3.010042814106593596e+02 3.001090050171280836e+02
1.894427730807915489e-01 2.962664912325791988e+02 3.001090050171299026e+02
2.052296708375241918e-01 2.915287010544989812e+02 3.001090050171299026e+02
2.210165685942568070e-01 2.867909108764188204e+02 3.001090050171299026e+02
2.368034663509894222e-01 2.820531206983386028e+02 3.001090050171299026e+02
2.525903641077220652e-01 2.773153305202584420e+02 3.001090050171299026e+02
2.683772618644547081e-01 2.725775403421782244e+02 3.001090050171299026e+02
2.841641596211873511e-01 2.678397501640980636e+02 3.001090050171299026e+02
2.999510573779199385e-01 2.631019599860178459e+02 3.001090050171316648e+02
3.157379551346525814e-01 2.583641698079376283e+02 3.001090050171299026e+02
3.315248528913852244e-01 2.536263796298574675e+02 3.001090050171289931e+02
3.473117506481178118e-01 2.488885894517772783e+02 3.001090050171299026e+02
3.630986484048504548e-01 2.441507992736970891e+02 3.001090050171289931e+02
3.788855461615830977e-01 2.394130090956169283e+02 3.001090050171299026e+02
3.946724439183157407e-01 2.346752189175367107e+02 3.001090050171316648e+02
4.104593416750483836e-01 2.299374287394564931e+02 3.001090050171299026e+02
4.262462394317809711e-01 2.251996385613763323e+02 3.001090050171289931e+02
4.420331371885136140e-01 2.204618483832961431e+02 3.001090050171299026e+02
4.578200349452462570e-01 2.157240582052159539e+02 3.001090050171299026e+02
4.736069327019788444e-01 2.109862680271357647e+02 3.001090050171299026e+02
4.893938304587114874e-01 2.062484778490555755e+02 3.001090050171308121e+02
5.051807282154441303e-01 2.015106876709753578e+02 3.001090050171308121e+02
5.209676259721767178e-01 1.967728974928951686e+02 3.001090050171299026e+02
5.367545237289094162e-01 1.920351073148149794e+02 3.001090050171289931e+02
5.525414214856420037e-01 1.872973171367348186e+02 3.001090050171289931e+02
5.683283192423747021e-01 1.825595269586546294e+02 3.001090050171299026e+02
5.841152169991072896e-01 1.778217367805744402e+02 3.001090050171308121e+02
5.999021147558398770e-01 1.730839466024942226e+02 3.001090050171308121e+02
6.156890125125725755e-01 1.683461564244140334e+02 3.001090050171299026e+02
6.314759102693051629e-01 1.636083662463338442e+02 3.001090050171299026e+02
6.472628080260377503e-01 1.588705760682536550e+02 3.001090050171299026e+02
6.630497057827704488e-01 1.541327858901734658e+02 3.001090050171289931e+02
6.788366035395030362e-01 1.493949957120933050e+02 3.001090050171289931e+02
6.946235012962356237e-01 1.446572055340131158e+02 3.001090050171299026e+02
7.104103990529683221e-01 1.399194153559329266e+02 3.001090050171299026e+02
7.261972968097009096e-01 1.351816251778527374e+02 3.001090050171299026e+02
7.419841945664336080e-01 1.304438349997725481e+02 3.001090050171303574e+02
7.577710923231661955e-01 1.257060448216923447e+02 3.001090050171303574e+02
7.735579900798987829e-01 1.209682546436121555e+02 3.001090050171303574e+02
7.893448878366314814e-01 1.162304644655319521e+02 3.001090050171299026e+02
8.051317855933640688e-01 1.114926742874517771e+02 3.001090050171299026e+02
8.209186833500967673e-01 1.067548841093715737e+02 3.001090050171299026e+02
8.367055811068293547e-01 1.020170939312913987e+02 3.001090050171289931e+02
8.524924788635619421e-01 9.727930375321122369e+01 3.001090050171294479e+02
8.682793766202946406e-01 9.254151357513103449e+01 3.001090050171303574e+02
8.840662743770272280e-01 8.780372339705083107e+01 3.001090050171303574e+02
8.998531721337598155e-01 8.306593321897064186e+01 3.001090050171299026e+02
9.156400698904925139e-01 7.832814304089045265e+01 3.001090050171299026e+02
9.314269676472251014e-01 7.359035286281026345e+01 3.080364713519344377e+02
9.472138654039576888e-01 6.860226248373507474e+01 3.127611477452495023e+02
9.630007631606903873e-01 6.371529633934505910e+01 3.048336814104449672e+02
9.787876609174229747e-01 5.897750616126486989e+01 2.909537512972233912e+02
9.945745586741556732e-01 5.452878209201089987e+01 2.707444660324355823e+02
1.010361456430888261e+00 5.042907575435440748e+01 2.498374891266526845e+02
1.026148354187620848e+00 4.664046429872836796e+01 2.325096468494438682e+02
1.041935251944353436e+00 4.308786370982204517e+01 2.045800212503638420e+02
1.057722149701086245e+00 4.018109654162900313e+01 1.730641162938503896e+02
1.073509047457818832e+00 3.762357269124144210e+01 1.530968883681877344e+02
1.089295945214551420e+00 3.534724669454402601e+01 1.397248390381413401e+02
1.105082842971284007e+00 3.321192919529931942e+01 1.304794682574840863e+02
1.120869740728016595e+00 3.122751464507654262e+01 1.209294003117244642e+02
1.136656638484749404e+00 2.939372903829094952e+01 1.081288902881849054e+02
1.152443536241481992e+00 2.781347517401947300e+01 9.565269424287393463e+01
1.168230433998214579e+00 2.637361042995443228e+01 8.749198543449412568e+01
1.184017331754947167e+00 2.505102111684367472e+01 7.779731287832581188e+01
1.199804229511679754e+00 2.391725398163709571e+01 6.486878684169091969e+01
1.215591127268412341e+00 2.300286730589755990e+01 5.352223691681080453e+01
1.231378025025145151e+00 2.222735381780247010e+01 4.225945107236926646e+01
1.247164922781877738e+00 2.166857603922728259e+01 2.772753687365010578e+01
1.262951820538610326e+00 2.135189023846177392e+01 1.385919187034300037e+01
1.278738718295342913e+00 2.123098874913119261e+01 2.224210869583351791e+00
1.294525616052075501e+00 2.128166345928672243e+01 -7.849457221567774035e+00
1.310312513808808310e+00 2.147882590633666666e+01 -1.542193861545086975e+01
1.326099411565540898e+00 2.176859259555218173e+01 -2.293398392922891915e+01
1.341886309322273485e+00 2.220293882522723905e+01 -3.198878437267563513e+01
1.357673207079006072e+00 2.277859993205937528e+01 -3.790402097666760284e+01
1.373460104835738660e+00 2.339971263268263968e+01 -4.193827910601038411e+01
1.389247002592471247e+00 2.410275058073917975e+01 -4.637193607047931465e+01
1.405033900349204057e+00 2.486385065973543718e+01 -4.774746383444777109e+01
1.420820798105936644e+00 2.561031924013461136e+01 -4.896920394643066743e+01
1.436607695862669232e+00 2.640999429159721501e+01 -4.914535495301211654e+01
1.452394593619401819e+00 2.716202462785768290e+01 -4.380412416878648685e+01
1.468181491376134407e+00 2.779305675074892079e+01 -3.843318982676326101e+01
1.483968389132867216e+00 2.837550630437809929e+01 -3.289149944664044511e+01
1.499755286889599804e+00 2.883156622840840200e+01 -2.537138360655839975e+01
1.515542184646332391e+00 2.917657718226525887e+01 -2.023534830887894387e+01
1.531329082403064978e+00 2.947047297805669075e+01 -1.577592190083393753e+01
1.547115980159797566e+00 2.967468291439858774e+01 -1.174082380853583807e+01
1.562902877916530375e+00 2.984117534814702566e+01 -8.938913980274159954e+00
1.578689775673262963e+00 2.995691835652421986e+01 -3.739222956451662583e+00
1.594476673429995550e+00 2.995923680915328546e+01 1.717586714531655900e+00
1.610263571186728138e+00 2.990268762482295273e+01 7.810583790822771988e+00
1.626050468943460725e+00 2.971262703370106095e+01 1.607887728688812956e+01
1.641837366700193535e+00 2.939501644128064584e+01 2.660762381070115268e+01
1.657624264456926122e+00 2.887252336040277356e+01 3.817183983781617229e+01
1.673411162213658709e+00 2.818978657586869119e+01 4.588606467457852744e+01
1.689198059970391297e+00 2.742372613744998944e+01 5.047873109320650542e+01
1.704984957727123884e+00 2.659598144255258845e+01 5.514246779402970589e+01
1.720771855483856472e+00 2.568266913521345174e+01 5.748517816748913134e+01
1.736558753240589281e+00 2.478095618203716910e+01 5.760102030664034345e+01
1.752345650997321869e+00 2.386398629868462962e+01 5.508996909538048214e+01
1.768132548754054456e+00 2.304155676297650501e+01 5.092210138620734483e+01
1.783919446510787044e+00 2.225618228240057306e+01 4.848875990021075921e+01
1.799706344267519631e+00 2.151058257318573652e+01 4.638961853502587473e+01
1.815493242024252440e+00 2.079148595282800827e+01 4.433050436884764878e+01
1.831280139780985028e+00 2.011090029323496253e+01 4.196551033943426035e+01
1.847067037537717615e+00 1.946647551075249893e+01 4.005296967608742165e+01
1.862853935294450203e+00 1.884627601897515348e+01 3.926317530081236384e+01
1.878640833051182790e+00 1.822678804259530949e+01 3.898003742354068635e+01
1.894427730807915378e+00 1.761552828825705674e+01 3.981222566191239309e+01
1.910214628564648187e+00 1.696976497061015365e+01 4.045290803492117249e+01
1.926001526321380775e+00 1.633827644203744001e+01 4.035459422877051594e+01
1.941788424078113362e+00 1.569561726440208815e+01 4.182923649438042446e+01
1.957575321834845949e+00 1.501756868247949406e+01 4.272615746849514551e+01
1.973362219591578537e+00 1.434659030541570601e+01 4.312765500959076093e+01
1.989149117348311346e+00 1.365586492223139992e+01 4.376699892796012392e+01
2.004936015105043712e+00 1.296470003102623991e+01 4.322425917064980183e+01
2.020722912861776521e+00 1.229111100195627770e+01 4.326529774260669114e+01
2.036509810618509331e+00 1.159865036727198628e+01 4.248459963026957809e+01
2.052296708375241696e+00 1.094971094075870433e+01 3.957725356511135573e+01
2.068083606131974506e+00 1.034904625622259644e+01 3.702982917426119513e+01
2.083870503888706871e+00 9.780538686512031177e+00 3.431135734921342362e+01
2.099657401645439680e+00 9.265706475489098537e+00 3.048301194928538393e+01
2.115444299402172490e+00 8.818074300590776460e+00 2.623568565270465669e+01
2.131231197158904855e+00 8.437346301535047388e+00 2.092850844525207776e+01
2.147018094915637665e+00 8.157281854538556587e+00 1.565028691843891373e+01
2.162804992672370030e+00 7.943207342645196789e+00 1.133193797888531407e+01
2.178591890429102840e+00 7.799489562021960865e+00 6.885939803315259233e+00
2.194378788185835649e+00 7.725792087377289619e+00 2.365219094874676298e+00
2.210165685942568015e+00 7.724810617975844451e+00 -1.890981207375259654e+00
2.225952583699300824e+00 7.785497541338761707e+00 -5.819938467770435331e+00
2.241739481456033189e+00 7.908568165058178501e+00 -8.974869631563183958e+00
2.257526379212765999e+00 8.068868239845746970e+00 -1.094949542835516354e+01
2.273313276969498808e+00 8.254285294688687102e+00 -1.293482881950551189e+01
2.289100174726231174e+00 8.477269879994491220e+00 -1.470447415179124917e+01
2.304887072482963983e+00 8.718561354690379517e+00 -1.538081165822761598e+01
2.320673970239696349e+00 8.962900482122492463e+00 -1.472018466638383138e+01
2.336460867996429158e+00 9.183333455267229439e+00 -1.304187586159268442e+01
2.352247765753161524e+00 9.374682003688418419e+00 -1.132806355760525818e+01
2.368034663509894333e+00 9.541003417598595604e+00 -9.889631672610935453e+00
2.383821561266627143e+00 9.686935211822925496e+00 -7.385733966074199408e+00
2.399608459023359508e+00 9.774199071560277119e+00 -4.460534968826853408e+00
2.415395356780092317e+00 9.827771230809325687e+00 -1.784919975246680446e+00
2.431182254536824683e+00 9.830555769866615279e+00 5.655578730405559362e-01
2.446969152293557492e+00 9.809914422174912829e+00 1.940036819277636049e+00
2.462756050050290302e+00 9.769301444046149641e+00 3.460930765438736678e+00
2.478542947807022667e+00 9.700639701900689360e+00 5.213952116153300231e+00
2.494329845563755477e+00 9.604677186113725895e+00 6.154976897599659047e+00
2.510116743320487842e+00 9.506303719945774944e+00 6.983873000010846432e+00
2.525903641077220652e+00 9.384169808119372291e+00 7.660059757311996620e+00
2.541690538833953461e+00 9.264446559547481641e+00 8.067646716841409216e+00
2.557477436590685826e+00 9.129443580406942260e+00 9.682762576394482679e+00
2.573264334347418636e+00 8.958724993954968241e+00 1.117899465219788446e+01
2.589051232104151001e+00 8.776480289212324593e+00 1.221989283279802940e+01
2.604838129860883811e+00 8.572896596455743534e+00 1.350333538562779978e+01
2.620625027617616620e+00 8.350128738996772881e+00 1.454004195809194400e+01
2.636411925374348986e+00 8.113812284913743511e+00 1.548019868762391482e+01
2.652198823131081795e+00 7.861360111125922145e+00 1.608370060758611331e+01
2.667985720887814161e+00 7.605988810830022651e+00 1.515907340195787079e+01
2.683772618644546970e+00 7.382730627358894182e+00 1.355819583951119256e+01
2.699559516401279780e+00 7.177905107861780820e+00 1.184908366958468662e+01
2.715346414158012145e+00 7.008610082553486720e+00 9.725297758474395593e+00
2.731133311914744954e+00 6.870840545128148236e+00 7.248411433495091316e+00
2.746920209671477320e+00 6.779750222154849126e+00 3.790504042858241718e+00
2.762707107428210129e+00 6.751159945585978761e+00 -2.675925923651326643e-01
2.778494005184942495e+00 6.788199135947103890e+00 -3.983547189934127264e+00
2.794280902941675304e+00 6.876935649979198040e+00 -6.280772370673050276e+00
2.810067800698408114e+00 6.986506958445357185e+00 -9.170507040500080365e+00
2.825854698455140479e+00 7.166483364030741043e+00 -1.410432047671855038e+01
2.841641596211873289e+00 7.431833889033649498e+00 -1.935498791280829778e+01
2.857428493968605654e+00 7.777593794555341944e+00 -2.382801304887401628e+01
2.873215391725338463e+00 8.184174700530979507e+00 -2.709148355918336648e+01
2.889002289482071273e+00 8.632974756609403499e+00 -3.002321069015648902e+01
2.904789187238803638e+00 9.132121415519664609e+00 -3.523311737469558125e+01
2.920576084995536448e+00 9.745417999899961714e+00 -3.878912399886510087e+01
2.936362982752268813e+00 1.035684128480627919e+01 -3.898508801894145392e+01
2.952149880509001623e+00 1.097632519708446353e+01 -3.815216101386514680e+01
2.967936778265734432e+00 1.156144981505485880e+01 -3.588952408604496469e+01
2.983723676022466798e+00 1.210949369165283329e+01 -3.390902384870139485e+01
2.999510573779199607e+00 1.263208640011497330e+01 -3.025415902388759548e+01
3.015297471535931972e+00 1.306473232210491986e+01 -2.419043355487804803e+01
3.031084369292664782e+00 1.339587020255876126e+01 -1.904583706667284559e+01
3.046871267049397591e+00 1.366608168703082526e+01 -1.556806048921274233e+01
3.062658164806129957e+00 1.388741296098642231e+01 -1.241391662669310314e+01
3.078445062562862766e+00 1.405803615212323976e+01 -9.061698655955275683e+00
3.094231960319595132e+00 1.417352518135419714e+01 -5.829244928311643648e+00
3.110018858076327941e+00 1.424208753948765604e+01 -4.262140895332313661e+00
3.125805755833060751e+00 1.430809714643299735e+01 -4.612916451190688605e+00
3.141592653589793116e+00 1.438773482023825068e+01 -5.044542318093514943e+00
