0.000000000000000000e+00 1.631067599023078003e+02 1.090269979387178090e+01
1.578689775673262907e-02 1.629346400953895966e+02 2.180539958774446418e+01
3.157379551346525814e-02 1.624182806746349570e+02 4.361079917548802598e+01
4.736069327019788722e-02 1.615576816400439384e+02 6.541619876323248661e+01
6.314759102693051629e-02 1.603528429916164555e+02 7.631889855710606696e+01
7.893448878366314536e-02 1.591480043431889726e+02 7.631889855710517168e+01
9.472138654039577443e-02 1.579431656947615181e+02 7.631889855710517168e+01
1.105082842971284035e-01 1.567383270463340352e+02 7.631889855710606696e+01
1.262951820538610326e-01 1.555334883979065523e+02 7.631889855710517168e+01
1.420820798105936755e-01 1.543286497494790979e+02 7.631889855710427639e+01
1.578689775673262907e-01 1.531238111010516434e+02 7.631889855710606696e+01
1.736558753240589059e-01 1.519189724526241321e+02 7.631889855710606696e+01
1.894427730807915489e-01 1.507141338041966776e+02 7.631889855710427639e+01
2.052296708375241918e-01 1.495092951557692231e+02 7.631889855710517168e+01
2.210165685942568070e-01 1.483044565073417402e+02 7.631889855710517168e+01
2.368034663509894222e-01 1.470996178589142858e+02 7.631889855710517168e+01
2.525903641077220652e-01 1.458947792104868029e+02 7.631889855710606696e+01
2.683772618644547081e-01 1.446899405620593200e+02 7.631889855710517168e+01
2.841641596211873511e-01 1.434851019136318655e+02 7.631889855710517168e+01
2.999510573779199385e-01 1.422802632652043826e+02 7.631889855710606696e+01
3.157379551346525814e-01 1.410754246167768997e+02 7.631889855710517168e+01
3.315248528913852244e-01 1.398705859683494452e+02 7.631889855710517168e+01
3.473117506481178118e-01 1.386657473199219623e+02 7.631889855710517168e+01
3.630986484048504548e-01 1.374609086714945079e+02 7.631889855710427639e+01
3.788855461615830977e-01 1.362560700230670534e+02 7.631889855710517168e+01
3.946724439183157407e-01 1.350512313746395705e+02 7.631889855710606696e+01
4.104593416750483836e-01 1.338463927262120876e+02 7.631889855710517168e+01
4.262462394317809711e-01 1.326415540777846331e+02 7.631889855710517168e+01
4.420331371885136140e-01 1.314367154293571502e+02 7.631889855710606696e+01
4.578200349452462570e-01 1.302318767809296673e+02 7.631889855710606696e+01
4.736069327019788444e-01 1.290270381325021845e+02 7.631889855710517168e+01
4.893938304587114874e-01 1.278221994840747300e+02 7.631889855710427639e+01
5.051807282154441303e-01 1.266173608356472755e+02 7.631889855710517168e+01
5.209676259721767178e-01 1.254125221872197926e+02 7.631889855710562642e+01
5.367545237289094162e-01 1.242076835387923239e+02 7.631889855710517168e+01
5.525414214856420037e-01 1.230028448903648552e+02 7.631889855710517168e+01
5.683283192423747021e-01 1.217980062419373866e+02 7.631889855710562642e+01
5.841152169991072896e-01 1.205931675935099037e+02 7.631889855710562642e+01
5.999021147558398770e-01 1.193883289450824350e+02 7.631889855710562642e+01
6.156890125125725755e-01 1.181834902966549521e+02 7.631889855710517168e+01
6.314759102693051629e-01 1.169786516482274976e+02 7.631889855710517168e+01
6.472628080260377503e-01 1.157738129998000147e+02 7.631889855710562642e+01
6.630497057827704488e-01 1.145689743513725460e+02 7.631889855710471693e+01
6.788366035395030362e-01 1.133641357029450916e+02 7.631889855710471693e+01
6.946235012962356237e-01 1.121592970545176229e+02 7.631889855710517168e+01
7.104103990529683221e-01 1.109544584060901542e+02 7.631889855710562642e+01
7.261972968097009096e-01 1.097496197576626713e+02 7.631889855710562642e+01
7.419841945664336080e-01 1.085447811092352026e+02 7.631889855710562642e+01
7.577710923231661955e-01 1.073399424608077197e+02 7.631889855710517168e+01
7.735579900798987829e-01 1.061351038123802653e+02 7.631889855710517168e+01
7.893448878366314814e-01 1.049302651639527824e+02 7.631889855710562642e+01
8.051317855933640688e-01 1.037254265155253137e+02 7.631889855710517168e+01
8.209186833500967673e-01 1.025205878670978450e+02 7.631889855710562642e+01
8.367055811068293547e-01 1.013157492186703621e+02 7.631889855710517168e+01
8.524924788635619421e-01 1.001109105702429076e+02 7.631889855710517168e+01
8.682793766202946406e-01 9.890607192181542473e+01 7.631889855710517168e+01
8.840662743770272280e-01 9.770123327338797026e+01 7.631889855710517168e+01
8.998531721337598155e-01 9.649639462496048736e+01 7.631889855710562642e+01
9.156400698904925139e-01 9.529155597653301868e+01 7.631889855710517168e+01
9.314269676472251014e-01 9.408671732810555000e+01 7.631889855710517168e+01
9.472138654039576888e-01 9.288187867967808131e+01 7.631889855710517168e+01
9.630007631606903873e-01 9.167704003125061263e+01 7.631889855710562642e+01
9.787876609174229747e-01 9.047220138282312973e+01 7.631889855710517168e+01
9.945745586741556732e-01 8.926736273439567526e+01 7.631889855710517168e+01
1.010361456430888261e+00 8.806252408596819237e+01 7.631889855710562642e+01
1.026148354187620848e+00 8.685768543754072368e+01 7.631889855710562642e+01
1.041935251944353436e+00 8.565284678911324079e+01 7.631889855710562642e+01
1.057722149701086245e+00 8.444800814068577210e+01 7.631889855710517168e+01
1.073509047457818832e+00 8.324316949225830342e+01 7.631889855710517168e+01
1.089295945214551420e+00 8.203833084383083474e+01 7.631889855710562642e+01
1.105082842971284007e+00 8.083349219540335184e+01 7.631889855710517168e+01
1.120869740728016595e+00 7.962865354697589737e+01 7.631889855710427639e+01
1.136656638484749404e+00 7.842381489854844290e+01 7.631889855710517168e+01
1.152443536241481992e+00 7.721897625012096000e+01 7.631889855710562642e+01
1.168230433998214579e+00 7.601413760169349132e+01 7.631889855710562642e+01
1.184017331754947167e+00 7.480929895326600843e+01 7.631889855710562642e+01
1.199804229511679754e+00 7.360446030483853974e+01 7.631889855710517168e+01
1.215591127268412341e+00 7.239962165641107106e+01 7.631889855710517168e+01
1.231378025025145151e+00 7.119478300798360237e+01 7.631889855710471693e+01
1.247164922781877738e+00 6.998994435955614790e+01 7.631889855710517168e+01
1.262951820538610326e+00 6.878510571112866501e+01 7.631889855710606696e+01
1.278738718295342913e+00 6.758026706270118211e+01 7.631889855710517168e+01
1.294525616052075501e+00 6.637542841427372764e+01 7.631889855710517168e+01
1.310312513808808310e+00 6.517058976584624475e+01 7.631889855710562642e+01
1.326099411565540898e+00 6.396575111741877606e+01 7.631889855710517168e+01
1.341886309322273485e+00 6.276091246899130738e+01 6.972971631884020383e+01
1.357673207079006072e+00 6.176411931315577419e+01 5.930032147977082957e+01
1.373460104835738660e+00 6.088857624470627172e+01 6.588950371803602479e+01
1.389247002592471247e+00 5.968373759627879593e+01 8.357484084610054254e+01
1.405033900349204057e+00 5.824980130976108939e+01 9.016402308436551039e+01
1.420820798105936644e+00 5.683691716874167810e+01 8.941044814726083700e+01
1.436607695862669232e+00 5.542677410319218723e+01 7.797662523122551193e+01
1.452394593619401819e+00 5.437489914886084819e+01 6.345616465149115015e+01
1.468181491376134407e+00 5.342322213641722328e+01 6.720956236591946720e+01
1.483968389132867216e+00 5.225283817016981658e+01 6.044675035490323722e+01
1.499755286889599804e+00 5.151468880125802485e+01 3.566093318958626668e+01
1.515542184646332391e+00 5.112688715782247328e+01 2.673380277289454199e+01
1.531329082403064978e+00 5.067060117920934204e+01 3.307213187129824661e+01
1.547115980159797566e+00 5.008267442892374532e+01 4.726808380544844113e+01
1.562902877916530375e+00 4.917816836682277426e+01 6.628686569672359497e+01
1.578689775673262963e+00 4.798974648618685990e+01 6.769746335687935357e+01
1.594476673429995550e+00 4.704070250201235837e+01 6.376014079356476572e+01
1.610263571186728138e+00 4.597659683886109150e+01 7.268330107156143072e+01
1.626050468943460725e+00 4.474581481673524763e+01 7.673163504264813639e+01
1.641837366700193535e+00 4.355388788461067406e+01 6.894491425903832749e+01
1.657624264456926122e+00 4.256896219222697653e+01 6.225327693645093063e+01
1.673411162213658709e+00 4.158831564857604945e+01 6.486072077821054904e+01
1.689198059970391297e+00 4.052106305751978965e+01 7.247376970531828988e+01
1.704984957727123884e+00 3.930004366381035652e+01 7.397128012562581034e+01
1.720771855483856472e+00 3.818550898496402368e+01 6.855041241029373111e+01
1.736558753240589281e+00 3.713564696000403131e+01 6.797357567704308678e+01
1.752345650997321869e+00 3.603932520621800961e+01 7.256894259709488892e+01
1.768132548754054456e+00 3.484437000581495880e+01 7.761787543074126461e+01
1.783919446510787044e+00 3.358863427917816580e+01 7.800472611212748575e+01
1.799706344267519631e+00 3.238146473446678186e+01 7.526906312464851112e+01
1.815493242024252440e+00 3.121210427159040535e+01 7.436653537679838166e+01
1.831280139780985028e+00 3.003343095343486979e+01 7.560752286998094007e+01
1.847067037537717615e+00 2.882488780521397942e+01 7.350402774078914092e+01
1.862853935294450203e+00 2.771262981213111587e+01 6.939227425789096060e+01
1.878640833051182790e+00 2.663391032758103094e+01 6.817054564869097533e+01
1.894427730807915378e+00 2.556022694377799809e+01 6.666584019505579306e+01
1.910214628564648187e+00 2.452901672152898627e+01 6.629270817283581607e+01
1.926001526321380775e+00 2.346711453189505292e+01 6.941631004834853513e+01
1.941788424078113362e+00 2.233728034276312613e+01 7.056040814129448790e+01
1.957575321834845949e+00 2.123925463389517176e+01 7.021958434449176423e+01
1.973362219591578537e+00 2.012018154562961669e+01 7.130361131188035984e+01
1.989149117348311346e+00 1.898792899096225284e+01 7.092370731660649597e+01
2.004936015105043712e+00 1.788085091375822344e+01 7.024341644570203869e+01
2.020722912861776521e+00 1.677007772393847418e+01 6.877785951898485450e+01
2.036509810618509331e+00 1.570927284145195557e+01 6.625564037055551125e+01
2.052296708375241696e+00 1.467813568326486084e+01 6.527353347364164904e+01
2.068083606131974506e+00 1.364833964311386438e+01 6.374383550428052558e+01
2.083870503888706871e+00 1.266550085580874097e+01 6.050051607741224302e+01
2.099657401645439680e+00 1.173810872002653305e+01 5.724827900744502784e+01
2.115444299402172490e+00 1.085795540092986577e+01 5.455639103194079098e+01
2.131231197158904855e+00 1.001555638563138473e+01 5.214394509660946397e+01
2.147018094915637665e+00 9.211573141184159041e+00 4.978101011565460965e+01
2.162804992672370030e+00 8.443780951785960553e+00 4.585351650199703499e+01
2.178591890429102840e+00 7.763803587576799892e+00 4.194035313026207490e+01
2.194378788185835649e+00 7.119564818288543151e+00 3.849655898495429796e+01
2.210165685942568015e+00 6.548321106213799148e+00 3.437468185804969778e+01
2.225952583699300824e+00 6.034225642462057948e+00 2.994807434297439741e+01
2.241739481456033189e+00 5.602746730886670079e+00 2.507386574859785355e+01
2.257526379212765999e+00 5.242548532583748866e+00 2.040257429553105695e+01
2.273313276969498808e+00 4.958560022131289990e+00 1.598808367809523467e+01
2.289100174726231174e+00 4.737744047879398401e+00 1.165404795984964714e+01
2.304887072482963983e+00 4.590597494942880274e+00 7.393657561000112288e+00
2.320673970239696349e+00 4.504298215951794582e+00 2.937602055899610765e+00
2.336460867996429158e+00 4.497846248329970820e+00 -1.295038074293311414e+00
2.352247765753161524e+00 4.545187483291683428e+00 -4.333991228478343061e+00
2.368034663509894333e+00 4.634686801135098122e+00 -7.231232925014963620e+00
2.383821561266627143e+00 4.773504952976343141e+00 -9.889122192745018580e+00
2.399608459023359508e+00 4.946923923056500527e+00 -1.178672663043042768e+01
2.415395356780092317e+00 5.145656649378668845e+00 -1.296848597695144711e+01
2.431182254536824683e+00 5.356388247412007253e+00 -1.348529450412748965e+01
2.446969152293557492e+00 5.571438580490847059e+00 -1.322740855915434821e+01
2.462756050050290302e+00 5.774027740431806777e+00 -1.252778112646180730e+01
2.478542947807022667e+00 5.966988180015201593e+00 -1.089757839191066680e+01
2.494329845563755477e+00 6.118105652169951725e+00 -8.635374087502245999e+00
2.510116743320487842e+00 6.239639715636274175e+00 -7.022641397541008246e+00
2.525903641077220652e+00 6.339837095620307394e+00 -5.001908082492257712e+00
2.541690538833953461e+00 6.397568938610033840e+00 -2.529228210179273795e+00
2.557477436590685826e+00 6.419694429935395519e+00 -1.057551930987146616e+00
2.573264334347418636e+00 6.430959867023892329e+00 3.499365619872640831e-01
2.589051232104151001e+00 6.408645604484524583e+00 1.291876165647277475e+00
2.604838129860883811e+00 6.390170433141025619e+00 2.162781785558476333e+00
2.620625027617616620e+00 6.340358374647053985e+00 4.278939632448228281e+00
2.636411925374348986e+00 6.255068068171643070e+00 5.651469375703234377e+00
2.652198823131081795e+00 6.161920036227988895e+00 7.067344254154409811e+00
2.667985720887814161e+00 6.031925185867708095e+00 9.859551273409072891e+00
2.683772618644546970e+00 5.850616580466844852e+00 1.273237201147294684e+01
2.699559516401279780e+00 5.629915875576092965e+00 1.516149972263118961e+01
2.715346414158012145e+00 5.371910488547027462e+00 1.751692957761061109e+01
2.731133311914744954e+00 5.076839923068844129e+00 1.960587186993135944e+01
2.746920209671477320e+00 4.752878699262613971e+00 2.095806580416827458e+01
2.762707107428210129e+00 4.415114239010286212e+00 2.124310410215812439e+01
2.778494005184942495e+00 4.082153274269818333e+00 2.050241132604946159e+01
2.794280902941675304e+00 3.767775296268646379e+00 1.851932451902109378e+01
2.810067800698408114e+00 3.497427908858742995e+00 1.651836356735611133e+01
2.825854698455140479e+00 3.246227862775870054e+00 1.437423070431171368e+01
2.841641596211873289e+00 3.043578887937431254e+00 1.138966360164400804e+01
2.857428493968605654e+00 2.886612953250403901e+00 9.274767113911620342e+00
2.873215391725338463e+00 2.750739287647773423e+00 7.315248582431964408e+00
2.889002289482071273e+00 2.655642790378530460e+00 4.918530518694589126e+00
2.904789187238803638e+00 2.595442610823772256e+00 3.164916468402411365e+00
2.920576084995536448e+00 2.555714364987994092e+00 2.210811807769741844e+00
2.936362982752268813e+00 2.525638890886495957e+00 6.726144583972532009e-01
2.952149880509001623e+00 2.534477373619159035e+00 -1.323072015221009590e+00
2.967936778265734432e+00 2.567413296144672508e+00 -2.803623943318453549e+00
2.983723676022466798e+00 2.622998422702151000e+00 -3.717566314183635257e+00
2.999510573779199607e+00 2.684790974756453341e+00 -4.528102812002981814e+00
3.015297471535931972e+00 2.765967814952280168e+00 -5.536800512317040734e+00
3.031084369292664782e+00 2.859608781931201271e+00 -7.280348131096215702e+00
3.046871267049397591e+00 2.995836038110351041e+00 -8.808436943369326144e+00
3.062658164806129957e+00 3.137724568774397316e+00 -1.173699479662181133e+01
3.078445062562862766e+00 3.366417511761493842e+00 -1.402781289986291036e+01
3.094231960319595132e+00 3.580635864775818966e+00 -1.340145853569530843e+01
3.110018858076327941e+00 3.789552423149721072e+00 -1.524698115440514989e+01
3.125805755833060751e+00 4.062040929942665635e+00 -1.763398461194452338e+01
3.141592653589793116e+00 4.346324247374850458e+00 -1.800754789274204981e+01
