0.000000000000000000e+00 3.444493659766029623e+02 4.246153384594850166e+01
1.578689775673262907e-02 3.437790300831829313e+02 8.492306769190059867e+01
3.157379551346525814e-02 3.417680224029227247e+02 1.698461353838029879e+02
4.736069327019788722e-02 3.384163429358223993e+02 2.547692030757054056e+02
6.314759102693051629e-02 3.337239916818818983e+02 2.972307369216592861e+02
7.893448878366314536e-02 3.290316404279413405e+02 2.972307369216592861e+02
9.472138654039577443e-02 3.243392891740008395e+02 2.972307369216557049e+02
1.105082842971284035e-01 3.196469379200603953e+02 2.972307369216557049e+02
1.262951820538610326e-01 3.149545866661198943e+02 2.972307369216575239e+02
1.420820798105936755e-01 3.102622354121793933e+02 2.972307369216575239e+02
1.578689775673262907e-01 3.055698841582388923e+02 2.972307369216575239e+02
1.736558753240589059e-01 3.008775329042983913e+02 2.972307369216592861e+02
1.894427730807915489e-01 2.961851816503578334e+02 2.972307369216575239e+02
2.052296708375241918e-01 2.914928303964173892e+02 2.972307369216557049e+02
2.210165685942568070e-01 2.868004791424768882e+02 2.972307369216575239e+02
2.368034663509894222e-01 2.821081278885363872e+02 2.972307369216575239e+02
2.525903641077220652e-01 2.774157766345958862e+02 2.972307369216575239e+02
2.683772618644547081e-01 2.727234253806553852e+02 2.972307369216575239e+02
2.841641596211873511e-01 2.680310741267148842e+02 2.972307369216592861e+02
2.999510573779199385e-01 2.633387228727743263e+02 2.972307369216575239e+02
3.157379551346525814e-01 2.586463716188338822e+02 2.972307369216557049e+02
3.315248528913852244e-01 2.539540203648933812e+02 2.972307369216566144e+02
3.473117506481178118e-01 2.492616691109529086e+02 2.972307369216566144e+02
3.630986484048504548e-01 2.445693178570124076e+02 2.972307369216575239e+02
3.788855461615830977e-01 2.398769666030719065e+02 2.972307369216575239e+02
3.946724439183157407e-01 2.351846153491314055e+02 2.972307369216575239e+02
4.104593416750483836e-01 2.304922640951909045e+02 2.972307369216566144e+02
4.262462394317809711e-01 2.257999128412504319e+02 2.972307369216575239e+02
4.420331371885136140e-01 2.211075615873099025e+02 2.972307369216583766e+02
4.578200349452462570e-01 2.164152103333694015e+02 2.972307369216566144e+02
4.736069327019788444e-01 2.117228590794289289e+02 2.972307369216566144e+02
4.893938304587114874e-01 2.070305078254884279e+02 2.972307369216583766e+02
5.051807282154441303e-01 2.023381565715478985e+02 2.972307369216575239e+02
5.209676259721767178e-01 1.976458053176074259e+02 2.972307369216566144e+02
5.367545237289094162e-01 1.929534540636669249e+02 2.972307369216583766e+02
5.525414214856420037e-01 1.882611028097263954e+02 2.972307369216575239e+02
5.683283192423747021e-01 1.835687515557859228e+02 2.972307369216566144e+02
5.841152169991072896e-01 1.788764003018454218e+02 2.972307369216575239e+02
5.999021147558398770e-01 1.741840490479049208e+02 2.972307369216575239e+02
6.156890125125725755e-01 1.694916977939644198e+02 2.972307369216575239e+02
6.314759102693051629e-01 1.647993465400239188e+02 2.972307369216566144e+02
6.472628080260377503e-01 1.601069952860834462e+02 2.972307369216566144e+02
6.630497057827704488e-01 1.554146440321429452e+02 2.972307369216575239e+02
6.788366035395030362e-01 1.507222927782024442e+02 2.972307369216575239e+02
6.946235012962356237e-01 1.460299415242619432e+02 2.972307369216566144e+02
7.104103990529683221e-01 1.413375902703214706e+02 2.972307369216566144e+02
7.261972968097009096e-01 1.366452390163809696e+02 2.972307369216583766e+02
7.419841945664336080e-01 1.319528877624404402e+02 2.972307369216579218e+02
7.577710923231661955e-01 1.272605365084999534e+02 2.972307369216570692e+02
7.735579900798987829e-01 1.225681852545594523e+02 2.972307369216575239e+02
7.893448878366314814e-01 1.178758340006189513e+02 2.972307369216570692e+02
8.051317855933640688e-01 1.131834827466784645e+02 2.972307369216570692e+02
8.209186833500967673e-01 1.084911314927379635e+02 2.972307369216575239e+02
8.367055811068293547e-01 1.037987802387974625e+02 2.972307369216570692e+02
8.524924788635619421e-01 9.910642898485697572e+01 2.972307369216570692e+02
8.682793766202946406e-01 9.441407773091647471e+01 2.972307369216575239e+02
8.840662743770272280e-01 8.972172647697597370e+01 2.972307369216575239e+02
8.998531721337598155e-01 8.502937522303547269e+01 2.972307369216575239e+02
9.156400698904925139e-01 8.033702396909497168e+01 3.198298470354760070e+02
9.314269676472251014e-01 7.493113303363448097e+01 3.312390290479867190e+02
9.472138654039576888e-01 6.987855059985506045e+01 3.086399189341682359e+02
9.630007631606903873e-01 6.518619934591455944e+01 3.024539979922132034e+02
9.787876609174229747e-01 6.032892991501888957e+01 2.987764356462565161e+02
9.945745586741556732e-01 5.575269326257764391e+01 2.817534820059347567e+02
1.010361456430888261e+00 5.143290308895669227e+01 2.656967904667248490e+02
1.026148354187620848e+00 4.736363713179724755e+01 2.236108658878968924e+02
1.041935251944353436e+00 4.437265933482333224e+01 1.890817102048768845e+02
1.057722149701086245e+00 4.139360987845216755e+01 1.894821636804092861e+02
1.073509047457818832e+00 3.838998824532913545e+01 1.698348792035640429e+02
1.089295945214551420e+00 3.603127813142476299e+01 1.450580036697611206e+02
1.105082842971284007e+00 3.380995649986860485e+01 1.354121497210982739e+02
1.120869740728016595e+00 3.175580260609206462e+01 1.224539649660777769e+02
1.136656638484749404e+00 2.994362005021662654e+01 1.112945812079295820e+02
1.152443536241481992e+00 2.824181025727614269e+01 1.037066440497323185e+02
1.168230433998214579e+00 2.666920767760264965e+01 9.270275349695120326e+01
1.184017331754947167e+00 2.531483247482822918e+01 8.301209644206232952e+01
1.199804229511679754e+00 2.404820071939691672e+01 7.407508561237878553e+01
1.215591127268412341e+00 2.297600086906054884e+01 6.111499112561945424e+01
1.231378025025145151e+00 2.211856848678936416e+01 4.864206596986138464e+01
1.247164922781877738e+00 2.144018622477565827e+01 3.519242519030886740e+01
1.262951820538610326e+00 2.100741005020762842e+01 1.971626884373199928e+01
1.278738718295342913e+00 2.081766878401515797e+01 5.861219292546824278e+00
1.294525616052075501e+00 2.082234911080517747e+01 -6.339566560368912640e+00
1.310312513808808310e+00 2.101783296223624831e+01 -1.735027497098084126e+01
1.326099411565540898e+00 2.137016314484132096e+01 -2.685984422787259263e+01
1.341886309322273485e+00 2.186590019141062768e+01 -3.520022642889227171e+01
1.357673207079006072e+00 2.248156789613484108e+01 -4.030078882108320215e+01
1.373460104835738660e+00 2.313834905667885522e+01 -4.323309486490703080e+01
1.389247002592471247e+00 2.384660079281366052e+01 -4.507997650053640371e+01
1.405033900349204057e+00 2.456169501645861075e+01 -4.526250187283612547e+01
1.420820798105936644e+00 2.527570977137442654e+01 -4.415519980621134977e+01
1.436607695862669232e+00 2.595584226599612876e+01 -4.327790262134434585e+01
1.452394593619401819e+00 2.664215741899241507e+01 -3.915864890933495701e+01
1.468181491376134407e+00 2.719222943924305014e+01 -3.411177555199511602e+01
1.483968389132867216e+00 2.771919564487233245e+01 -3.112350963624788847e+01
1.499755286889599804e+00 2.817491676815930646e+01 -2.682663609019637008e+01
1.515542184646332391e+00 2.856621436709833972e+01 -2.424572767434171894e+01
1.531329082403064978e+00 2.894044641582413746e+01 -2.306406856150864471e+01
1.547115980159797566e+00 2.929443455156795650e+01 -1.729196845085145284e+01
1.562902877916530375e+00 2.948641949171661381e+01 -1.177878610355761779e+01
1.578689775673262963e+00 2.966633553539853096e+01 -8.152690540280403297e+00
1.594476673429995550e+00 2.974383087571998985e+01 -1.013989984538320316e-01
1.610263571186728138e+00 2.966953708664098244e+01 8.002879363932215995e+00
1.626050468943460725e+00 2.949114959916426315e+01 1.726542940460540976e+01
1.641837366700193535e+00 2.912440194916780101e+01 2.850296330186602134e+01
1.657624264456926122e+00 2.859120286434334091e+01 3.621799225192112459e+01
1.673411162213658709e+00 2.798086246789737430e+01 4.119574793439495863e+01
1.689198059970391297e+00 2.729049674303849571e+01 4.636845669182101659e+01
1.704984957727123884e+00 2.651683429803484771e+01 4.879748829332125837e+01
1.720771855483856472e+00 2.574977482609445545e+01 4.930528530246843388e+01
1.736558753240589281e+00 2.496007930216164539e+01 5.042652661848952533e+01
1.752345650997321869e+00 2.415761798618795453e+01 5.112548839771110210e+01
1.768132548754054456e+00 2.334585358596627458e+01 5.008359385922802431e+01
1.783919446510787044e+00 2.257628883509724460e+01 4.860035650584516986e+01
1.799706344267519631e+00 2.181135586776920832e+01 4.839139825109641180e+01
1.815493242024252440e+00 2.104838872210646628e+01 4.787436439984977454e+01
1.831280139780985028e+00 2.029978047587123058e+01 4.709691384795939939e+01
1.847067037537717615e+00 1.956136039495570600e+01 4.526089176814127768e+01
1.862853935294450203e+00 1.887072233442685487e+01 4.132191320583385874e+01
1.878640833051182790e+00 1.825667075716954812e+01 4.004929642397348033e+01
1.894427730807915378e+00 1.760621403867816070e+01 4.085578955941917201e+01
1.910214628564648187e+00 1.696669841207927831e+01 3.963078568992226991e+01
1.926001526321380775e+00 1.635491971526658972e+01 3.971409631986335143e+01
1.941788424078113362e+00 1.571277365587384978e+01 4.052849531890888102e+01
1.957575321834845949e+00 1.507528129159892671e+01 4.091709601981136046e+01
1.973362219591578537e+00 1.442086563313950265e+01 4.316059169634281290e+01
1.989149117348311346e+00 1.371253759513843207e+01 4.376822970584558448e+01
2.004936015105043712e+00 1.303893649842075853e+01 4.277763861414570812e+01
2.020722912861776521e+00 1.236188518098648004e+01 4.278771137974950989e+01
2.036509810618509331e+00 1.168796604882737711e+01 4.099776157558332557e+01
2.052296708375241696e+00 1.106743024048920887e+01 3.880058044069988199e+01
2.068083606131974506e+00 1.046288445618895935e+01 3.683571426447279862e+01
2.083870503888706871e+00 9.904386930710309400e+00 3.347748126621772258e+01
2.099657401645439680e+00 9.405873308383537079e+00 2.979372200917041269e+01
2.115444299402172490e+00 8.963686044407733533e+00 2.583888724455163199e+01
2.131231197158904855e+00 8.590041566228578063e+00 2.087427880321987317e+01
2.147018094915637665e+00 8.304605833983806917e+00 1.615071194473315330e+01
2.162804992672370030e+00 8.080102289888692724e+00 1.118322444251768566e+01
2.178591890429102840e+00 7.951508992254566976e+00 5.598409957904060263e+00
2.194378788185835649e+00 7.903339238677282275e+00 5.295853103192023070e-01
2.210165685942568015e+00 7.934787973959613439e+00 -3.747767685402036975e+00
2.225952583699300824e+00 8.021670489208139188e+00 -8.084101065535291397e+00
2.241739481456033189e+00 8.190033727913011319e+00 -1.144097272088682082e+01
2.257526379212765999e+00 8.382905422372553872e+00 -1.295710999593653767e+01
2.273313276969498808e+00 8.599138869370188232e+00 -1.397295231351564304e+01
2.289100174726231174e+00 8.824084561438898078e+00 -1.408275194356239979e+01
2.304887072482963983e+00 9.043784799503082894e+00 -1.352995611166173084e+01
2.320673970239696349e+00 9.251276629014665076e+00 -1.245674158791604214e+01
2.336460867996429158e+00 9.437091411164022503e+00 -1.039796096078039511e+01
2.352247765753161524e+00 9.579579722147339993e+00 -8.055645209895814673e+00
2.368034663509894333e+00 9.691438705750298865e+00 -6.588197066597482277e+00
2.383821561266627143e+00 9.787594109130500541e+00 -5.329693333219147178e+00
2.399608459023359508e+00 9.859717353202839263e+00 -3.503176266552129103e+00
2.415395356780092317e+00 9.898202680218242122e+00 -1.379783504355757806e+00
2.431182254536824683e+00 9.903282355422220462e+00 1.010176893904271012e+00
2.446969152293557492e+00 9.866307561537681181e+00 3.740019076244958107e+00
2.462756050050290302e+00 9.785195757892402924e+00 5.633389496047131573e+00
2.478542947807022667e+00 9.688440073541785935e+00 6.733597351553476607e+00
2.494329845563755477e+00 9.572590532044442213e+00 8.614871840038565765e+00
2.510116743320487842e+00 9.416435871689698089e+00 9.745665109908134838e+00
2.525903641077220652e+00 9.264882894721489848e+00 1.046784597922563442e+01
2.541690538833953461e+00 9.085926243275178393e+00 1.066125395173493473e+01
2.557477436590685826e+00 8.928266642532287634e+00 9.874219863025459176e+00
2.573264334347418636e+00 8.774159644465015617e+00 1.027362166920102382e+01
2.589051232104151001e+00 8.603889412766228872e+00 1.156833529661348692e+01
2.604838129860883811e+00 8.408903391378538927e+00 1.203601402335144144e+01
2.620625027617616620e+00 8.223866767195730176e+00 1.281278328131508104e+01
2.636411925374348986e+00 8.004355192095950144e+00 1.299293702487529423e+01
2.652198823131081795e+00 7.813630430452985998e+00 1.235162999481244306e+01
2.667985720887814161e+00 7.614367352381758103e+00 1.239551981588768648e+01
2.683772618644546970e+00 7.422256822503041640e+00 1.107869811961505135e+01
2.699559516401279780e+00 7.264570803397620402e+00 9.513995739593935852e+00
2.715346414158012145e+00 7.121863866505123042e+00 8.197198326880855035e+00
2.731133311914744954e+00 7.005754139641364731e+00 5.395821749916146715e+00
2.746920209671477320e+00 6.951497293946162337e+00 2.066177016300652092e+00
2.762707107428210129e+00 6.940517089034066167e+00 -7.219979916055346836e-01
2.778494005184942495e+00 6.974293510894248094e+00 -4.558855597963730411e+00
2.794280902941675304e+00 7.084457463459589377e+00 -8.155898997695119945e+00
2.810067800698408114e+00 7.231806198075950043e+00 -1.244097838868841066e+01
2.825854698455140479e+00 7.477266371091477737e+00 -1.748494857868340802e+01
2.841641596211873289e+00 7.783872389062755026e+00 -2.120135470708532921e+01
2.857428493968605654e+00 8.146673609221434020e+00 -2.421282623850821736e+01
2.873215391725338463e+00 8.548363213520479675e+00 -2.761746520867938059e+01
2.889002289482071273e+00 9.018661808320517892e+00 -3.007812063505762268e+01
2.904789187238803638e+00 9.498043643881128872e+00 -3.138101461810018833e+01
2.920576084995536448e+00 1.000947954687747732e+01 -3.124188640940741379e+01
2.936362982752268813e+00 1.048446857682666788e+01 -3.021111471832224638e+01
2.952149880509001623e+00 1.096335910522762447e+01 -2.873056239926964039e+01
2.967936778265734432e+00 1.139160147900806130e+01 -2.655479412382849702e+01
2.983723676022466798e+00 1.180179474479555424e+01 -2.455573755266226854e+01
2.999510573779199607e+00 1.216691931517813963e+01 -2.231711634176952330e+01
3.015297471535931972e+00 1.250643081262079903e+01 -2.070186582918778129e+01
3.031084369292664782e+00 1.282055579361610853e+01 -2.202764177264038281e+01
3.046871267049397591e+00 1.320192706959401185e+01 -2.391551932516766499e+01
3.062658164806129957e+00 1.357565951038727903e+01 -2.440512158852205005e+01
3.078445062562862766e+00 1.397248938811126351e+01 -2.570615679212767191e+01
3.094231960319595132e+00 1.438730044837899413e+01 -2.695751834850445405e+01
3.110018858076327941e+00 1.482364055999743080e+01 -2.795471048684219539e+01
3.125805755833060751e+00 1.526993676092867247e+01 -2.873432537638392148e+01
3.141592653589793116e+00 1.573089227364875242e+01 -2.919861266115418630e+01
