0.000000000000000000e+00 3.218678493142049319e+02 2.455126976130462069e+01
1.578689775673262907e-02 3.214802609286852544e+02 4.910253952260563892e+01
3.157379551346525814e-02 3.203174957721263354e+02 9.820507904521127784e+01
4.736069327019788722e-02 3.183795538445280613e+02 1.473076185678169168e+02
6.314759102693051629e-02 3.156664351458905458e+02 1.718588883291197362e+02
7.893448878366314536e-02 3.129533164472529734e+02 1.718588883291197362e+02
9.472138654039577443e-02 3.102401977486154578e+02 1.718588883291215552e+02
1.105082842971284035e-01 3.075270790499778286e+02 1.718588883291215552e+02
1.262951820538610326e-01 3.048139603513403131e+02 1.718588883291197362e+02
1.420820798105936755e-01 3.021008416527027407e+02 1.718588883291197362e+02
1.578689775673262907e-01 2.993877229540652252e+02 1.718588883291197362e+02
1.736558753240589059e-01 2.966746042554276528e+02 1.718588883291215552e+02
1.894427730807915489e-01 2.939614855567900804e+02 1.718588883291197362e+02
2.052296708375241918e-01 2.912483668581525649e+02 1.718588883291179457e+02
2.210165685942568070e-01 2.885352481595150493e+02 1.718588883291197362e+02
2.368034663509894222e-01 2.858221294608774770e+02 1.718588883291215552e+02
2.525903641077220652e-01 2.831090107622399046e+02 1.718588883291197362e+02
2.683772618644547081e-01 2.803958920636023890e+02 1.718588883291197362e+02
2.841641596211873511e-01 2.776827733649648167e+02 1.718588883291197362e+02
2.999510573779199385e-01 2.749696546663273011e+02 1.718588883291197362e+02
3.157379551346525814e-01 2.722565359676897287e+02 1.718588883291215552e+02
3.315248528913852244e-01 2.695434172690521564e+02 1.718588883291197362e+02
3.473117506481178118e-01 2.668302985704146408e+02 1.718588883291179457e+02
3.630986484048504548e-01 2.641171798717771253e+02 1.718588883291197362e+02
3.788855461615830977e-01 2.614040611731395529e+02 1.718588883291215552e+02
3.946724439183157407e-01 2.586909424745019805e+02 1.718588883291197362e+02
4.104593416750483836e-01 2.559778237758644650e+02 1.718588883291188552e+02
4.262462394317809711e-01 2.532647050772269210e+02 1.718588883291197362e+02
4.420331371885136140e-01 2.505515863785893771e+02 1.718588883291197362e+02
4.578200349452462570e-01 2.478384676799518331e+02 1.718588883291197362e+02
4.736069327019788444e-01 2.451253489813142892e+02 1.718588883291197362e+02
4.893938304587114874e-01 2.424122302826767452e+02 1.718588883291197362e+02
5.051807282154441303e-01 2.396991115840392013e+02 1.718588883291206457e+02
5.209676259721767178e-01 2.369859928854016289e+02 1.718588883291215552e+02
5.367545237289094162e-01 2.342728741867640565e+02 1.718588883291197362e+02
5.525414214856420037e-01 2.315597554881265410e+02 1.718588883291197362e+02
5.683283192423747021e-01 2.288466367894889686e+02 1.718588883291197362e+02
5.841152169991072896e-01 2.261335180908514531e+02 1.718588883291197362e+02
5.999021147558398770e-01 2.234203993922138807e+02 1.718588883291224363e+02
6.156890125125725755e-01 2.207072806935762799e+02 1.718588883291215552e+02
6.314759102693051629e-01 2.179941619949387359e+02 1.718588883291197362e+02
6.472628080260377503e-01 2.152810432963011920e+02 1.718588883291197362e+02
6.630497057827704488e-01 2.125679245976636480e+02 1.718588883291206457e+02
6.788366035395030362e-01 2.098548058990260756e+02 1.718588883291206457e+02
6.946235012962356237e-01 2.071416872003885317e+02 1.718588883291197362e+02
7.104103990529683221e-01 2.044285685017509877e+02 1.718588883291197362e+02
7.261972968097009096e-01 2.017154498031134437e+02 1.718588883291197362e+02
7.419841945664336080e-01 1.990023311044758998e+02 1.718588883291206457e+02
7.577710923231661955e-01 1.962892124058383274e+02 1.718588883291206457e+02
7.735579900798987829e-01 1.935760937072007835e+02 1.718588883291197362e+02
7.893448878366314814e-01 1.908629750085632395e+02 1.718588883291197362e+02
8.051317855933640688e-01 1.881498563099256955e+02 1.718588883291197362e+02
8.209186833500967673e-01 1.854367376112881516e+02 1.718588883291197362e+02
8.367055811068293547e-01 1.827236189126506076e+02 1.718588883291206457e+02
8.524924788635619421e-01 1.800105002140130352e+02 1.718588883291197362e+02
8.682793766202946406e-01 1.772973815153755197e+02 1.718588883291188552e+02
8.840662743770272280e-01 1.745842628167379758e+02 1.718588883291206457e+02
8.998531721337598155e-01 1.718711441181004034e+02 1.718588883291206457e+02
9.156400698904925139e-01 1.691580254194628594e+02 1.718588883291197362e+02
9.314269676472251014e-01 1.664449067208253155e+02 1.718588883291197362e+02
9.472138654039576888e-01 1.637317880221877715e+02 1.718588883291197362e+02
9.630007631606903873e-01 1.610186693235502275e+02 1.718588883291197362e+02
9.787876609174229747e-01 1.583055506249126836e+02 1.718588883291197362e+02
9.945745586741556732e-01 1.555924319262751396e+02 1.718588883291206457e+02
1.010361456430888261e+00 1.528793132276375673e+02 1.718588883291215552e+02
1.026148354187620848e+00 1.501661945289999949e+02 1.718588883291197362e+02
1.041935251944353436e+00 1.474530758303624793e+02 1.718588883291197362e+02
1.057722149701086245e+00 1.447399571317249070e+02 1.718588883291215552e+02
1.073509047457818832e+00 1.420268384330873346e+02 1.718588883291206457e+02
1.089295945214551420e+00 1.393137197344497906e+02 1.718588883291206457e+02
1.105082842971284007e+00 1.366006010358122182e+02 1.718588883291206457e+02
1.120869740728016595e+00 1.338874823371746743e+02 1.718588883291197362e+02
1.136656638484749404e+00 1.311743636385371303e+02 1.718588883291197362e+02
1.152443536241481992e+00 1.284612449398995864e+02 1.718588883291193099e+02
1.168230433998214579e+00 1.257481262412620566e+02 1.718588883291197362e+02
1.184017331754947167e+00 1.230350075426244985e+02 1.718588883291201910e+02
1.199804229511679754e+00 1.203218888439869545e+02 1.718588883291206457e+02
1.215591127268412341e+00 1.176087701453493821e+02 1.718588883291206457e+02
1.231378025025145151e+00 1.148956514467118382e+02 1.718588883291197362e+02
1.247164922781877738e+00 1.121825327480742942e+02 1.718588883291206457e+02
1.262951820538610326e+00 1.094694140494367218e+02 1.718588883291206457e+02
1.278738718295342913e+00 1.067562953507991779e+02 1.718588883291193099e+02
1.294525616052075501e+00 1.040431766521616481e+02 1.718588883291197362e+02
1.310312513808808310e+00 1.013300579535240900e+02 1.718588883291201910e+02
1.326099411565540898e+00 9.861693925488654600e+01 1.718588883291201910e+02
1.341886309322273485e+00 9.590382055624898783e+01 1.718588883291201910e+02
1.357673207079006072e+00 9.319070185761144387e+01 1.718588883291197362e+02
1.373460104835738660e+00 9.047758315897389991e+01 1.718588883291197362e+02
1.389247002592471247e+00 8.776446446033635596e+01 1.718588883291197362e+02
1.405033900349204057e+00 8.505134576169881200e+01 1.718588883291201910e+02
1.420820798105936644e+00 8.233822706306125383e+01 1.718588883291201910e+02
1.436607695862669232e+00 7.962510836442370987e+01 1.718588883291197362e+02
1.452394593619401819e+00 7.691198966578616592e+01 1.718588883291206457e+02
1.468181491376134407e+00 7.419887096714859354e+01 1.718588883291206457e+02
1.483968389132867216e+00 7.148575226851104958e+01 1.718588883291197362e+02
1.499755286889599804e+00 6.877263356987350562e+01 1.732757400999054767e+02
1.515542184646332391e+00 6.601477948315228161e+01 1.703896612569546676e+02
1.531329082403064978e+00 6.339278524773780532e+01 1.689728094861689272e+02
1.547115980159797566e+00 6.067966654910026136e+01 1.655108165662656461e+02
1.562902877916530375e+00 5.816698057020787616e+01 1.546637497527810012e+02
1.578689775673262963e+00 5.579634494106019105e+01 1.475631646363223979e+02
1.594476673429995550e+00 5.350785138466082458e+01 1.414060705717680264e+02
1.610263571186728138e+00 5.133161858446455028e+01 1.342514389315570611e+02
1.626050468943460725e+00 4.926902390444737279e+01 1.342364375608673299e+02
1.641837366700193535e+00 4.709326475446167848e+01 1.285994290914765941e+02
1.657624264456926122e+00 4.520865182716471509e+01 1.226811388631653017e+02
1.673411162213658709e+00 4.321975556263706153e+01 1.292798883880964524e+02
1.689198059970391297e+00 4.112679506719534572e+01 1.241975768614987743e+02
1.704984957727123884e+00 3.929836666754421515e+01 1.129344291094270574e+02
1.720771855483856472e+00 3.756102649606435762e+01 1.010675456257008165e+02
1.736558753240589281e+00 3.610728064891051758e+01 8.339857592254591623e+01
1.752345650997321869e+00 3.492781691377168585e+01 7.267512713292772730e+01
1.768132548754054456e+00 3.381265104590036685e+01 6.311462502459783508e+01
1.783919446510787044e+00 3.293504864933599663e+01 5.004223724391658124e+01
1.799706344267519631e+00 3.223262768012462942e+01 4.935432833792923901e+01
1.815493242024252440e+00 3.137674517868979507e+01 5.272366731376600058e+01
1.831280139780985028e+00 3.056794138963980956e+01 5.704275354858241087e+01
1.847067037537717615e+00 2.957568894262185921e+01 6.514497727867932042e+01
1.862853935294450203e+00 2.851106719831344805e+01 7.166377466858234868e+01
1.878640833051182790e+00 2.731299157551298862e+01 8.090100855723841278e+01
1.894427730807915378e+00 2.595671529729409954e+01 8.295931053506237163e+01
1.910214628564648187e+00 2.469365126874086513e+01 7.889871558610154523e+01
1.926001526321380775e+00 2.346558338510347497e+01 7.942367206188487216e+01
1.941788424078113362e+00 2.218594448813038866e+01 7.908730067209593528e+01
1.957575321834845949e+00 2.096849712597077442e+01 7.689741312646130211e+01
1.973362219591578537e+00 1.975800129056104026e+01 7.217052113517176792e+01
1.989149117348311346e+00 1.868979984954863838e+01 6.440590995983022538e+01
2.004936015105043712e+00 1.772446225963070532e+01 6.460383505808954396e+01
2.020722912861776521e+00 1.665001157203888127e+01 6.770349504088592596e+01
2.036509810618509331e+00 1.558680595166286409e+01 6.508410057841659579e+01
2.052296708375241696e+00 1.459505948919814955e+01 6.109041423755727607e+01
2.068083606131974506e+00 1.365794970469334402e+01 5.779595458991097701e+01
2.083870503888706871e+00 1.277022183747077655e+01 5.671039860937678867e+01
2.099657401645439680e+00 1.186738717551377675e+01 5.751832961353537854e+01
2.115444299402172490e+00 1.095414985997691737e+01 5.441043780600747226e+01
2.131231197158904855e+00 1.014944313842877754e+01 4.921545602656358653e+01
2.147018094915637665e+00 9.400231115292257300e+00 4.639812456647226213e+01
2.162804992672370030e+00 8.684478241158693379e+00 4.529365785494255192e+01
2.178591890429102840e+00 7.970138424123441645e+00 4.415862717411748406e+01
2.194378788185835649e+00 7.290222776607757638e+00 4.038290651737092674e+01
2.210165685942568015e+00 6.695096791504588474e+00 3.563202947834275847e+01
2.225952583699300824e+00 6.165184364128797334e+00 3.236193625805377394e+01
2.241739481456033189e+00 5.673307633673001504e+00 2.868377393217853921e+01
2.257526379212765999e+00 5.259528751439726868e+00 2.407399514442183630e+01
2.273313276969498808e+00 4.913200233790870897e+00 1.850138726537894485e+01
2.289100174726231174e+00 4.675369733207221934e+00 1.280920577752509715e+01
2.304887072482963983e+00 4.508764989881395735e+00 8.797194611193479119e+00
2.320673970239696349e+00 4.397608909461240501e+00 4.260592905456595858e+00
2.336460867996429158e+00 4.374241900718388365e+00 -5.722411265349544029e-01
2.352247765753161524e+00 4.415676733774850149e+00 -3.737041060865437192e+00
2.368034663509894333e+00 4.492234470999576956e+00 -6.376496301670449895e+00
2.383821561266627143e+00 4.617006924096160425e+00 -9.032565581688066558e+00
2.399608459023359508e+00 4.777426849637760320e+00 -1.154750514365081671e+01
2.415395356780092317e+00 4.981605490192479557e+00 -1.275877635006696131e+01
2.431182254536824683e+00 5.180269845116811211e+00 -1.238048760633084733e+01
2.446969152293557492e+00 5.372504474231760696e+00 -1.223863228307292417e+01
2.462756050050290302e+00 5.566689918187050168e+00 -1.243178217701084343e+01
2.478542947807022667e+00 5.765023022556643006e+00 -1.194987326942920980e+01
2.494329845563755477e+00 5.943992773207832592e+00 -9.777626704004010350e+00
2.510116743320487842e+00 6.073739808715862942e+00 -6.881501538713854060e+00
2.525903641077220652e+00 6.161267895616780343e+00 -6.209238183978051495e+00
2.541690538833953461e+00 6.269789025431186325e+00 -5.755771032733844272e+00
2.557477436590685826e+00 6.342999433226645500e+00 -3.644663052946385040e+00
2.573264334347418636e+00 6.384864871380397489e+00 -1.374655770356061568e+00
2.589051232104151001e+00 6.386402533421272842e+00 1.202069805330846508e+00
2.604838129860883811e+00 6.346910965153970352e+00 2.515016319347429086e+00
2.620625027617616620e+00 6.306993922441169076e+00 3.404079838650081236e+00
2.636411925374348986e+00 6.239431244416922873e+00 5.830422781808111132e+00
2.652198823131081795e+00 6.122905345771310515e+00 8.663723042555949050e+00
2.667985720887814161e+00 5.965884624685964255e+00 1.087886415978097610e+01
2.683772618644546970e+00 5.779418313371619931e+00 1.297286690894338967e+01
2.699559516401279780e+00 5.556281977679585538e+00 1.435039515533468624e+01
2.715346414158012145e+00 5.326321871199660052e+00 1.675825663045278091e+01
2.731133311914744954e+00 5.027160209667496105e+00 2.021799059529697828e+01
2.746920209671477320e+00 4.687963170450589523e+00 2.205403992476668407e+01
2.762707107428210129e+00 4.330830462837114148e+00 2.209247477884496291e+01
2.778494005184942495e+00 3.990419889396950026e+00 2.107762886643725508e+01
2.794280902941675304e+00 3.665329719099511774e+00 1.987321918155606326e+01
2.810067800698408114e+00 3.362946930764223463e+00 1.841007699525105679e+01
2.825854698455140479e+00 3.084053712664303948e+00 1.549007090568371758e+01
2.841641596211873289e+00 2.873866599499088181e+00 1.106636540331770213e+01
2.857428493968605654e+00 2.734646554342664349e+00 7.764329958926320607e+00
2.873215391725338463e+00 2.628717233076876436e+00 5.416542171848012011e+00
2.889002289482071273e+00 2.563625759418674210e+00 3.720052394813488483e+00
2.904789187238803638e+00 2.511261059463658629e+00 1.744924590525672725e+00
2.920576084995536448e+00 2.508531867210999522e+00 -3.265010902645115731e-01
2.936362982752268813e+00 2.521569938122593779e+00 -1.806830775657215504e+00
2.952149880509001623e+00 2.565580372649036267e+00 -2.938458217696863439e+00
2.967936778265734432e+00 2.614348217013016118e+00 -2.959219053923884069e+00
2.983723676022466798e+00 2.659014149937179106e+00 -1.968159005783599369e+00
2.999510573779199607e+00 2.676490466999612572e+00 -2.376679958236525003e+00
3.015297471535931972e+00 2.734054956939490300e+00 -3.355643539619061144e+00
3.031084369292664782e+00 2.782440869935625560e+00 -2.595614090202613244e+00
3.046871267049397591e+00 2.816008345455416784e+00 3.184919346231774306e-01
3.062658164806129957e+00 2.772384870719145411e+00 1.246750454993591939e+00
3.078445062562862766e+00 2.776643701533129338e+00 -3.135422827559660952e+00
3.094231960319595132e+00 2.871382069924765190e+00 -9.086823508544682682e+00
3.110018858076327941e+00 3.063549208858868056e+00 -1.300005081097667770e+01
3.125805755833060751e+00 3.281843015895200999e+00 -1.181920220860123649e+01
3.141592653589793116e+00 3.436726282525540466e+00 -9.810874119602534194e+00
