0.000000000000000000e+00 2.119657709035756170e+02 1.428969723808740611e+01
1.578689775673262907e-02 2.117401809143032665e+02 2.857939447617211215e+01
3.157379551346525814e-02 2.110634109464863002e+02 5.715878895234332191e+01
4.736069327019788722e-02 2.099354610001246613e+02 8.573818342851544116e+01
6.314759102693051629e-02 2.083563310752183781e+02 1.000278806666019449e+02
7.893448878366314536e-02 2.067772011503120666e+02 1.000278806666010496e+02
9.472138654039577443e-02 2.051980712254058119e+02 1.000278806666010496e+02
1.105082842971284035e-01 2.036189413004995004e+02 1.000278806666019449e+02
1.262951820538610326e-01 2.020398113755932172e+02 1.000278806666001401e+02
1.420820798105936755e-01 2.004606814506869625e+02 1.000278806666010496e+02
1.578689775673262907e-01 1.988815515257806510e+02 1.000278806666019449e+02
1.736558753240589059e-01 1.973024216008743679e+02 1.000278806666010496e+02
1.894427730807915489e-01 1.957232916759680847e+02 1.000278806666019449e+02
2.052296708375241918e-01 1.941441617510617732e+02 1.000278806666019449e+02
2.210165685942568070e-01 1.925650318261554901e+02 1.000278806666010496e+02
2.368034663509894222e-01 1.909859019012492070e+02 1.000278806666001401e+02
2.525903641077220652e-01 1.894067719763429523e+02 1.000278806666001401e+02
2.683772618644547081e-01 1.878276420514366691e+02 1.000278806666010496e+02
2.841641596211873511e-01 1.862485121265303860e+02 1.000278806666010496e+02
2.999510573779199385e-01 1.846693822016241029e+02 1.000278806666019449e+02
3.157379551346525814e-01 1.830902522767177913e+02 1.000278806666019449e+02
3.315248528913852244e-01 1.815111223518115082e+02 1.000278806666010496e+02
3.473117506481178118e-01 1.799319924269052251e+02 1.000278806666001401e+02
3.630986484048504548e-01 1.783528625019989704e+02 1.000278806666001401e+02
3.788855461615830977e-01 1.767737325770926873e+02 1.000278806666010496e+02
3.946724439183157407e-01 1.751946026521864042e+02 1.000278806666010496e+02
4.104593416750483836e-01 1.736154727272801210e+02 1.000278806666019449e+02
4.262462394317809711e-01 1.720363428023738095e+02 1.000278806666019449e+02
4.420331371885136140e-01 1.704572128774675264e+02 1.000278806666010496e+02
4.578200349452462570e-01 1.688780829525612432e+02 1.000278806666010496e+02
4.736069327019788444e-01 1.672989530276549601e+02 1.000278806666001401e+02
4.893938304587114874e-01 1.657198231027487054e+02 1.000278806666001401e+02
5.051807282154441303e-01 1.641406931778424223e+02 1.000278806666028402e+02
5.209676259721767178e-01 1.625615632529360823e+02 1.000278806666019449e+02
5.367545237289094162e-01 1.609824333280298276e+02 1.000278806666001401e+02
5.525414214856420037e-01 1.594033034031235445e+02 1.000278806666010496e+02
5.683283192423747021e-01 1.578241734782172614e+02 1.000278806666010496e+02
5.841152169991072896e-01 1.562450435533109783e+02 1.000278806666010496e+02
5.999021147558398770e-01 1.546659136284046951e+02 1.000278806666010496e+02
6.156890125125725755e-01 1.530867837034984120e+02 1.000278806666019449e+02
6.314759102693051629e-01 1.515076537785921005e+02 1.000278806666019449e+02
6.472628080260377503e-01 1.499285238536858174e+02 1.000278806666010496e+02
6.630497057827704488e-01 1.483493939287795342e+02 1.000278806666010496e+02
6.788366035395030362e-01 1.467702640038732511e+02 1.000278806666010496e+02
6.946235012962356237e-01 1.451911340789669680e+02 1.000278806666010496e+02
7.104103990529683221e-01 1.436120041540606849e+02 1.000278806666010496e+02
7.261972968097009096e-01 1.420328742291544017e+02 1.000278806666010496e+02
7.419841945664336080e-01 1.404537443042481186e+02 1.000278806666010496e+02
7.577710923231661955e-01 1.388746143793418355e+02 1.000278806666010496e+02
7.735579900798987829e-01 1.372954844544355524e+02 1.000278806666010496e+02
7.893448878366314814e-01 1.357163545295292693e+02 1.000278806666010496e+02
8.051317855933640688e-01 1.341372246046229861e+02 1.000278806666010496e+02
8.209186833500967673e-01 1.325580946797167030e+02 1.000278806666010496e+02
8.367055811068293547e-01 1.309789647548104199e+02 1.000278806666010496e+02
8.524924788635619421e-01 1.293998348299041368e+02 1.000278806666010496e+02
8.682793766202946406e-01 1.278207049049978536e+02 1.000278806666010496e+02
8.840662743770272280e-01 1.262415749800915705e+02 1.000278806666010496e+02
8.998531721337598155e-01 1.246624450551852874e+02 1.000278806666014901e+02
9.156400698904925139e-01 1.230833151302789901e+02 1.000278806666014901e+02
9.314269676472251014e-01 1.215041852053727069e+02 1.000278806666005949e+02
9.472138654039576888e-01 1.199250552804664380e+02 1.000278806666014901e+02
9.630007631606903873e-01 1.183459253555601265e+02 1.000278806666019449e+02
9.787876609174229747e-01 1.167667954306538434e+02 1.000278806666010496e+02
9.945745586741556732e-01 1.151876655057475602e+02 1.000278806666010496e+02
1.010361456430888261e+00 1.136085355808412771e+02 1.000278806666010496e+02
1.026148354187620848e+00 1.120294056559349940e+02 1.000278806666010496e+02
1.041935251944353436e+00 1.104502757310287109e+02 1.000278806666010496e+02
1.057722149701086245e+00 1.088711458061224278e+02 1.000278806666010496e+02
1.073509047457818832e+00 1.072920158812161446e+02 1.000278806666010496e+02
1.089295945214551420e+00 1.057128859563098615e+02 1.000278806666014901e+02
1.105082842971284007e+00 1.041337560314035642e+02 1.000278806666014901e+02
1.120869740728016595e+00 1.025546261064972811e+02 1.000278806666010496e+02
1.136656638484749404e+00 1.009754961815909979e+02 1.000278806666010496e+02
1.152443536241481992e+00 9.939636625668471481e+01 1.000278806666005949e+02
1.168230433998214579e+00 9.781723633177844590e+01 1.000278806666014901e+02
1.184017331754947167e+00 9.623810640687213436e+01 1.000278806666014901e+02
1.199804229511679754e+00 9.465897648196586545e+01 1.000278806666005949e+02
1.215591127268412341e+00 9.307984655705958232e+01 1.000278806666014901e+02
1.231378025025145151e+00 9.150071663215328499e+01 1.000278806666014901e+02
1.247164922781877738e+00 8.992158670724700187e+01 1.000278806666010496e+02
1.262951820538610326e+00 8.834245678234071875e+01 1.000278806666014901e+02
1.278738718295342913e+00 8.676332685743442141e+01 1.000278806666010496e+02
1.294525616052075501e+00 8.518419693252815250e+01 1.000278806666005949e+02
1.310312513808808310e+00 8.360506700762186938e+01 1.000278806666014901e+02
1.326099411565540898e+00 8.202593708271557205e+01 1.000278806666014901e+02
1.341886309322273485e+00 8.044680715780928892e+01 1.000278806666005949e+02
1.357673207079006072e+00 7.886767723290302001e+01 1.000278806666010496e+02
1.373460104835738660e+00 7.728854730799672268e+01 1.000278806666014901e+02
1.389247002592471247e+00 7.570941738309043956e+01 1.000278806666005949e+02
1.405033900349204057e+00 7.413028745818417065e+01 1.000278806666010496e+02
1.420820798105936644e+00 7.255115753327787331e+01 1.000278806666014901e+02
1.436607695862669232e+00 7.097202760837159019e+01 1.000278806666014901e+02
1.452394593619401819e+00 6.939289768346529286e+01 1.000278806666014901e+02
1.468181491376134407e+00 6.781376775855900974e+01 1.000278806666010496e+02
1.483968389132867216e+00 6.623463783365272661e+01 1.000278806666010496e+02
1.499755286889599804e+00 6.465550790874644349e+01 1.000278806666012628e+02
1.515542184646332391e+00 6.307637798384015326e+01 1.014774949856892334e+02
1.531329082403064978e+00 6.145147823284959543e+01 1.046738387418598819e+02
1.547115980159797566e+00 5.977142760379523168e+01 1.032242244227719112e+02
1.562902877916530375e+00 5.819229767888894855e+01 1.100907978655093444e+02
1.578689775673262963e+00 5.629544326407540211e+01 1.169174028801521672e+02
1.594476673429995550e+00 5.450077150838558993e+01 1.171222529914508641e+02
1.610263571186728138e+00 5.259744919804698782e+01 1.275806406241534035e+02
1.626050468943460725e+00 5.047256644984167195e+01 1.325527602530880813e+02
1.641837366700193535e+00 4.841225545107059958e+01 1.291453550728011521e+02
1.657624264456926122e+00 4.639495741725918521e+01 1.337301424783020423e+02
1.673411162213658709e+00 4.418988727847411724e+01 1.246308864314450773e+02
1.689198059970391297e+00 4.245988729441082654e+01 1.119617586972841394e+02
1.704984957727123884e+00 4.065482960403812740e+01 1.051549051210125469e+02
1.720771855483856472e+00 3.913974782288213561e+01 8.786088126651560515e+01
1.736558753240589281e+00 3.788072810529631340e+01 8.035784379789575382e+01
1.752345650997321869e+00 3.660254569490439280e+01 7.744490367355021476e+01
1.768132548754054456e+00 3.543549855314762453e+01 6.438905008346982584e+01
1.783919446510787044e+00 3.456953899426264343e+01 5.610282470206641392e+01
1.799706344267519631e+00 3.366411943827679210e+01 5.770712315144213989e+01
1.815493242024252440e+00 3.274750608820865239e+01 6.268654366790648425e+01
1.831280139780985028e+00 3.168486732706040243e+01 6.825040393628420077e+01
1.847067037537717615e+00 3.059258179061301064e+01 6.785259736843279654e+01
1.862853935294450203e+00 2.954250329269201458e+01 6.876578319535826722e+01
1.878640833051182790e+00 2.842138501367948322e+01 7.646077136436261412e+01
1.894427730807915378e+00 2.712834653283180941e+01 8.550857395383251003e+01
1.910214628564648187e+00 2.572155478501315429e+01 8.873510552157401321e+01
1.926001526321380775e+00 2.432664245622786936e+01 8.810027835541666263e+01
1.941788424078113362e+00 2.293989461153985943e+01 8.482570790550295214e+01
1.957575321834845949e+00 2.164837290053458574e+01 8.066979164407148062e+01
1.973362219591578537e+00 2.039284310605609818e+01 7.795190665498891747e+01
1.989149117348311346e+00 1.918713533992523423e+01 7.603189948907025553e+01
2.004936015105043712e+00 1.799222745908785015e+01 7.308411485104630856e+01
2.020722912861776521e+00 1.687959244233568867e+01 6.845762019864146453e+01
2.036509810618509331e+00 1.583076055759747547e+01 6.466807867885420080e+01
2.052296708375241696e+00 1.483777574988086378e+01 6.333595414118512679e+01
2.068083606131974506e+00 1.383100409289348320e+01 6.241992726778278211e+01
2.083870503888706871e+00 1.286694173036251598e+01 6.035061989311735431e+01
2.099657401645439680e+00 1.192550596127732732e+01 5.756899399587805277e+01
2.115444299402172490e+00 1.104927008602075311e+01 5.390387186895954130e+01
2.131231197158904855e+00 1.022355613350276649e+01 5.063962258047759946e+01
2.147018094915637665e+00 9.450384997785695518e+00 4.741625450144940856e+01
2.162804992672370030e+00 8.726445009859576274e+00 4.366770696608839586e+01
2.178591890429102840e+00 8.071629747496498197e+00 4.076155833385259797e+01
2.194378788185835649e+00 7.439447902216328679e+00 3.729549390458885938e+01
2.210165685942568015e+00 6.894069449379319536e+00 3.291706245105044104e+01
2.225952583699300824e+00 6.400131303482896605e+00 2.972747922163808809e+01
2.241739481456033189e+00 5.955460099304531241e+00 2.649231825477553670e+01
2.257526379212765999e+00 5.563668264228970983e+00 2.291764827378907299e+01
2.273313276969498808e+00 5.231862959058394935e+00 1.892188813673719139e+01
2.289100174726231174e+00 4.966232437470966765e+00 1.388723063397600832e+01
2.304887072482963983e+00 4.793390378772905969e+00 9.334006092642555430e+00
2.320673970239696349e+00 4.671522437780431858e+00 4.874585150098320163e+00
2.336460867996429158e+00 4.639481224030727269e+00 -3.138255346465410739e-02
2.352247765753161524e+00 4.672513304106215237e+00 -4.249138686215026439e+00
2.368034663509894333e+00 4.773642660017634931e+00 -7.694042821853336989e+00
2.383821561266627143e+00 4.915443438835257695e+00 -1.030933790785899440e+01
2.399608459023359508e+00 5.099147586999590587e+00 -1.221308227664114021e+01
2.415395356780092317e+00 5.301056801227051807e+00 -1.271296715483661011e+01
2.431182254536824683e+00 5.500544212315801929e+00 -1.250690329124958389e+01
2.446969152293557492e+00 5.695947208251651794e+00 -1.210669366673680258e+01
2.462756050050290302e+00 5.882798482493514669e+00 -1.092694916107505954e+01
2.478542947807022667e+00 6.040952466649466501e+00 -9.750235819038927332e+00
2.494329845563755477e+00 6.190650434451914208e+00 -8.486491428457863861e+00
2.510116743320487842e+00 6.308903211638370756e+00 -7.158737221797341732e+00
2.525903641077220652e+00 6.416678939627575851e+00 -7.098263163992266200e+00
2.541690538833953461e+00 6.533022321279025491e+00 -6.627368163852018768e+00
2.557477436590685826e+00 6.625930106825489219e+00 -5.301416074556707159e+00
2.573264334347418636e+00 6.700408148348876658e+00 -3.567032975424724306e+00
2.589051232104151001e+00 6.738554876581337005e+00 -1.867454488809964452e+00
2.604838129860883811e+00 6.759370774509265267e+00 -5.973470828996014781e-01
2.620625027617616620e+00 6.757415391227374002e+00 2.065793472089518801e+00
2.636411925374348986e+00 6.694145833848459404e+00 6.104338931501309240e+00
2.652198823131081795e+00 6.564678242059266644e+00 1.039066186687503723e+01
2.667985720887814161e+00 6.366073200814185817e+00 1.358248111569009886e+01
2.683772618644546970e+00 6.135827760746964010e+00 1.499493552291603393e+01
2.699559516401279780e+00 5.892626172876038737e+00 1.704599487904481592e+01
2.715346414158012145e+00 5.597621004112427023e+00 2.050841758581595542e+01
2.731133311914744954e+00 5.245097589716730901e+00 2.162287700310463734e+01
2.746920209671477320e+00 4.914904707203590739e+00 2.019172517880390672e+01
2.762707107428210129e+00 4.607568187857088660e+00 1.919385462701059808e+01
2.778494005184942495e+00 4.308881866095179092e+00 1.929113630677755964e+01
2.794280902941675304e+00 3.998473794884508603e+00 1.952777685299471599e+01
2.810067800698408114e+00 3.692315832906143847e+00 1.831245881189052582e+01
2.825854698455140479e+00 3.420279965009122236e+00 1.545454800802981765e+01
2.841641596211873289e+00 3.204357094347578538e+00 1.418392615493621101e+01
2.857428493968605654e+00 2.972439581015074772e+00 1.449696752775909125e+01
2.873215391725338463e+00 2.746632806060766985e+00 1.125722863591904854e+01
2.889002289482071273e+00 2.617006146016241264e+00 7.048736814187929411e+00
2.904789187238803638e+00 2.524077431261362747e+00 4.397988606912565324e+00
2.920576084995536448e+00 2.478144953071033996e+00 2.061243888472970909e+00
2.936362982752268813e+00 2.458996138223337180e+00 -5.869527512921598467e-01
2.952149880509001623e+00 2.496677279216398482e+00 -4.828226532688594475e+00
2.967936778265734432e+00 2.611441575459134246e+00 -8.294884597971122986e+00
2.983723676022466798e+00 2.758578269320531184e+00 -7.540849854340150316e+00
2.999510573779199607e+00 2.849534826757814443e+00 -7.151152150231253835e+00
3.015297471535931972e+00 2.984367284997610170e+00 -9.051108072112157288e+00
3.031084369292664782e+00 3.135312662196958478e+00 -9.980353854954040926e+00
3.046871267049397591e+00 3.299484936765953780e+00 -9.693576199536744653e+00
3.062658164806129957e+00 3.441375654915325377e+00 -6.130716662805125949e+00
3.078445062562862766e+00 3.493054931028356958e+00 -3.332708954425940284e+00
3.094231960319595132e+00 3.546601925948264622e+00 -4.334519154456612178e+00
3.110018858076327941e+00 3.629912152460368358e+00 -4.725895836183841681e+00
3.125805755833060751e+00 3.695816394697870155e+00 -2.725585695905023975e+00
3.141592653589793116e+00 3.715969237877299491e+00 -1.276554994526062803e+00
