0.000000000000000000e+00 5.656168949985776635e+02 7.472053287157676493e+01
1.578689775673262907e-02 5.644372895858055017e+02 1.494410657431499203e+02
3.157379551346525814e-02 5.608984733474891300e+02 2.988821314862926215e+02
4.736069327019788722e-02 5.550004462836286621e+02 4.483231972294353227e+02
6.314759102693051629e-02 5.467432083942239842e+02 5.230437301010084639e+02
7.893448878366314536e-02 5.384859705048193064e+02 5.230437301010049396e+02
9.472138654039577443e-02 5.302287326154147422e+02 5.230437301010049396e+02
1.105082842971284035e-01 5.219714947260100644e+02 5.230437301010084639e+02
1.262951820538610326e-01 5.137142568366053865e+02 5.230437301010067586e+02
1.420820798105936755e-01 5.054570189472007655e+02 5.230437301010067586e+02
1.578689775673262907e-01 4.971997810577960877e+02 5.230437301010067586e+02
1.736558753240589059e-01 4.889425431683914667e+02 5.230437301010067586e+02
1.894427730807915489e-01 4.806853052789867888e+02 5.230437301010084639e+02
2.052296708375241918e-01 4.724280673895821110e+02 5.230437301010067586e+02
2.210165685942568070e-01 4.641708295001774900e+02 5.230437301010067586e+02
2.368034663509894222e-01 4.559135916107728121e+02 5.230437301010067586e+02
2.525903641077220652e-01 4.476563537213681911e+02 5.230437301010084639e+02
2.683772618644547081e-01 4.393991158319634565e+02 5.230437301010084639e+02
2.841641596211873511e-01 4.311418779425588355e+02 5.230437301010049396e+02
2.999510573779199385e-01 4.228846400531542145e+02 5.230437301010067586e+02
3.157379551346525814e-01 4.146274021637495366e+02 5.230437301010084639e+02
3.315248528913852244e-01 4.063701642743448588e+02 5.230437301010084639e+02
3.473117506481178118e-01 3.981129263849401809e+02 5.230437301010084639e+02
3.630986484048504548e-01 3.898556884955355031e+02 5.230437301010084639e+02
3.788855461615830977e-01 3.815984506061308252e+02 5.230437301010049396e+02
3.946724439183157407e-01 3.733412127167262611e+02 5.230437301010049396e+02
4.104593416750483836e-01 3.650839748273215832e+02 5.230437301010102829e+02
4.262462394317809711e-01 3.568267369379168485e+02 5.230437301010102829e+02
4.420331371885136140e-01 3.485694990485121707e+02 5.230437301010084639e+02
4.578200349452462570e-01 3.403122611591074929e+02 5.230437301010049396e+02
4.736069327019788444e-01 3.320550232697029287e+02 5.230437301010049396e+02
4.893938304587114874e-01 3.237977853802982509e+02 5.230437301010084639e+02
5.051807282154441303e-01 3.155405474908935730e+02 5.230437301010084639e+02
5.209676259721767178e-01 3.072833096014888952e+02 5.230437301010084639e+02
5.367545237289094162e-01 2.990260717120842173e+02 5.230437301010067586e+02
5.525414214856420037e-01 2.907688338226795963e+02 5.230437301010067586e+02
5.683283192423747021e-01 2.825115959332749185e+02 5.230437301010067586e+02
5.841152169991072896e-01 2.742543580438702975e+02 5.230437301010067586e+02
5.999021147558398770e-01 2.659971201544656196e+02 5.230437301010067586e+02
6.156890125125725755e-01 2.577398822650609986e+02 5.230437301010067586e+02
6.314759102693051629e-01 2.494826443756563208e+02 5.230437301010075544e+02
6.472628080260377503e-01 2.412254064862516714e+02 5.230437301010075544e+02
6.630497057827704488e-01 2.329681685968469935e+02 5.230437301010075544e+02
6.788366035395030362e-01 2.247109307074423441e+02 5.230437301010067586e+02
6.946235012962356237e-01 2.164536928180376947e+02 5.230437301010084639e+02
7.104103990529683221e-01 2.081964549286329884e+02 5.230437301010075544e+02
7.261972968097009096e-01 1.999392170392283674e+02 5.230437301010058491e+02
7.419841945664336080e-01 1.916819791498237180e+02 5.230437301010067586e+02
7.577710923231661955e-01 1.834247412604190686e+02 5.230437301010084639e+02
7.735579900798987829e-01 1.751675033710143623e+02 5.230437301010084639e+02
7.893448878366314814e-01 1.669102654816097129e+02 5.230437301010067586e+02
8.051317855933640688e-01 1.586530275922050635e+02 5.230437301010067586e+02
8.209186833500967673e-01 1.503957897028004140e+02 5.230437301010075544e+02
8.367055811068293547e-01 1.421385518133957362e+02 5.230437301010075544e+02
8.524924788635619421e-01 1.338813139239910868e+02 5.230437301010067586e+02
8.682793766202946406e-01 1.256240760345864373e+02 5.230437301010067586e+02
8.840662743770272280e-01 1.173668381451817879e+02 5.230437301010070996e+02
8.998531721337598155e-01 1.091096002557771243e+02 5.230437301010080091e+02
9.156400698904925139e-01 1.008523623663724464e+02 5.343487029772848018e+02
9.314269676472251014e-01 9.223818357508694987e+01 5.511988650139315951e+02
9.472138654039576888e-01 8.344892211516842906e+01 5.398938921376544613e+02
9.630007631606903873e-01 7.519168422576377964e+01 5.137661755116196218e+02
9.787876609174229747e-01 6.722737394782944875e+01 4.797715623797550961e+02
9.945745586741556732e-01 6.004347502200965181e+01 4.309946842686111950e+02
1.010361456430888261e+00 5.361923591934179711e+01 3.806068506450861832e+02
1.026148354187620848e+00 4.802627214871768757e+01 3.105344287040677500e+02
1.041935251944353436e+00 4.381448536754880507e+01 2.340718784624357909e+02
1.057722149701086245e+00 4.063573452269204722e+01 1.885475241796944772e+02
1.073509047457818832e+00 3.786132439452898524e+01 1.543672484272741201e+02
1.089295945214551420e+00 3.576177458687300259e+01 1.293066057289210846e+02
1.105082842971284007e+00 3.377862406670375606e+01 1.197483548129666673e+02
1.120869740728016595e+00 3.198086451893450999e+01 1.107010004127568124e+02
1.136656638484749404e+00 3.028337331653533937e+01 1.088132227729884107e+02
1.152443536241481992e+00 2.854521807393903288e+01 1.036688140485695868e+02
1.168230433998214579e+00 2.701015538064234889e+01 9.381794860582810713e+01
1.184017331754947167e+00 2.558302934916582316e+01 8.780873162175946334e+01
1.199804229511679754e+00 2.423770044412016489e+01 7.721413016192634871e+01
1.215591127268412341e+00 2.314508619268307044e+01 6.236220898521626310e+01
1.231378025025145151e+00 2.226868880985296073e+01 4.711557506645241489e+01
1.247164922781877738e+00 2.165746866003557969e+01 3.170291216682909408e+01
1.262951820538610326e+00 2.126770754391614915e+01 1.989613955279292057e+01
1.278738718295342913e+00 2.102927201828832793e+01 8.539061841178570589e+00
1.294525616052075501e+00 2.099809695146594279e+01 -5.791781067983332143e+00
1.310312513808808310e+00 2.121214052938759309e+01 -1.696053122945862057e+01
1.326099411565540898e+00 2.153360529630461073e+01 -2.368028239017576908e+01
1.341886309322273485e+00 2.195981692327611512e+01 -3.043954890195743346e+01
1.357673207079006072e+00 2.249469738885714065e+01 -3.664218206380675014e+01
1.373460104835738660e+00 2.311674968692591392e+01 -4.161438745074253376e+01
1.389247002592471247e+00 2.380862154864500013e+01 -4.502029080202517974e+01
1.405033900349204057e+00 2.453821114266579784e+01 -4.572717054051469887e+01
1.420820798105936644e+00 2.525240188070056391e+01 -4.655789192807529275e+01
1.436607695862669232e+00 2.600822050194086188e+01 -4.932606688994562916e+01
1.452394593619401819e+00 2.680981303016721640e+01 -4.734547083770694087e+01
1.468181491376134407e+00 2.750309671665935340e+01 -4.210756297230670242e+01
1.483968389132867216e+00 2.813930861302518949e+01 -3.819041034952005731e+01
1.499755286889599804e+00 2.870891292361042701e+01 -3.356520762206340436e+01
1.515542184646332391e+00 2.919908961485122489e+01 -2.953223083326090048e+01
1.531329082403064978e+00 2.964135754099626041e+01 -2.285293825711372762e+01
1.547115980159797566e+00 2.992064361426318087e+01 -1.345271861600170382e+01
1.562902877916530375e+00 3.006611092767808557e+01 -9.472848401673564567e+00
1.578689775673262963e+00 3.021973739262767822e+01 -7.089481108868063153e+00
1.594476673429995550e+00 3.028995275450606073e+01 -9.581090003755818874e-01
1.610263571186728138e+00 3.024998853028514745e+01 6.904128231571445617e+00
1.626050468943460725e+00 3.007196322152368140e+01 1.774934102112123924e+01
1.641837366700193535e+00 2.968957446638550479e+01 2.706033338686960832e+01
1.657624264456926122e+00 2.921756578864046361e+01 3.411346344102590677e+01
1.673411162213658709e+00 2.861248294744248000e+01 4.337396536110923506e+01
1.689198059970391297e+00 2.784808507572067526e+01 5.005391700157821333e+01
1.704984957727123884e+00 2.703209080738668746e+01 5.312079483506797573e+01
1.720771855483856472e+00 2.617085996208549759e+01 5.423122129965813798e+01
1.736558753240589281e+00 2.531980531562579984e+01 5.244301890108320663e+01
1.752345650997321869e+00 2.451503480719390282e+01 5.089362649059635402e+01
1.768132548754054456e+00 2.371290035987303213e+01 4.994872235015481721e+01
1.783919446510787044e+00 2.293796406155126277e+01 4.808863810930770910e+01
1.799706344267519631e+00 2.219455953368871803e+01 4.820278395647515879e+01
1.815493242024252440e+00 2.141601921772977235e+01 4.806344986376206663e+01
1.831280139780985028e+00 2.067701399601860501e+01 4.735700918811689064e+01
1.847067037537717615e+00 1.992077869349487429e+01 4.701659566794106127e+01
1.862853935294450203e+00 1.919252161865975737e+01 4.480131874154072591e+01
1.878640833051182790e+00 1.850623101681588878e+01 4.306757430267252573e+01
1.894427730807915378e+00 1.783271483436620386e+01 4.254854789687691152e+01
1.910214628564648187e+00 1.716281186612501486e+01 4.163846093927266168e+01
1.926001526321380775e+00 1.651803058317419826e+01 4.096690609848222664e+01
1.941788424078113362e+00 1.586933115015220430e+01 4.009907674535713795e+01
1.957575321834845949e+00 1.525195053373754206e+01 3.966758646971506863e+01
1.973362219591578537e+00 1.461687488644471955e+01 4.000855200859238892e+01
1.989149117348311346e+00 1.398872869382840634e+01 3.969227492274000468e+01
2.004936015105043712e+00 1.336363911456988163e+01 3.893785269022029638e+01
2.020722912861776521e+00 1.275931289525395762e+01 3.805641375064171683e+01
2.036509810618509331e+00 1.216205368883129267e+01 3.766037452207682890e+01
2.052296708375241696e+00 1.157023193113338699e+01 3.729044282325058646e+01
2.068083606131974506e+00 1.098465287252341049e+01 3.609076675130553014e+01
2.083870503888706871e+00 1.043070944180349535e+01 3.413158660062015315e+01
2.099657401645439680e+00 9.906989136645298899e+00 3.150820994694092292e+01
2.115444299402172490e+00 9.435875663943450675e+00 2.793076940609295278e+01
2.131231197158904855e+00 9.025108734883568573e+00 2.378847297722226273e+01
2.147018094915637665e+00 8.684783282583040886e+00 1.914545677890416897e+01
2.162804992672370030e+00 8.420613997534561079e+00 1.408994089693133311e+01
2.178591890429102840e+00 8.239910369906519705e+00 8.835512135247119758e+00
2.194378788185835649e+00 8.141643344119527725e+00 3.604959554357593632e+00
2.210165685942568015e+00 8.126088114102920201e+00 -1.134323232784285373e+00
2.225952583699300824e+00 8.177458233917631603e+00 -4.441282616911371051e+00
2.241739481456033189e+00 8.266316263266787701e+00 -7.006593772376866092e+00
2.257526379212765999e+00 8.398682992932577918e+00 -9.179147537205427199e+00
2.273313276969498808e+00 8.556136790594440100e+00 -1.094755004342251858e+01
2.289100174726231174e+00 8.744338699377028234e+00 -1.246146025239212562e+01
2.304887072482963983e+00 8.949592388402644261e+00 -1.263492140176327005e+01
2.320673970239696349e+00 9.143271124045007525e+00 -1.236391120378553765e+01
2.336460867996429158e+00 9.339967992497610894e+00 -1.249647447492851526e+01
2.352247765753161524e+00 9.537832253755638590e+00 -1.188942995387448320e+01
2.368034663509894333e+00 9.715362422632912498e+00 -1.046376817123304015e+01
2.383821561266627143e+00 9.868213130294456903e+00 -8.893661521851438323e+00
2.399608459023359508e+00 9.996169072889824037e+00 -6.514722823603183777e+00
2.415395356780092317e+00 1.007390765655380882e+01 -3.942097576560683159e+00
2.431182254536824683e+00 1.012063605566627800e+01 -1.214471203971282387e+00
2.446969152293557492e+00 1.011225312200499005e+01 1.236792675927993912e+00
2.462756050050290302e+00 1.008158581662397602e+01 2.777236770141094713e+00
2.478542947807022667e+00 1.002456521613207840e+01 3.894233754480655563e+00
2.494329845563755477e+00 9.958630076378369722e+00 5.514290165156289447e+00
2.510116743320487842e+00 9.850458146055521169e+00 6.840231422095215841e+00
2.525903641077220652e+00 9.742658008192355723e+00 7.666553535454011303e+00
2.541690538833953461e+00 9.608395952434062082e+00 8.526098326191412724e+00
2.557477436590685826e+00 9.473456723113489630e+00 1.029258702470034414e+01
2.573264334347418636e+00 9.283419914411627616e+00 1.336376362079311519e+01
2.589051232104151001e+00 9.051511983260281724e+00 1.547091169180224313e+01
2.604838129860883811e+00 8.794944512247784729e+00 1.656999421102681680e+01
2.620625027617616620e+00 8.528334374382017913e+00 1.748775736160935068e+01
2.636411925374348986e+00 8.242789637323234331e+00 1.723458135075543041e+01
2.652198823131081795e+00 7.984173227053084076e+00 1.644764939492275246e+01
2.667985720887814161e+00 7.723474918650772736e+00 1.516210324365737883e+01
2.683772618644546970e+00 7.505448079683797680e+00 1.195009177702013226e+01
2.699559516401279780e+00 7.346165164515996437e+00 9.284743398131524827e+00
2.715346414158012145e+00 7.212293490236196369e+00 6.736021650909188807e+00
2.731133311914744954e+00 7.133483394335915051e+00 3.719698816552083898e+00
2.746920209671477320e+00 7.094848480430702153e+00 1.365813580266954652e+00
2.762707107428210129e+00 7.090359475643052356e+00 -1.929021945590553067e+00
2.778494005184942495e+00 7.155755024881765181e+00 -5.564578796847140296e+00
2.794280902941675304e+00 7.266054348693268494e+00 -8.689112337473034131e+00
2.810067800698408114e+00 7.430103281018666905e+00 -1.333022387179583390e+01
2.825854698455140479e+00 7.686940111370063278e+00 -1.763403499542946307e+01
2.841641596211873289e+00 7.986876696041647072e+00 -2.120295421623308840e+01
2.857428493968605654e+00 8.356397852074772814e+00 -2.495698327273305850e+01
2.873215391725338463e+00 8.774863382527893663e+00 -2.738346625221564423e+01
2.889002289482071273e+00 9.220997815972106437e+00 -3.030173726020227676e+01
2.904789187238803638e+00 9.731604238484271363e+00 -3.273974152930743031e+01
2.920576084995536448e+00 1.025471572018216548e+01 -3.148221367268418547e+01
2.936362982752268813e+00 1.072561721529682188e+01 -3.064301655147936287e+01
2.952149880509001623e+00 1.122223205869430629e+01 -3.067133595363249654e+01
2.967936778265734432e+00 1.169402770482160925e+01 -2.855902888902753389e+01
2.983723676022466798e+00 1.212394899689960859e+01 -2.580087000653917073e+01
2.999510573779199607e+00 1.250865909847757607e+01 -2.259600361648124078e+01
3.015297471535931972e+00 1.283739059450790876e+01 -1.906330471485233957e+01
3.031084369292664782e+00 1.311055998335520201e+01 -1.850292066610252562e+01
3.046871267049397591e+00 1.342159802802130031e+01 -1.669453947902798063e+01
3.062658164806129957e+00 1.363766995905750434e+01 -1.156616036108091450e+01
3.078445062562862766e+00 1.378678561013801662e+01 -7.815021082088533966e+00
3.094231960319595132e+00 1.388441983663678769e+01 -6.064431999170383669e+00
3.110018858076327941e+00 1.397826274598513763e+01 -5.173488181575667255e+00
3.125805755833060751e+00 1.404776649457318705e+01 -4.369682257271415793e+00
3.141592653589793116e+00 1.411623020003504259e+01 -4.336742184363477470e+00
