0.000000000000000000e+00 5.269985956018795150e+02 7.025301817559353879e+01
1.578689775673262907e-02 5.258895183868395407e+02 1.405060363511870776e+02
3.157379551346525814e-02 5.225622867417196176e+02 2.810120727023741551e+02
4.736069327019788722e-02 5.170169006665197458e+02 4.215181090535666613e+02
6.314759102693051629e-02 5.092533601612397547e+02 4.917711272291638238e+02
7.893448878366314536e-02 5.014898196559598205e+02 4.917711272291602427e+02
9.472138654039577443e-02 4.937262791506799431e+02 4.917711272291638238e+02
1.105082842971284035e-01 4.859627386453998952e+02 4.917711272291656428e+02
1.262951820538610326e-01 4.781991981401199610e+02 4.917711272291620048e+02
1.420820798105936755e-01 4.704356576348400267e+02 4.917711272291602427e+02
1.578689775673262907e-01 4.626721171295601494e+02 4.917711272291602427e+02
1.736558753240589059e-01 4.549085766242802151e+02 4.917711272291620048e+02
1.894427730807915489e-01 4.471450361190002809e+02 4.917711272291602427e+02
2.052296708375241918e-01 4.393814956137204035e+02 4.917711272291602427e+02
2.210165685942568070e-01 4.316179551084404693e+02 4.917711272291620048e+02
2.368034663509894222e-01 4.238544146031605351e+02 4.917711272291620048e+02
2.525903641077220652e-01 4.160908740978806009e+02 4.917711272291638238e+02
2.683772618644547081e-01 4.083273335926006098e+02 4.917711272291656428e+02
2.841641596211873511e-01 4.005637930873206187e+02 4.917711272291620048e+02
2.999510573779199385e-01 3.928002525820407413e+02 4.917711272291584237e+02
3.157379551346525814e-01 3.850367120767608640e+02 4.917711272291602427e+02
3.315248528913852244e-01 3.772731715714809297e+02 4.917711272291620048e+02
3.473117506481178118e-01 3.695096310662009955e+02 4.917711272291620048e+02
3.630986484048504548e-01 3.617460905609210613e+02 4.917711272291620048e+02
3.788855461615830977e-01 3.539825500556411271e+02 4.917711272291638238e+02
3.946724439183157407e-01 3.462190095503611360e+02 4.917711272291638238e+02
4.104593416750483836e-01 3.384554690450812018e+02 4.917711272291620048e+02
4.262462394317809711e-01 3.306919285398012676e+02 4.917711272291602427e+02
4.420331371885136140e-01 3.229283880345213902e+02 4.917711272291602427e+02
4.578200349452462570e-01 3.151648475292414560e+02 4.917711272291620048e+02
4.736069327019788444e-01 3.074013070239615217e+02 4.917711272291620048e+02
4.893938304587114874e-01 2.996377665186815875e+02 4.917711272291620048e+02
5.051807282154441303e-01 2.918742260134016533e+02 4.917711272291620048e+02
5.209676259721767178e-01 2.841106855081217191e+02 4.917711272291620048e+02
5.367545237289094162e-01 2.763471450028417848e+02 4.917711272291620048e+02
5.525414214856420037e-01 2.685836044975618506e+02 4.917711272291638238e+02
5.683283192423747021e-01 2.608200639922818596e+02 4.917711272291638238e+02
5.841152169991072896e-01 2.530565234870019253e+02 4.917711272291620048e+02
5.999021147558398770e-01 2.452929829817219911e+02 4.917711272291620048e+02
6.156890125125725755e-01 2.375294424764420569e+02 4.917711272291620048e+02
6.314759102693051629e-01 2.297659019711621227e+02 4.917711272291620048e+02
6.472628080260377503e-01 2.220023614658821884e+02 4.917711272291610953e+02
6.630497057827704488e-01 2.142388209606022826e+02 4.917711272291620048e+02
6.788366035395030362e-01 2.064752804553223200e+02 4.917711272291629143e+02
6.946235012962356237e-01 1.987117399500423858e+02 4.917711272291620048e+02
7.104103990529683221e-01 1.909481994447624515e+02 4.917711272291610953e+02
7.261972968097009096e-01 1.831846589394825457e+02 4.917711272291610953e+02
7.419841945664336080e-01 1.754211184342026115e+02 4.917711272291629143e+02
7.577710923231661955e-01 1.676575779289226489e+02 4.917711272291620048e+02
7.735579900798987829e-01 1.598940374236427431e+02 4.917711272291620048e+02
7.893448878366314814e-01 1.521304969183627804e+02 4.917711272291620048e+02
8.051317855933640688e-01 1.443669564130828746e+02 4.917711272291610953e+02
8.209186833500967673e-01 1.366034159078029404e+02 4.917711272291620048e+02
8.367055811068293547e-01 1.288398754025230062e+02 4.917711272291629143e+02
8.524924788635619421e-01 1.210763348972430435e+02 4.917711272291629143e+02
8.682793766202946406e-01 1.133127943919631093e+02 4.917711272291615501e+02
8.840662743770272280e-01 1.055492538866831893e+02 5.021220609011937199e+02
8.998531721337598155e-01 9.745889511826906926e+01 4.948238546939762159e+02
9.156400698904925139e-01 8.992578668339093895e+01 4.844729210219440461e+02
9.314269676472251014e-01 8.216224617811100472e+01 4.749252559501164228e+02
9.472138654039576888e-01 7.493059376784181325e+01 4.484203943266751935e+02
9.630007631606903873e-01 6.800391234357310566e+01 4.147299673189190230e+02
9.787876609174229747e-01 6.183599458640813396e+01 3.657366347226247285e+02
9.945745586741556732e-01 5.645621862705801419e+01 3.092948687431975259e+02
1.010361456430888261e+00 5.207038164734633767e+01 2.729373990717483593e+02
1.026148354187620848e+00 4.783854900078956973e+01 2.393917055139188790e+02
1.041935251944353436e+00 4.451187688983016955e+01 2.023346399657100108e+02
1.057722149701086245e+00 4.145007645322162659e+01 1.760417228708974164e+02
1.073509047457818832e+00 3.895357153006633411e+01 1.559318708043325330e+02
1.089295945214551420e+00 3.652671545041354761e+01 1.509398122979826553e+02
1.105082842971284007e+00 3.418782876172900131e+01 1.387939466412968841e+02
1.120869740728016595e+00 3.214446376065443189e+01 1.228221106460589738e+02
1.136656638484749404e+00 3.030986855565813087e+01 1.085047384778254838e+02
1.152443536241481992e+00 2.871855733571354463e+01 9.658795399840289519e+01
1.168230433998214579e+00 2.726022024704856861e+01 8.939436663665502181e+01
1.184017331754947167e+00 2.589603788347205793e+01 7.983026024713548452e+01
1.199804229511679754e+00 2.473967593421879840e+01 6.842712966902293203e+01
1.215591127268412341e+00 2.373553368372895633e+01 6.060784808035290183e+01
1.231378025025145151e+00 2.282605613241856801e+01 5.244472532053323732e+01
1.247164922781877738e+00 2.207965465069858624e+01 4.024570361386318496e+01
1.262951820538610326e+00 2.155534651621892195e+01 2.527869062813459422e+01
1.278738718295342913e+00 2.128151044195771391e+01 9.987553156853859804e+00
1.294525616052075501e+00 2.124000155516455379e+01 -2.203462907856375441e+00
1.310312513808808310e+00 2.135108212923187665e+01 -1.348631791163985305e+01
1.326099411565540898e+00 2.166581579913625433e+01 -2.457801549761597926e+01
1.341886309322273485e+00 2.212710336468038363e+01 -3.418370607792324023e+01
1.357673207079006072e+00 2.274512514473300229e+01 -4.145372891359076561e+01
1.373460104835738660e+00 2.343595492466872088e+01 -4.500892047111860705e+01
1.389247002592471247e+00 2.416622759596992154e+01 -4.682434874913331413e+01
1.405033900349204057e+00 2.491437733712503899e+01 -4.663798207565049836e+01
1.420820798105936644e+00 2.563876570518716846e+01 -4.446821665529220979e+01
1.436607695862669232e+00 2.631840771664770529e+01 -4.268144477751127397e+01
1.452394593619401819e+00 2.698638091481156920e+01 -3.945543937571131465e+01
1.468181491376134407e+00 2.756416569139033967e+01 -3.567718945350006976e+01
1.483968389132867216e+00 2.811284519911153978e+01 -3.226263483517535491e+01
1.499755286889599804e+00 2.858281952640176726e+01 -2.655707058727271175e+01
1.515542184646332391e+00 2.895135271527075105e+01 -2.263951650776824209e+01
1.531329082403064978e+00 2.929763499114176284e+01 -1.997716630034022245e+01
1.547115980159797566e+00 2.958210767897618254e+01 -1.418152681399425319e+01
1.562902877916530375e+00 2.974539961883554184e+01 -7.860245242445546232e+00
1.578689775673262963e+00 2.983028545494684636e+01 -1.997094216625753260e+00
1.594476673429995550e+00 2.980845546325240747e+01 5.984259794843290514e+00
1.610263571186728138e+00 2.964133965988501274e+01 1.314613916036231345e+01
1.626050468943460725e+00 2.939338195361156991e+01 1.896792405317571806e+01
1.641837366700193535e+00 2.904245030451510345e+01 2.737700380263295941e+01
1.657624264456926122e+00 2.852898603377587605e+01 3.527823116561442163e+01
1.673411162213658709e+00 2.792858264761523657e+01 4.027485400995144005e+01
1.689198059970391297e+00 2.725735602893100307e+01 4.441890459083733589e+01
1.704984957727123884e+00 2.652610923713201529e+01 4.575003159155552623e+01
1.720771855483856472e+00 2.581285388672465331e+01 4.700846988107471702e+01
1.736558753240589281e+00 2.504187342170607167e+01 5.067610146355342238e+01
1.752345650997321869e+00 2.421281702169479999e+01 5.080863623508962235e+01
1.768132548754054456e+00 2.343765193090131049e+01 4.800076515524335008e+01
1.783919446510787044e+00 2.269725067819327791e+01 4.672322812487217902e+01
1.799706344267519631e+00 2.196242228035760746e+01 4.741569454686228369e+01
1.815493242024252440e+00 2.120015723444171840e+01 4.824235593331991367e+01
1.831280139780985028e+00 2.043922799903115717e+01 4.653681839768146489e+01
1.847067037537717615e+00 1.973081324650605595e+01 4.339238450212609877e+01
1.862853935294450203e+00 1.906916572391936882e+01 4.142597122340300331e+01
1.878640833051182790e+00 1.842283810215163342e+01 4.141593094092279159e+01
1.894427730807915378e+00 1.776150758939087382e+01 4.132676064788228132e+01
1.910214628564648187e+00 1.711799541222147525e+01 3.946796625689257354e+01
1.926001526321380775e+00 1.651535409346340089e+01 3.853418844875017868e+01
1.941788424078113362e+00 1.590132482586330198e+01 3.919287669563164656e+01
1.957575321834845949e+00 1.527788621909106936e+01 4.067185086655626947e+01
1.973362219591578537e+00 1.461716012344849958e+01 4.271627315548989401e+01
1.989149117348311346e+00 1.392917134538230606e+01 4.306831095370414175e+01
2.004936015105043712e+00 1.325733008028590909e+01 4.285376469639822261e+01
2.020722912861776521e+00 1.257611534187607205e+01 4.342757221236941234e+01
2.036509810618509331e+00 1.188615679560631122e+01 4.277694464349028891e+01
2.052296708375241696e+00 1.122548483901168659e+01 4.122749881349857048e+01
2.068083606131974506e+00 1.058444817853727571e+01 3.842128186623510544e+01
2.083870503888706871e+00 1.001237914200196855e+01 3.440989354836683844e+01
2.099657401645439680e+00 9.497997236001033627e+00 3.076817856937005402e+01
2.115444299402172490e+00 9.040910963530894406e+00 2.670867343706725450e+01
2.131231197158904855e+00 8.654703042463150808e+00 2.200259429982566317e+01
2.147018094915637665e+00 8.346205550342462587e+00 1.698331221079761377e+01
2.162804992672370030e+00 8.118475415578089383e+00 1.185530362847057972e+01
2.178591890429102840e+00 7.971888617827089796e+00 6.887506826461085474e+00
2.194378788185835649e+00 7.901010683441811011e+00 2.044445524713756956e+00
2.210165685942568015e+00 7.907337712891358450e+00 -2.469049956293563053e+00
2.225952583699300824e+00 7.978967961874354309e+00 -6.699089274138961159e+00
2.241739481456033189e+00 8.118853387759470408e+00 -1.013051350516020932e+01
2.257526379212765999e+00 8.298826723732680932e+00 -1.233360407253373836e+01
2.273313276969498808e+00 8.508272080689692984e+00 -1.374117804009725852e+01
2.289100174726231174e+00 8.732687869284831095e+00 -1.395687875192986738e+01
2.304887072482963983e+00 8.948943716409354820e+00 -1.323925091511909713e+01
2.320673970239696349e+00 9.150701270430259271e+00 -1.250270302523152033e+01
2.336460867996429158e+00 9.343701505093598314e+00 -1.085581075320135369e+01
2.352247765753161524e+00 9.493460419284716068e+00 -8.889645661747616501e+00
2.368034663509894333e+00 9.624381359404781122e+00 -7.579946178698394377e+00
2.383821561266627143e+00 9.732788089934011566e+00 -6.376662211184812357e+00
2.399608459023359508e+00 9.825716788119171596e+00 -5.065670148102886294e+00
2.415395356780092317e+00 9.892730523328877368e+00 -3.320805365648441754e+00
2.431182254536824683e+00 9.930567217674173719e+00 -5.172043642290373722e-01
2.446969152293557492e+00 9.909060628163716800e+00 2.480019384234143143e+00
2.462756050050290302e+00 9.852263592766934863e+00 4.239582846317075493e+00
2.478542947807022667e+00 9.775200906311706461e+00 6.053205039792926456e+00
2.494329845563755477e+00 9.661140934639435685e+00 8.119833010319977618e+00
2.510116743320487842e+00 9.518826959240378471e+00 9.456618071599828923e+00
2.525903641077220652e+00 9.362559609397802518e+00 1.028429671054330008e+01
2.541690538833953461e+00 9.194112677901880915e+00 1.024223124012576847e+01
2.557477436590685826e+00 9.039173494620445837e+00 8.964991533794249179e+00
2.573264334347418636e+00 8.911053868433914005e+00 9.433308483627039109e+00
2.589051232104151001e+00 8.741328141542968666e+00 1.118247131143518125e+01
2.604838129860883811e+00 8.557980805911467925e+00 1.276827435263887445e+01
2.620625027617616620e+00 8.338185258072925876e+00 1.442272387313005488e+01
2.636411925374348986e+00 8.102600671594085924e+00 1.516841879499697932e+01
2.652198823131081795e+00 7.859260704777088158e+00 1.577058407593941070e+01
2.667985720887814161e+00 7.604663474852463523e+00 1.679152770593861987e+01
2.683772618644546970e+00 7.329088442631095823e+00 1.578356794044353784e+01
2.699559516401279780e+00 7.106316328228013290e+00 1.336699777987747240e+01
2.715346414158012145e+00 6.907041588100300444e+00 1.039902890091366672e+01
2.731133311914744954e+00 6.777979516171949825e+00 6.477742835067065386e+00
2.746920209671477320e+00 6.702514660437078220e+00 2.742724814880503015e+00
2.762707107428210129e+00 6.691381283717205974e+00 -1.692714601260360885e+00
2.778494005184942495e+00 6.755960085119929737e+00 -6.585562894752535534e+00
2.794280902941675304e+00 6.899312499897186868e+00 -1.039984608343314854e+01
2.810067800698408114e+00 7.084322698729760504e+00 -1.500262459266934023e+01
2.825854698455140479e+00 7.373002300951413623e+00 -2.047764337158201897e+01
2.841641596211873289e+00 7.730879623141758472e+00 -2.468811918897785773e+01
2.857428493968605654e+00 8.152499927836258209e+00 -2.818019677163686154e+01
2.873215391725338463e+00 8.620635393538634617e+00 -3.039414109610423864e+01
2.889002289482071273e+00 9.112158323612064237e+00 -3.251693677351973122e+01
2.904789187238803638e+00 9.647318505950025269e+00 -3.388655696939363793e+01
2.920576084995536448e+00 1.018208554401909005e+01 -3.233692067891843891e+01
2.936362982752268813e+00 1.066831782700134212e+01 -3.043431983736655511e+01
2.952149880509001623e+00 1.114301253515550094e+01 -2.870463464198140713e+01
2.967936778265734432e+00 1.157463209147599414e+01 -2.637013699004318923e+01
2.983723676022466798e+00 1.197561784814119079e+01 -2.544624820649539032e+01
2.999510573779199607e+00 1.237806672893276172e+01 -2.174568673429341814e+01
3.015297471535931972e+00 1.266221171438964532e+01 -1.964199775206554932e+01
3.031084369292664782e+00 1.299823914943242364e+01 -2.172047040107999649e+01
3.046871267049397591e+00 1.334800940528961988e+01 -2.159664516975217907e+01
3.062658164806129957e+00 1.368012720779904612e+01 -2.225554340660145058e+01
3.078445062562862766e+00 1.405070138185070405e+01 -2.229090644209897576e+01
3.094231960319595132e+00 1.438393572961166456e+01 -1.926202279306233933e+01
3.110018858076327941e+00 1.465887655069456130e+01 -2.057772876279957686e+01
3.125805755833060751e+00 1.503365272969985078e+01 -2.243197063140103609e+01
3.141592653589793116e+00 1.536713900437447577e+01 -2.112424364897171003e+01
