0.000000000000000000e+00 7.515352092793303029e+01 3.013216776628794058e+00
1.578689775673262907e-02 7.510595158276152006e+01 6.026433553257588116e+00
3.157379551346525814e-02 7.496324354724698935e+01 1.205286710651607684e+01
4.736069327019788722e-02 7.472539682138940975e+01 1.807930065977366496e+01
6.314759102693051629e-02 7.439241140518883810e+01 2.109251743640245991e+01
7.893448878366314536e-02 7.405942598898823803e+01 2.109251743640335874e+01
9.472138654039577443e-02 7.372644057278763796e+01 2.109251743640335874e+01
1.105082842971284035e-01 7.339345515658703789e+01 2.109251743640335874e+01
1.262951820538610326e-01 7.306046974038643782e+01 2.109251743640335874e+01
1.420820798105936755e-01 7.272748432418583775e+01 2.109251743640291110e+01
1.578689775673262907e-01 7.239449890798525189e+01 2.109251743640291110e+01
1.736558753240589059e-01 7.206151349178465182e+01 2.109251743640291110e+01
1.894427730807915489e-01 7.172852807558406596e+01 2.109251743640291110e+01
2.052296708375241918e-01 7.139554265938346589e+01 2.109251743640335874e+01
2.210165685942568070e-01 7.106255724318286582e+01 2.109251743640335874e+01
2.368034663509894222e-01 7.072957182698226575e+01 2.109251743640291110e+01
2.525903641077220652e-01 7.039658641078167989e+01 2.109251743640291110e+01
2.683772618644547081e-01 7.006360099458107982e+01 2.109251743640335874e+01
2.841641596211873511e-01 6.973061557838047975e+01 2.109251743640291110e+01
2.999510573779199385e-01 6.939763016217989389e+01 2.109251743640291110e+01
3.157379551346525814e-01 6.906464474597929382e+01 2.109251743640335874e+01
3.315248528913852244e-01 6.873165932977869375e+01 2.109251743640335874e+01
3.473117506481178118e-01 6.839867391357809367e+01 2.109251743640335874e+01
3.630986484048504548e-01 6.806568849737749360e+01 2.109251743640291110e+01
3.788855461615830977e-01 6.773270308117690774e+01 2.109251743640291110e+01
3.946724439183157407e-01 6.739971766497630767e+01 2.109251743640335874e+01
4.104593416750483836e-01 6.706673224877570760e+01 2.109251743640291110e+01
4.262462394317809711e-01 6.673374683257512174e+01 2.109251743640291110e+01
4.420331371885136140e-01 6.640076141637452167e+01 2.109251743640335874e+01
4.578200349452462570e-01 6.606777600017392160e+01 2.109251743640335874e+01
4.736069327019788444e-01 6.573479058397332153e+01 2.109251743640335874e+01
4.893938304587114874e-01 6.540180516777272146e+01 2.109251743640291110e+01
5.051807282154441303e-01 6.506881975157213560e+01 2.109251743640291110e+01
5.209676259721767178e-01 6.473583433537153553e+01 2.109251743640335874e+01
5.367545237289094162e-01 6.440284891917093546e+01 2.109251743640291110e+01
5.525414214856420037e-01 6.406986350297034960e+01 2.109251743640291110e+01
5.683283192423747021e-01 6.373687808676974953e+01 2.109251743640335874e+01
5.841152169991072896e-01 6.340389267056914946e+01 2.109251743640313492e+01
5.999021147558398770e-01 6.307090725436855649e+01 2.109251743640313492e+01
6.156890125125725755e-01 6.273792183816795642e+01 2.109251743640313492e+01
6.314759102693051629e-01 6.240493642196736346e+01 2.109251743640313492e+01
6.472628080260377503e-01 6.207195100576676339e+01 2.109251743640313492e+01
6.630497057827704488e-01 6.173896558956617042e+01 2.109251743640313492e+01
6.788366035395030362e-01 6.140598017336557035e+01 2.109251743640313492e+01
6.946235012962356237e-01 6.107299475716497739e+01 2.109251743640313492e+01
7.104103990529683221e-01 6.074000934096437732e+01 2.109251743640313492e+01
7.261972968097009096e-01 6.040702392476378435e+01 2.109251743640313492e+01
7.419841945664336080e-01 6.007403850856318428e+01 2.109251743640313492e+01
7.577710923231661955e-01 5.974105309236259131e+01 2.109251743640313492e+01
7.735579900798987829e-01 5.940806767616199124e+01 2.109251743640313492e+01
7.893448878366314814e-01 5.907508225996139828e+01 2.109251743640313492e+01
8.051317855933640688e-01 5.874209684376079821e+01 2.109251743640313492e+01
8.209186833500967673e-01 5.840911142756020524e+01 2.109251743640313492e+01
8.367055811068293547e-01 5.807612601135960517e+01 2.109251743640313492e+01
8.524924788635619421e-01 5.774314059515901221e+01 2.109251743640313492e+01
8.682793766202946406e-01 5.741015517895841214e+01 2.109251743640313492e+01
8.840662743770272280e-01 5.707716976275781917e+01 2.109251743640313492e+01
8.998531721337598155e-01 5.674418434655721910e+01 2.109251743640313492e+01
9.156400698904925139e-01 5.641119893035662614e+01 2.109251743640313492e+01
9.314269676472251014e-01 5.607821351415602606e+01 2.109251743640313492e+01
9.472138654039576888e-01 5.574522809795543310e+01 2.109251743640313492e+01
9.630007631606903873e-01 5.541224268175483303e+01 2.109251743640313492e+01
9.787876609174229747e-01 5.507925726555424006e+01 2.109251743640291110e+01
9.945745586741556732e-01 5.474627184935364710e+01 2.109251743640313492e+01
1.010361456430888261e+00 5.441328643315304703e+01 2.109251743640313492e+01
1.026148354187620848e+00 5.408030101695245406e+01 2.109251743640291110e+01
1.041935251944353436e+00 5.374731560075186110e+01 2.109251743640313492e+01
1.057722149701086245e+00 5.341433018455126103e+01 2.109251743640335874e+01
1.073509047457818832e+00 5.308134476835066096e+01 2.109251743640313492e+01
1.089295945214551420e+00 5.274835935215006799e+01 2.109251743640291110e+01
1.105082842971284007e+00 5.241537393594947503e+01 2.109251743640313492e+01
1.120869740728016595e+00 5.208238851974887496e+01 2.109251743640313492e+01
1.136656638484749404e+00 5.174940310354828199e+01 2.109251743640291110e+01
1.152443536241481992e+00 5.141641768734768903e+01 2.109251743640313492e+01
1.168230433998214579e+00 5.108343227114708895e+01 2.109251743640313492e+01
1.184017331754947167e+00 5.075044685494649599e+01 2.109251743640313492e+01
1.199804229511679754e+00 5.041746143874589592e+01 2.109251743640335874e+01
1.215591127268412341e+00 5.008447602254529585e+01 2.109251743640313492e+01
1.231378025025145151e+00 4.975149060634470288e+01 2.109251743640313492e+01
1.247164922781877738e+00 4.941850519014410281e+01 2.109251743640313492e+01
1.262951820538610326e+00 4.908551977394350985e+01 2.109251743640313492e+01
1.278738718295342913e+00 4.875253435774290978e+01 2.109251743640313492e+01
1.294525616052075501e+00 4.841954894154231681e+01 2.109251743640313492e+01
1.310312513808808310e+00 4.808656352534171674e+01 2.109251743640313492e+01
1.326099411565540898e+00 4.775357810914112378e+01 2.109251743640291110e+01
1.341886309322273485e+00 4.742059269294053081e+01 2.109251743640313492e+01
1.357673207079006072e+00 4.708760727673993074e+01 2.109251743640291110e+01
1.373460104835738660e+00 4.675462186053934488e+01 2.109251743640313492e+01
1.389247002592471247e+00 4.642163644433873770e+01 2.109251743640335874e+01
1.405033900349204057e+00 4.608865102813814474e+01 2.109251743640313492e+01
1.420820798105936644e+00 4.575566561193754467e+01 2.109251743640291110e+01
1.436607695862669232e+00 4.542268019573695881e+01 2.109251743640313492e+01
1.452394593619401819e+00 4.508969477953635163e+01 2.109251743640335874e+01
1.468181491376134407e+00 4.475670936333575867e+01 2.109251743640313492e+01
1.483968389132867216e+00 4.442372394713515860e+01 2.109251743640291110e+01
1.499755286889599804e+00 4.409073853093457274e+01 2.109251743640291110e+01
1.515542184646332391e+00 4.375775311473397267e+01 2.109251743640335874e+01
1.531329082403064978e+00 4.342476769853337260e+01 2.109251743640335874e+01
1.547115980159797566e+00 4.309178228233277252e+01 2.109251743640291110e+01
1.562902877916530375e+00 4.275879686613218666e+01 2.109251743640291110e+01
1.578689775673262963e+00 4.242581144993158659e+01 2.109251743640335874e+01
1.594476673429995550e+00 4.209282603373098652e+01 1.052490916419403177e+01
1.610263571186728138e+00 4.209350012018352771e+01 -3.388431825307263723e-01
1.626050468943460725e+00 4.210352459908734346e+01 1.022876508967860332e+01
1.641837366700193535e+00 4.177053918288674339e+01 1.646267093481622013e+01
1.657624264456926122e+00 4.158373559338598824e+01 2.002223079375578862e+01
1.673411162213658709e+00 4.113836136208129091e+01 3.012982203953035665e+01
1.689198059970391297e+00 4.063242275345275800e+01 3.828671708606143653e+01
1.704984957727123884e+00 3.992950438592409057e+01 5.633541269353327863e+01
1.720771855483856472e+00 3.885369995290046319e+01 7.133975078273239490e+01
1.736558753240589281e+00 3.767703768272852471e+01 6.028274220716043885e+01
1.752345650997321869e+00 3.695034497746063806e+01 5.612607504555148097e+01
1.768132548754054456e+00 3.590492446626687695e+01 6.079940553448542317e+01
1.783919446510787044e+00 3.503067697977454742e+01 5.776024476012407405e+01
1.799706344267519631e+00 3.408121430940301622e+01 5.837044651916606597e+01
1.815493242024252440e+00 3.318770043734873809e+01 5.909541408466404988e+01
1.831280139780985028e+00 3.221534778931027887e+01 6.245136427435819115e+01
1.847067037537717615e+00 3.121587383221322298e+01 7.481898120846470590e+01
1.862853935294450203e+00 2.985302857610841443e+01 8.509219367493767550e+01
1.878640833051182790e+00 2.852919030932855904e+01 8.758943991640636284e+01
1.894427730807915378e+00 2.708749751104884851e+01 8.999861936813464069e+01
1.910214628564648187e+00 2.568759230490488221e+01 8.726401665677913400e+01
1.926001526321380775e+00 2.433224129344407771e+01 8.587679228087236538e+01
1.941788424078113362e+00 2.297613602607628636e+01 8.673685648441470164e+01
1.957575321834845949e+00 2.159362952332438468e+01 8.262522653555946306e+01
1.973362219591578537e+00 2.036734401918878845e+01 7.727637616758069328e+01
1.989149117348311346e+00 1.915372102418757194e+01 7.232635483022674805e+01
2.004936015105043712e+00 1.808372648154487905e+01 6.846421123772711326e+01
2.020722912861776521e+00 1.699204601857688601e+01 6.948657625014008943e+01
2.036509810618509331e+00 1.588977153209214421e+01 6.816450527992223840e+01
2.052296708375241696e+00 1.483983386759209822e+01 6.419202973141162261e+01
2.068083606131974506e+00 1.386298551175827143e+01 6.050563226037323261e+01
2.083870503888706871e+00 1.292944140719014712e+01 5.709609761207335765e+01
2.099657401645439680e+00 1.206024500113781528e+01 5.496131003592886088e+01
2.115444299402172490e+00 1.119410424296356332e+01 5.269016117132095189e+01
2.131231197158904855e+00 1.039661662674300047e+01 4.897017303070646932e+01
2.147018094915637665e+00 9.647930013433025920e+00 4.644187999215635898e+01
2.162804992672370030e+00 8.930270204609762175e+00 4.403782221359868032e+01
2.178591890429102840e+00 8.257488820002523155e+00 4.166120797330140846e+01
2.194378788185835649e+00 7.614867743216795049e+00 3.921024599344583095e+01
2.210165685942568015e+00 7.019472530972794111e+00 3.572941919442541092e+01
2.225952583699300824e+00 6.486754367757126438e+00 3.208843021338324775e+01
2.241739481456033189e+00 6.006318997067331189e+00 2.712027754150969727e+01
2.257526379212765999e+00 5.630464270393074955e+00 2.171308130805453729e+01
2.273313276969498808e+00 5.320754607879572440e+00 1.742835210983877303e+01
2.289100174726231174e+00 5.080185044740354705e+00 1.237987679469889102e+01
2.304887072482963983e+00 4.929874909481855916e+00 7.007532367133337381e+00
2.320673970239696349e+00 4.858930650726497547e+00 2.630798962327137058e+00
2.336460867996429158e+00 4.846810601008302299e+00 -1.879333738397068743e+00
2.352247765753161524e+00 4.918268349884202806e+00 -5.390007494247469388e+00
2.368034663509894333e+00 5.016993595447717169e+00 -7.641856870138750146e+00
2.383821561266627143e+00 5.159550776045133347e+00 -1.024471075873847958e+01
2.399608459023359508e+00 5.340457998038723453e+00 -1.162730318394569728e+01
2.415395356780092317e+00 5.526668869148098295e+00 -1.150592378298116714e+01
2.431182254536824683e+00 5.703743682756087452e+00 -1.112443908447191099e+01
2.446969152293557492e+00 5.877909634003215089e+00 -9.637676132143917940e+00
2.462756050050290302e+00 6.008041698177404299e+00 -7.550199289982471917e+00
2.478542947807022667e+00 6.116298082471032238e+00 -6.307471763064487646e+00
2.494329845563755477e+00 6.207192521831358611e+00 -5.340762528769330331e+00
2.510116743320487842e+00 6.284926226440372687e+00 -4.583791469731764323e+00
2.525903641077220652e+00 6.351920216373035721e+00 -4.065323756676246347e+00
2.541690538833953461e+00 6.413283927429700881e+00 -3.553011421145390702e+00
2.557477436590685826e+00 6.464102272441286878e+00 -3.791737879164040592e+00
2.573264334347418636e+00 6.533003483867086736e+00 -3.826038760383090320e+00
2.589051232104151001e+00 6.584904837888214679e+00 -2.487810530024454181e+00
2.604838129860883811e+00 6.611553104818324478e+00 -2.546753823947588424e-01
2.620625027617616620e+00 6.592945906334260364e+00 3.124842903820559847e+00
2.636411925374348986e+00 6.512889953961391143e+00 6.059842673692342530e+00
2.652198823131081795e+00 6.401613672911327768e+00 8.234160698618138596e+00
2.667985720887814161e+00 6.252906247838209808e+00 1.151966158234122517e+01
2.683772618644546970e+00 6.037894233726164295e+00 1.435434131666720425e+01
2.699559516401279780e+00 5.799685210375273847e+00 1.569613333383885845e+01
2.715346414158012145e+00 5.542307729491450452e+00 1.713663900079563618e+01
2.731133311914744954e+00 5.258616474776078853e+00 1.752560259600214110e+01
2.746920209671477320e+00 4.988957936875022980e+00 1.804583574678457225e+01
2.762707107428210129e+00 4.688840947037521190e+00 1.898747407571154966e+01
2.778494005184942495e+00 4.389451313091283779e+00 1.836362894062138196e+01
2.794280902941675304e+00 4.109031481981189060e+00 1.802507660190442706e+01
2.810067800698408114e+00 3.820331230348206208e+00 1.910708544836583300e+01
2.825854698455140479e+00 3.505748273176178653e+00 1.900631536843545533e+01
2.841641596211873289e+00 3.220229715440793061e+00 1.779065234508473381e+01
2.857428493968605654e+00 2.944029853981322109e+00 1.623473469602368624e+01
2.873215391725338463e+00 2.707637521933181635e+00 1.428056953642475868e+01
2.889002289482071273e+00 2.493138071622425400e+00 1.291094518684293568e+01
2.904789187238803638e+00 2.299989978718244288e+00 1.029039384467507112e+01
2.920576084995536448e+00 2.168231280617633150e+00 5.224076351038960730e+00
2.936362982752268813e+00 2.135046060263810386e+00 5.472264583945838368e-01
2.952149880509001623e+00 2.150953264320724756e+00 -3.096514580740246103e+00
2.967936778265734432e+00 2.232814778440566528e+00 -6.656091046837095959e+00
2.983723676022466798e+00 2.361111321952566122e+00 -9.722824355620737435e+00
2.999510573779199607e+00 2.539801246458275319e+00 -1.247832800563457312e+01
3.015297471535931972e+00 2.755099498752418885e+00 -1.390646543646518118e+01
3.031084369292664782e+00 2.978881142464299359e+00 -1.370354972507675662e+01
3.046871267049397591e+00 3.187772575580595458e+00 -1.170495130625758406e+01
3.062658164806129957e+00 3.348450881503144405e+00 -9.146229785957423530e+00
3.078445062562862766e+00 3.476553764561580273e+00 -5.889222098982491715e+00
3.094231960319595132e+00 3.534395975789798250e+00 -3.679061267139378533e+00
3.110018858076327941e+00 3.592715692691749396e+00 -2.688608180804070269e+00
3.125805755833060751e+00 3.619285540706335791e+00 -1.568978484387058225e+00
3.141592653589793116e+00 3.642254298522813016e+00 -1.454925354582837782e+00
