0.000000000000000000e+00 2.964375520423279795e+02 2.337225818973701408e+01
1.578689775673262907e-02 2.960685765919426444e+02 4.674451637947763061e+01
3.157379551346525814e-02 2.949616502407865255e+02 9.348903275895526122e+01
4.736069327019788722e-02 2.931167729888597364e+02 1.402335491384310728e+02
6.314759102693051629e-02 2.905339448361622203e+02 1.636058073281716929e+02
7.893448878366314536e-02 2.879511166834646474e+02 1.636058073281681118e+02
9.472138654039577443e-02 2.853682885307672450e+02 1.636058073281681118e+02
1.105082842971284035e-01 2.827854603780696721e+02 1.636058073281716929e+02
1.262951820538610326e-01 2.802026322253721560e+02 1.636058073281699023e+02
1.420820798105936755e-01 2.776198040726746399e+02 1.636058073281699023e+02
1.578689775673262907e-01 2.750369759199771238e+02 1.636058073281699023e+02
1.736558753240589059e-01 2.724541477672796077e+02 1.636058073281699023e+02
1.894427730807915489e-01 2.698713196145820916e+02 1.636058073281681118e+02
2.052296708375241918e-01 2.672884914618846324e+02 1.636058073281681118e+02
2.210165685942568070e-01 2.647056633091871163e+02 1.636058073281716929e+02
2.368034663509894222e-01 2.621228351564895434e+02 1.636058073281699023e+02
2.525903641077220652e-01 2.595400070037920841e+02 1.636058073281699023e+02
2.683772618644547081e-01 2.569571788510945112e+02 1.636058073281716929e+02
2.841641596211873511e-01 2.543743506983969951e+02 1.636058073281689929e+02
2.999510573779199385e-01 2.517915225456995074e+02 1.636058073281689929e+02
3.157379551346525814e-01 2.492086943930019913e+02 1.636058073281708118e+02
3.315248528913852244e-01 2.466258662403044468e+02 1.636058073281708118e+02
3.473117506481178118e-01 2.440430380876069307e+02 1.636058073281708118e+02
3.630986484048504548e-01 2.414602099349093862e+02 1.636058073281699023e+02
3.788855461615830977e-01 2.388773817822118986e+02 1.636058073281689929e+02
3.946724439183157407e-01 2.362945536295143825e+02 1.636058073281689929e+02
4.104593416750483836e-01 2.337117254768168948e+02 1.636058073281689929e+02
4.262462394317809711e-01 2.311288973241193787e+02 1.636058073281708118e+02
4.420331371885136140e-01 2.285460691714218342e+02 1.636058073281708118e+02
4.578200349452462570e-01 2.259632410187243181e+02 1.636058073281689929e+02
4.736069327019788444e-01 2.233804128660268304e+02 1.636058073281699023e+02
4.893938304587114874e-01 2.207975847133292859e+02 1.636058073281708118e+02
5.051807282154441303e-01 2.182147565606317698e+02 1.636058073281689929e+02
5.209676259721767178e-01 2.156319284079342822e+02 1.636058073281689929e+02
5.367545237289094162e-01 2.130491002552367661e+02 1.636058073281708118e+02
5.525414214856420037e-01 2.104662721025392216e+02 1.636058073281708118e+02
5.683283192423747021e-01 2.078834439498417055e+02 1.636058073281699023e+02
5.841152169991072896e-01 2.053006157971441894e+02 1.636058073281689929e+02
5.999021147558398770e-01 2.027177876444467017e+02 1.636058073281689929e+02
6.156890125125725755e-01 2.001349594917491856e+02 1.636058073281699023e+02
6.314759102693051629e-01 1.975521313390516696e+02 1.636058073281699023e+02
6.472628080260377503e-01 1.949693031863541535e+02 1.636058073281708118e+02
6.630497057827704488e-01 1.923864750336566090e+02 1.636058073281708118e+02
6.788366035395030362e-01 1.898036468809590929e+02 1.636058073281699023e+02
6.946235012962356237e-01 1.872208187282615768e+02 1.636058073281689929e+02
7.104103990529683221e-01 1.846379905755640891e+02 1.636058073281681118e+02
7.261972968097009096e-01 1.820551624228666014e+02 1.636058073281699023e+02
7.419841945664336080e-01 1.794723342701690569e+02 1.636058073281708118e+02
7.577710923231661955e-01 1.768895061174715408e+02 1.636058073281699023e+02
7.735579900798987829e-01 1.743066779647740248e+02 1.636058073281699023e+02
7.893448878366314814e-01 1.717238498120765087e+02 1.636058073281699023e+02
8.051317855933640688e-01 1.691410216593789926e+02 1.636058073281699023e+02
8.209186833500967673e-01 1.665581935066814765e+02 1.636058073281699023e+02
8.367055811068293547e-01 1.639753653539839604e+02 1.636058073281699023e+02
8.524924788635619421e-01 1.613925372012864443e+02 1.636058073281699023e+02
8.682793766202946406e-01 1.588097090485889282e+02 1.636058073281699023e+02
8.840662743770272280e-01 1.562268808958914121e+02 1.636058073281689929e+02
8.998531721337598155e-01 1.536440527431939245e+02 1.636058073281689929e+02
9.156400698904925139e-01 1.510612245904964084e+02 1.636058073281708118e+02
9.314269676472251014e-01 1.484783964377988639e+02 1.636058073281699023e+02
9.472138654039576888e-01 1.458955682851013762e+02 1.636058073281689929e+02
9.630007631606903873e-01 1.433127401324038601e+02 1.636058073281699023e+02
9.787876609174229747e-01 1.407299119797063440e+02 1.636058073281708118e+02
9.945745586741556732e-01 1.381470838270087995e+02 1.636058073281699023e+02
1.010361456430888261e+00 1.355642556743113119e+02 1.636058073281689929e+02
1.026148354187620848e+00 1.329814275216137958e+02 1.636058073281708118e+02
1.041935251944353436e+00 1.303985993689162513e+02 1.636058073281703571e+02
1.057722149701086245e+00 1.278157712162187494e+02 1.636058073281699023e+02
1.073509047457818832e+00 1.252329430635212191e+02 1.636058073281703571e+02
1.089295945214551420e+00 1.226501149108237030e+02 1.636058073281699023e+02
1.105082842971284007e+00 1.200672867581261869e+02 1.636058073281703571e+02
1.120869740728016595e+00 1.174844586054286566e+02 1.636058073281699023e+02
1.136656638484749404e+00 1.149016304527311547e+02 1.636058073281694476e+02
1.152443536241481992e+00 1.123188023000336386e+02 1.636058073281694476e+02
1.168230433998214579e+00 1.097359741473361368e+02 1.636058073281694476e+02
1.184017331754947167e+00 1.071531459946386207e+02 1.636058073281703571e+02
1.199804229511679754e+00 1.045703178419410904e+02 1.636058073281699023e+02
1.215591127268412341e+00 1.019874896892435885e+02 1.636058073281694476e+02
1.231378025025145151e+00 9.940466153654607240e+01 1.636058073281699023e+02
1.247164922781877738e+00 9.682183338384855631e+01 1.636058073281703571e+02
1.262951820538610326e+00 9.423900523115102601e+01 1.636058073281703571e+02
1.278738718295342913e+00 9.165617707845350992e+01 1.636058073281694476e+02
1.294525616052075501e+00 8.907334892575600804e+01 1.636058073281689929e+02
1.310312513808808310e+00 8.649052077305850617e+01 1.636058073281699023e+02
1.326099411565540898e+00 8.390769262036097587e+01 1.636058073281703571e+02
1.341886309322273485e+00 8.132486446766345978e+01 1.636058073281699023e+02
1.357673207079006072e+00 7.874203631496594369e+01 1.636058073281694476e+02
1.373460104835738660e+00 7.615920816226844181e+01 1.650537382935754067e+02
1.389247002592471247e+00 7.353066333335158333e+01 1.731290966238243811e+02
1.405033900349204057e+00 7.069286546803684246e+01 1.716811656584184220e+02
1.420820798105936644e+00 6.811003731533932637e+01 1.561310865860634749e+02
1.436607695862669232e+00 6.576321446687333605e+01 1.378635274590256188e+02
1.452394593619401819e+00 6.375716249058304896e+01 1.152027084042601501e+02
1.468181491376134407e+00 6.212582770911986074e+01 9.984603135464797674e+01
1.483968389132867216e+00 6.060464431376035321e+01 9.380445957714417204e+01
1.499755286889599804e+00 5.916406488417999299e+01 7.984505454039673111e+01
1.515542184646332391e+00 5.808363288894038590e+01 8.174920239249273379e+01
1.531329082403064978e+00 5.658293228445054268e+01 8.602575128428181017e+01
1.547115980159797566e+00 5.536747340899825076e+01 8.821520528108236192e+01
1.562902877916530375e+00 5.379764343172728758e+01 1.112859247118444443e+02
1.578689775673262963e+00 5.185375437861958403e+01 1.184768524223002970e+02
1.594476673429995550e+00 5.005687952026657683e+01 1.140921669101329030e+02
1.610263571186728138e+00 4.825143163091090059e+01 1.134032989493290842e+02
1.626050468943460725e+00 4.647630694868809087e+01 9.743291098697343955e+01
1.641837366700193535e+00 4.517510482312653863e+01 9.175530045844459437e+01
1.657624264456926122e+00 4.357924385473659612e+01 9.128261618070247607e+01
1.673411162213658709e+00 4.229296616590290370e+01 7.455471641785089787e+01
1.689198059970391297e+00 4.122526848399498078e+01 6.996624642394213822e+01
1.704984957727123884e+00 4.008386620846863480e+01 6.525618344244935543e+01
1.720771855483856472e+00 3.916488309199390727e+01 5.787534300746413152e+01
1.736558753240589281e+00 3.825652196307930097e+01 6.048197296704741177e+01
1.752345650997321869e+00 3.725523764528141868e+01 6.712408822666654373e+01
1.768132548754054456e+00 3.613715972738273052e+01 7.056381452645187835e+01
1.783919446510787044e+00 3.502727019477313775e+01 7.156149664849429826e+01
1.799706344267519631e+00 3.387769166556564215e+01 7.178891517107119569e+01
1.815493242024252440e+00 3.276062166702823220e+01 7.181973101850383046e+01
1.831280139780985028e+00 3.161007016455532437e+01 7.418253873107947527e+01
1.847067037537717615e+00 3.041839735846341242e+01 7.774384654488905255e+01
1.862853935294450203e+00 2.915540185131677475e+01 7.733591978240959008e+01
1.878640833051182790e+00 2.797660884140785953e+01 7.967912685664795447e+01
1.894427730807915378e+00 2.663962939325351442e+01 8.388236794474579483e+01
1.910214628564648187e+00 2.532812410873520292e+01 8.441902104713858535e+01
1.926001526321380775e+00 2.397420048526424097e+01 8.691429590842970754e+01
1.941788424078113362e+00 2.258390990252563313e+01 8.541935512531333075e+01
1.957575321834845949e+00 2.127718723364552744e+01 8.184129524801991806e+01
1.973362219591578537e+00 1.999986958180751628e+01 8.020648534099387916e+01
1.989149117348311346e+00 1.874476406663523775e+01 7.657813837421350911e+01
2.004936015105043712e+00 1.758200709997825228e+01 7.333922307665976348e+01
2.020722912861776521e+00 1.642916643409636990e+01 7.037492141256601030e+01
2.036509810618509331e+00 1.536000372202170539e+01 6.478814613872107486e+01
2.052296708375241696e+00 1.438355875621588709e+01 6.246142577511088234e+01
2.068083606131974506e+00 1.338785943711886617e+01 6.006638394576202700e+01
2.083870503888706871e+00 1.248703503227910439e+01 5.589100833557875347e+01
2.099657401645439680e+00 1.162316816888992044e+01 5.455972646274043569e+01
2.115444299402172490e+00 1.076437738567393865e+01 5.201605059368862527e+01
2.131231197158904855e+00 9.980824024026732744e+00 4.879220167105743400e+01
2.147018094915637665e+00 9.223822387460213434e+00 4.748247585004845206e+01
2.162804992672370030e+00 8.481622041064250439e+00 4.434437018876256786e+01
2.178591890429102840e+00 7.823702310946819338e+00 4.049347823305876659e+01
2.194378788185835649e+00 7.203089239704696389e+00 3.690631862149446363e+01
2.210165685942568015e+00 6.658429753636958104e+00 3.145656964570731873e+01
2.225952583699300824e+00 6.209885942156055272e+00 2.702806835194631319e+01
2.241739481456033189e+00 5.805051050368643217e+00 2.390295209490924222e+01
2.257526379212765999e+00 5.455179020543234891e+00 2.008283653828113202e+01
2.273313276969498808e+00 5.170959676178606301e+00 1.569286604771544802e+01
2.289100174726231174e+00 4.959695676932465602e+00 1.093628006258636809e+01
2.304887072482963983e+00 4.825659805804517255e+00 7.138234898808862638e+00
2.320673970239696349e+00 4.734314507910393210e+00 4.194836779497152612e+00
2.336460867996429158e+00 4.693212887116311016e+00 8.869389424212810180e-01
2.352247765753161524e+00 4.706310479109454548e+00 -2.571382117495494501e+00
2.368034663509894333e+00 4.774401180281095058e+00 -5.662500710981329455e+00
2.383821561266627143e+00 4.885097118652830694e+00 -8.170618135811748672e+00
2.399608459023359508e+00 5.032378606519825937e+00 -9.235816509018324183e+00
2.415395356780092317e+00 5.176706900508461828e+00 -1.017197961439385168e+01
2.431182254536824683e+00 5.353546610831834585e+00 -1.111195754456189810e+01
2.446969152293557492e+00 5.527553575774766692e+00 -1.111552482309981471e+01
2.462756050050290302e+00 5.704505918621235239e+00 -1.111129741908044011e+01
2.478542947807022667e+00 5.878379408374106774e+00 -1.061891740442397847e+01
2.494329845563755477e+00 6.039785445322895185e+00 -9.565392285056983468e+00
2.510116743320487842e+00 6.180395148388574178e+00 -9.164853512577220584e+00
2.525903641077220652e+00 6.329154656039872151e+00 -8.261865328759256499e+00
2.541690538833953461e+00 6.441253594838607377e+00 -6.283889321467668765e+00
2.557477436590685826e+00 6.527560892505140266e+00 -3.812669366853767450e+00
2.573264334347418636e+00 6.561634037788101281e+00 -1.014558077681348536e+00
2.589051232104151001e+00 6.559594341786385563e+00 1.239491174956642183e+00
2.604838129860883811e+00 6.522498596889275468e+00 4.596386972316363284e+00
2.620625027617616620e+00 6.414468959421713024e+00 8.603497360321046727e+00
2.636411925374348986e+00 6.250853530533860614e+00 1.064894319379820864e+01
2.652198823131081795e+00 6.078241404586220753e+00 1.157633168740567520e+01
2.667985720887814161e+00 5.885344801039665619e+00 1.160466153261825184e+01
2.683772618644546970e+00 5.711838194352355735e+00 1.182398703494705217e+01
2.699559516401279780e+00 5.512016652244382975e+00 1.323650841926834509e+01
2.715346414158012145e+00 5.293911384210115756e+00 1.327807845150852550e+01
2.731133311914744954e+00 5.092777318404703379e+00 1.292796375466180159e+01
2.746920209671477320e+00 4.885726500214933488e+00 1.452552186751237961e+01
2.762707107428210129e+00 4.634151461233499525e+00 1.590185127805257537e+01
2.778494005184942495e+00 4.383644699676165324e+00 1.682947208434899622e+01
2.794280902941675304e+00 4.102781151042692365e+00 1.742915088230969900e+01
2.810067800698408114e+00 3.833340253744786263e+00 1.676299162526598252e+01
2.825854698455140479e+00 3.573509881272613598e+00 1.607265437429907706e+01
2.841641596211873289e+00 3.325865551172064283e+00 1.448910944409938217e+01
2.857428493968605654e+00 3.116033702512401415e+00 1.231604281360299957e+01
2.873215391725338463e+00 2.937001333840279838e+00 1.101549998116381346e+01
2.889002289482071273e+00 2.768232558628554774e+00 8.853343752348987294e+00
2.904789187238803638e+00 2.657467668593197718e+00 5.273206641882842938e+00
2.920576084995536448e+00 2.601737410417499063e+00 1.877281701746061238e+00
2.936362982752268813e+00 2.598194760021097505e+00 -3.352650046580002985e-01
2.952149880509001623e+00 2.612322999117391742e+00 -1.241895018978089738e+00
2.967936778265734432e+00 2.637406099399502768e+00 -2.835815004126747141e+00
2.983723676022466798e+00 2.701860442171706289e+00 -5.053631623863560129e+00
2.999510573779199607e+00 2.796968430891752178e+00 -4.964589197810727939e+00
3.015297471535931972e+00 2.858611366311740731e+00 -2.046947318591959775e+00
3.031084369292664782e+00 2.861598326955810734e+00 1.135352905551511471e+00
3.046871267049397591e+00 2.822763965836238675e+00 -4.917382473623687633e-01
3.062658164806129957e+00 2.877124369824179961e+00 -2.519954423743644423e+00
3.078445062562862766e+00 2.902328491514772679e+00 -4.317035347000997447e+00
3.094231960319595132e+00 3.013429561094790987e+00 -9.804492243411647934e+00
3.110018858076327941e+00 3.211893524721608273e+00 -1.238549631271633444e+01
3.125805755833060751e+00 3.404486689005274513e+00 -1.603547644339507272e+01
3.141592653589793116e+00 3.718194378906353403e+00 -1.987139555441107319e+01
