0.000000000000000000e+00 6.083036170658440369e+02 8.195404812060101563e+01
1.578689775673262907e-02 6.070098168874137627e+02 1.639080962411948406e+02
3.157379551346525814e-02 6.031284163521231676e+02 3.278161924823896811e+02
4.736069327019788722e-02 5.966594154599720241e+02 4.917242887235917124e+02
6.314759102693051629e-02 5.876028142109603323e+02 5.736783368441926996e+02
7.893448878366314536e-02 5.785462129619486404e+02 5.736783368441891753e+02
9.472138654039577443e-02 5.694896117129370623e+02 5.736783368441891753e+02
1.105082842971284035e-01 5.604330104639253705e+02 5.736783368441891753e+02
1.262951820538610326e-01 5.513764092149137923e+02 5.736783368441891753e+02
1.420820798105936755e-01 5.423198079659021005e+02 5.736783368441891753e+02
1.578689775673262907e-01 5.332632067168905223e+02 5.736783368441891753e+02
1.736558753240589059e-01 5.242066054678788305e+02 5.736783368441891753e+02
1.894427730807915489e-01 5.151500042188672523e+02 5.736783368441891753e+02
2.052296708375241918e-01 5.060934029698555605e+02 5.736783368441908806e+02
2.210165685942568070e-01 4.970368017208439255e+02 5.736783368441908806e+02
2.368034663509894222e-01 4.879802004718322337e+02 5.736783368441908806e+02
2.525903641077220652e-01 4.789235992228205987e+02 5.736783368441891753e+02
2.683772618644547081e-01 4.698669979738089637e+02 5.736783368441891753e+02
2.841641596211873511e-01 4.608103967247973287e+02 5.736783368441891753e+02
2.999510573779199385e-01 4.517537954757856937e+02 5.736783368441891753e+02
3.157379551346525814e-01 4.426971942267740587e+02 5.736783368441891753e+02
3.315248528913852244e-01 4.336405929777624237e+02 5.736783368441891753e+02
3.473117506481178118e-01 4.245839917287507888e+02 5.736783368441908806e+02
3.630986484048504548e-01 4.155273904797390969e+02 5.736783368441908806e+02
3.788855461615830977e-01 4.064707892307274619e+02 5.736783368441891753e+02
3.946724439183157407e-01 3.974141879817158269e+02 5.736783368441873563e+02
4.104593416750483836e-01 3.883575867327042488e+02 5.736783368441891753e+02
4.262462394317809711e-01 3.793009854836925570e+02 5.736783368441908806e+02
4.420331371885136140e-01 3.702443842346809220e+02 5.736783368441891753e+02
4.578200349452462570e-01 3.611877829856692870e+02 5.736783368441908806e+02
4.736069327019788444e-01 3.521311817366575951e+02 5.736783368441908806e+02
4.893938304587114874e-01 3.430745804876459601e+02 5.736783368441891753e+02
5.051807282154441303e-01 3.340179792386343252e+02 5.736783368441908806e+02
5.209676259721767178e-01 3.249613779896226333e+02 5.736783368441908806e+02
5.367545237289094162e-01 3.159047767406109983e+02 5.736783368441891753e+02
5.525414214856420037e-01 3.068481754915993633e+02 5.736783368441908806e+02
5.683283192423747021e-01 2.977915742425876715e+02 5.736783368441891753e+02
5.841152169991072896e-01 2.887349729935760934e+02 5.736783368441891753e+02
5.999021147558398770e-01 2.796783717445644015e+02 5.736783368441891753e+02
6.156890125125725755e-01 2.706217704955528234e+02 5.736783368441891753e+02
6.314759102693051629e-01 2.615651692465411315e+02 5.736783368441908806e+02
6.472628080260377503e-01 2.525085679975294966e+02 5.736783368441900848e+02
6.630497057827704488e-01 2.434519667485178331e+02 5.736783368441891753e+02
6.788366035395030362e-01 2.343953654995062266e+02 5.736783368441882658e+02
6.946235012962356237e-01 2.253387642504945916e+02 5.736783368441900848e+02
7.104103990529683221e-01 2.162821630014829282e+02 5.736783368441900848e+02
7.261972968097009096e-01 2.072255617524712932e+02 5.736783368441900848e+02
7.419841945664336080e-01 1.981689605034596298e+02 5.736783368441900848e+02
7.577710923231661955e-01 1.891123592544479948e+02 5.736783368441882658e+02
7.735579900798987829e-01 1.800557580054363882e+02 5.736783368441900848e+02
7.893448878366314814e-01 1.709991567564246964e+02 5.736783368441908806e+02
8.051317855933640688e-01 1.619425555074130614e+02 5.736783368441891753e+02
8.209186833500967673e-01 1.528859542584014264e+02 5.736783368441900848e+02
8.367055811068293547e-01 1.438293530093897630e+02 5.736783368441900848e+02
8.524924788635619421e-01 1.347727517603781280e+02 5.736783368441896300e+02
8.682793766202946406e-01 1.257161505113664788e+02 5.736783368441896300e+02
8.840662743770272280e-01 1.166595492623548438e+02 5.880380615240335374e+02
8.998531721337598155e-01 1.071495570026721396e+02 6.032770721534717495e+02
9.156400698904925139e-01 9.761180234821910062e+01 5.889173474736272738e+02
9.314269676472251014e-01 8.855520109920746563e+01 5.629647877421180056e+02
9.472138654039576888e-01 7.983686725876809476e+01 5.311181430580837741e+02
9.630007631606903873e-01 7.178578545680014145e+01 4.853407237753493746e+02
9.787876609174229747e-01 6.451281849192798745e+01 4.328231890824466745e+02
9.945745586741556732e-01 5.811991459122506143e+01 3.616954449379921357e+02
1.010361456430888261e+00 5.309272047530399163e+01 2.891796655120962214e+02
1.026148354187620848e+00 4.898941496569385379e+01 2.472071523948939671e+02
1.041935251944353436e+00 4.528745239612156581e+01 2.141494836829870962e+02
1.057722149701086245e+00 4.222790295857305409e+01 1.833998839252802213e+02
1.073509047457818832e+00 3.949682196387150412e+01 1.652733126825225156e+02
1.089295945214551420e+00 3.700959718010208377e+01 1.525503917624276085e+02
1.105082842971284007e+00 3.468022708886559968e+01 1.429575151342436641e+02
1.120869740728016595e+00 3.249588583014035947e+01 1.313309530447365887e+02
1.136656638484749404e+00 3.053361043284257903e+01 1.161652931931383961e+02
1.152443536241481992e+00 2.882810661709847011e+01 1.030242804958775622e+02
1.168230433998214579e+00 2.728074286754385369e+01 9.301112583975707082e+01
1.184017331754947167e+00 2.589139234935679568e+01 8.246821288726178523e+01
1.199804229511679754e+00 2.467690837748052957e+01 7.087133190534198945e+01
1.215591127268412341e+00 2.365371540801060135e+01 5.781108803766784376e+01
1.231378025025145151e+00 2.285159290536826759e+01 4.561859621633814754e+01
1.247164922781877738e+00 2.221336317946460071e+01 3.536553569315184831e+01
1.262951820538610326e+00 2.173496871316853429e+01 2.386468256099152185e+01
1.278738718295342913e+00 2.145986457229009403e+01 1.007963799673375505e+01
1.294525616052075501e+00 2.141671628420990814e+01 -3.322384371857469709e+00
1.310312513808808310e+00 2.156476485706425450e+01 -1.445132640565491933e+01
1.326099411565540898e+00 2.187299950904039747e+01 -2.277046199000091065e+01
1.341886309322273485e+00 2.228371476768367643e+01 -2.999010156988497044e+01
1.357673207079006072e+00 2.281990084343599889e+01 -3.841204658909843062e+01
1.373460104835738660e+00 2.349652887194157103e+01 -4.547816215415846131e+01
1.389247002592471247e+00 2.425581903561961283e+01 -4.803400076456268408e+01
1.405033900349204057e+00 2.501314458977550714e+01 -4.690907572950895599e+01
1.420820798105936644e+00 2.573691660042878482e+01 -4.697920862540931353e+01
1.436607695862669232e+00 2.649645651629860410e+01 -4.788072985686138594e+01
1.452394593619401819e+00 2.724869297396479695e+01 -4.514858521571288463e+01
1.468181491376134407e+00 2.792196871362178356e+01 -3.965016022569822951e+01
1.483968389132867216e+00 2.850059902500712639e+01 -3.333686170722830155e+01
1.499755286889599804e+00 2.897453996822648037e+01 -2.829215522950575590e+01
1.515542184646332391e+00 2.939388974885875783e+01 -2.658204824459186355e+01
1.531329082403064978e+00 2.981383612383029202e+01 -2.140039638174076231e+01
1.547115980159797566e+00 3.006958148812294240e+01 -1.317333176156970254e+01
1.562902877916530375e+00 3.022976820710113088e+01 -8.346729485109023017e+00
1.578689775673262963e+00 3.033311941809198586e+01 -2.505084599892294150e+00
1.594476673429995550e+00 3.030886323600206111e+01 4.395312361062682527e+00
1.610263571186728138e+00 3.019434272438598654e+01 1.238456873645987955e+01
1.626050468943460725e+00 2.991783539519462209e+01 2.301777411796888018e+01
1.641837366700193535e+00 2.946758423121010395e+01 3.241144134397611509e+01
1.657624264456926122e+00 2.889448317390324661e+01 3.898474482610077274e+01
1.673411162213658709e+00 2.823668786992617541e+01 4.377667613899250654e+01
1.689198059970391297e+00 2.751228735323150332e+01 4.674511000919175530e+01
1.704984957727123884e+00 2.676076732524151680e+01 4.954191736977814031e+01
1.720771855483856472e+00 2.594806098485313584e+01 5.076974413670765074e+01
1.736558753240589281e+00 2.515777380559815768e+01 5.032872070773519368e+01
1.752345650997321869e+00 2.435899224877280034e+01 4.822595727422201151e+01
1.768132548754054456e+00 2.363509729218075961e+01 4.626583495057720086e+01
1.783919446510787044e+00 2.289820423678354189e+01 4.737938746964917414e+01
1.799706344267519631e+00 2.213915020066081851e+01 4.784604113822270932e+01
1.815493242024252440e+00 2.138752311775645154e+01 4.680057345173720762e+01
1.831280139780985028e+00 2.066147846458275694e+01 4.566732368493822491e+01
1.847067037537717615e+00 1.994563237808098322e+01 4.451460552002880178e+01
1.862853935294450203e+00 1.925598341253079582e+01 4.396585074348985955e+01
1.878640833051182790e+00 1.855746359713049998e+01 4.350425412374372769e+01
1.894427730807915378e+00 1.788238898886188366e+01 4.221576385474229909e+01
1.910214628564648187e+00 1.722455170173612871e+01 4.155271112980769743e+01
1.926001526321380775e+00 1.657041218461924359e+01 4.131393686535174226e+01
1.941788424078113362e+00 1.592011390729329889e+01 4.115241512925667422e+01
1.957575321834845949e+00 1.527107424444285932e+01 4.139837471268644720e+01
1.973362219591578537e+00 1.461301008952512603e+01 4.174177722124160539e+01
1.989149117348311346e+00 1.395312790609075471e+01 4.218143583836913990e+01
2.004936015105043712e+00 1.328118205990010381e+01 4.217699678984041611e+01
2.020722912861776521e+00 1.262144003407625270e+01 4.210816432312999780e+01
2.036509810618509331e+00 1.195166749011420393e+01 4.199661525188621880e+01
2.052296708375241696e+00 1.129544749185552099e+01 4.091405336078584298e+01
2.068083606131974506e+00 1.065985553567374566e+01 3.852279459382143756e+01
2.083870503888706871e+00 1.007913665274297799e+01 3.559327663070693859e+01
2.099657401645439680e+00 9.536040697681603007e+00 3.221773394838207594e+01
2.115444299402172490e+00 9.061900509149534599e+00 2.840404617344630722e+01
2.131231197158904855e+00 8.639217152046184012e+00 2.350478713901667760e+01
2.147018094915637665e+00 8.319765166434693882e+00 1.736886015201665501e+01
2.162804992672370030e+00 8.090816313304435070e+00 1.176302312096998826e+01
2.178591890429102840e+00 7.948361879793023554e+00 6.842809098555114211e+00
2.194378788185835649e+00 7.874762858088976358e+00 2.112107033768211295e+00
2.210165685942568015e+00 7.881674644206274394e+00 -2.604792522043570813e+00
2.225952583699300824e+00 7.957006044534983502e+00 -6.867455363693006909e+00
2.241739481456033189e+00 8.098506275557367573e+00 -1.000765923608805430e+01
2.257526379212765999e+00 8.272985830823669673e+00 -1.167221536928087922e+01
2.273313276969498808e+00 8.467042416816168426e+00 -1.266151635279509158e+01
2.289100174726231174e+00 8.672757959037218356e+00 -1.322817447410216829e+01
2.304887072482963983e+00 8.884706092677911116e+00 -1.328130984536955239e+01
2.320673970239696349e+00 9.092099320245889515e+00 -1.281213307824591574e+01
2.336460867996429158e+00 9.289233762581751819e+00 -1.192835031312583283e+01
2.352247765753161524e+00 9.468722613845503844e+00 -1.104167530380865436e+01
2.368034663509894333e+00 9.637861360750285655e+00 -9.986132450792190696e+00
2.383821561266627143e+00 9.784022717817196124e+00 -8.223268994377107788e+00
2.399608459023359508e+00 9.897501174430967552e+00 -6.181749723298268329e+00
2.415395356780092317e+00 9.979204019496036082e+00 -4.235820950757998027e+00
2.431182254536824683e+00 1.003124211896185258e+01 -1.814007765235578606e+00
2.446969152293557492e+00 1.003647912973542233e+01 1.240279489648398847e+00
2.462756050050290302e+00 9.992081787976148988e+00 4.508247978381352716e+00
2.478542947807022667e+00 9.894136629942016370e+00 6.824549090759834513e+00
2.494329845563755477e+00 9.776604870512892731e+00 7.785038055296396031e+00
2.510116743320487842e+00 9.648333430319542714e+00 8.697064952512647551e+00
2.525903641077220652e+00 9.502005520134932937e+00 1.014513427120750144e+01
2.541690538833953461e+00 9.328013035383788676e+00 1.126212473444463669e+01
2.557477436590685826e+00 9.146417496722438756e+00 1.154727815031863969e+01
2.573264334347418636e+00 8.963421636328522624e+00 1.181237103038785285e+01
2.589051232104151001e+00 8.773456109279791804e+00 1.283914060154497605e+01
2.604838129860883811e+00 8.558041236406712216e+00 1.425564347101260942e+01
2.620625027617616620e+00 8.323351337413173567e+00 1.567624450232675848e+01
2.636411925374348986e+00 8.063082698071163179e+00 1.623616284829939005e+01
2.652198823131081795e+00 7.810714051717646988e+00 1.571619422595169446e+01
2.667985720887814161e+00 7.566862795331060987e+00 1.479669396022458372e+01
2.683772618644546970e+00 7.343526262342189526e+00 1.344955999684302483e+01
2.699559516401279780e+00 7.142209138244656863e+00 1.162472395904924305e+01
2.715346414158012145e+00 6.976489605158688434e+00 9.153436093980729993e+00
2.731133311914744954e+00 6.853200418767737112e+00 5.560882292684285133e+00
2.746920209671477320e+00 6.800911444775024961e+00 1.534085027357594777e+00
2.762707107428210129e+00 6.804763531813679656e+00 -1.818131167467318177e+00
2.778494005184942495e+00 6.858316746473295922e+00 -5.367599734297356484e+00
2.794280902941675304e+00 6.974239028222514847e+00 -9.434775553433469852e+00
2.810067800698408114e+00 7.156208420512845336e+00 -1.385546989880625368e+01
2.825854698455140479e+00 7.411708801550396686e+00 -1.881681886943560400e+01
2.841641596211873289e+00 7.750326811710319674e+00 -2.378548083809438651e+01
2.857428493968605654e+00 8.162706709721835097e+00 -2.782714093779873465e+01
2.873215391725338463e+00 8.628935269404754749e+00 -3.079664620386328622e+01
2.889002289482071273e+00 9.135073719463150610e+00 -3.274725096190483953e+01
2.904789187238803638e+00 9.662890274904066601e+00 -3.470902413307935319e+01
2.920576084995536448e+00 1.023096934991292883e+01 -3.566736710899057528e+01
2.936362982752268813e+00 1.078904443050703144e+01 -3.423228882681164720e+01
2.952149880509001623e+00 1.131181263728856123e+01 -3.092719651271550063e+01
2.967936778265734432e+00 1.176553340900426647e+01 -2.814733003380102616e+01
2.983723676022466798e+00 1.220053068002581398e+01 -2.808862220343437599e+01
2.999510573779199607e+00 1.265239782271048341e+01 -2.734379367848599784e+01
3.015297471535931972e+00 1.306387803019271487e+01 -2.416927655652830609e+01
3.031084369292664782e+00 1.341551361841469792e+01 -2.218847568872610765e+01
3.046871267049397591e+00 1.376445242434404825e+01 -1.983306374606141986e+01
3.062658164806129957e+00 1.404171871753836243e+01 -1.814292250133751239e+01
3.078445062562862766e+00 1.433729334941792644e+01 -1.871295855385356788e+01
3.094231960319595132e+00 1.463255784436968554e+01 -1.800567912285015026e+01
3.110018858076327941e+00 1.490580098012386756e+01 -1.772092005920302071e+01
3.125805755833060751e+00 1.519207455062942635e+01 -1.656843310784352497e+01
3.141592653589793116e+00 1.542892929904944666e+01 -1.500324839432174073e+01
