0.000000000000000000e+00 3.706714667042650149e+02 4.692676696486561383e+01
1.578689775673262907e-02 3.699306386321366631e+02 9.385353392972942288e+01
3.157379551346525814e-02 3.677081544157516646e+02 1.877070678594606363e+02
4.736069327019788722e-02 3.640040140551099057e+02 2.815606017891918782e+02
6.314759102693051629e-02 3.588182175502115001e+02 3.284873687540556944e+02
7.893448878366314536e-02 3.536324210453130945e+02 3.284873687540575133e+02
9.472138654039577443e-02 3.484466245404146321e+02 3.284873687540575133e+02
1.105082842971284035e-01 3.432608280355162265e+02 3.284873687540556944e+02
1.262951820538610326e-01 3.380750315306178209e+02 3.284873687540575133e+02
1.420820798105936755e-01 3.328892350257193584e+02 3.284873687540592755e+02
1.578689775673262907e-01 3.277034385208208960e+02 3.284873687540575133e+02
1.736558753240589059e-01 3.225176420159224904e+02 3.284873687540575133e+02
1.894427730807915489e-01 3.173318455110240279e+02 3.284873687540592755e+02
2.052296708375241918e-01 3.121460490061255655e+02 3.284873687540538754e+02
2.210165685942568070e-01 3.069602525012272736e+02 3.284873687540538754e+02
2.368034663509894222e-01 3.017744559963288111e+02 3.284873687540575133e+02
2.525903641077220652e-01 2.965886594914304055e+02 3.284873687540592755e+02
2.683772618644547081e-01 2.914028629865318862e+02 3.284873687540592755e+02
2.841641596211873511e-01 2.862170664816334806e+02 3.284873687540556944e+02
2.999510573779199385e-01 2.810312699767350750e+02 3.284873687540556944e+02
3.157379551346525814e-01 2.758454734718366694e+02 3.284873687540556944e+02
3.315248528913852244e-01 2.706596769669382638e+02 3.284873687540575133e+02
3.473117506481178118e-01 2.654738804620398014e+02 3.284873687540592755e+02
3.630986484048504548e-01 2.602880839571413389e+02 3.284873687540575133e+02
3.788855461615830977e-01 2.551022874522429333e+02 3.284873687540547849e+02
3.946724439183157407e-01 2.499164909473445562e+02 3.284873687540566038e+02
4.104593416750483836e-01 2.447306944424460937e+02 3.284873687540583660e+02
4.262462394317809711e-01 2.395448979375476597e+02 3.284873687540575133e+02
4.420331371885136140e-01 2.343591014326492257e+02 3.284873687540566038e+02
4.578200349452462570e-01 2.291733049277508201e+02 3.284873687540566038e+02
4.736069327019788444e-01 2.239875084228523860e+02 3.284873687540566038e+02
4.893938304587114874e-01 2.188017119179539804e+02 3.284873687540575133e+02
5.051807282154441303e-01 2.136159154130555180e+02 3.284873687540575133e+02
5.209676259721767178e-01 2.084301189081571124e+02 3.284873687540566038e+02
5.367545237289094162e-01 2.032443224032586784e+02 3.284873687540566038e+02
5.525414214856420037e-01 1.980585258983602728e+02 3.284873687540566038e+02
5.683283192423747021e-01 1.928727293934618388e+02 3.284873687540575133e+02
5.841152169991072896e-01 1.876869328885634047e+02 3.284873687540575133e+02
5.999021147558398770e-01 1.825011363836649707e+02 3.284873687540566038e+02
6.156890125125725755e-01 1.773153398787665651e+02 3.284873687540566038e+02
6.314759102693051629e-01 1.721295433738681311e+02 3.284873687540575133e+02
6.472628080260377503e-01 1.669437468689696971e+02 3.284873687540566038e+02
6.630497057827704488e-01 1.617579503640712915e+02 3.284873687540566038e+02
6.788366035395030362e-01 1.565721538591728574e+02 3.284873687540575133e+02
6.946235012962356237e-01 1.513863573542744234e+02 3.284873687540566038e+02
7.104103990529683221e-01 1.462005608493760178e+02 3.284873687540566038e+02
7.261972968097009096e-01 1.410147643444775838e+02 3.284873687540575133e+02
7.419841945664336080e-01 1.358289678395791498e+02 3.284873687540575133e+02
7.577710923231661955e-01 1.306431713346807157e+02 3.284873687540570586e+02
7.735579900798987829e-01 1.254573748297822959e+02 3.284873687540566038e+02
7.893448878366314814e-01 1.202715783248838761e+02 3.284873687540570586e+02
8.051317855933640688e-01 1.150857818199854421e+02 3.284873687540575133e+02
8.209186833500967673e-01 1.098999853150870081e+02 3.284873687540570586e+02
8.367055811068293547e-01 1.047141888101885883e+02 3.284873687540566038e+02
8.524924788635619421e-01 9.952839230529016845e+01 3.284873687540570586e+02
8.682793766202946406e-01 9.434259580039173443e+01 3.284873687540575133e+02
8.840662743770272280e-01 8.915679929549330041e+01 3.325825760643460285e+02
8.998531721337598155e-01 8.384170155239456790e+01 3.227413145186018824e+02
9.156400698904925139e-01 7.896663102713598903e+01 3.186461072083128556e+02
9.314269676472251014e-01 7.378083452223756922e+01 3.322933545657472791e+02
9.472138654039576888e-01 6.847486859959367678e+01 3.260761408824922114e+02
9.630007631606903873e-01 6.348537312819387068e+01 3.034742354245781826e+02
9.787876609174229747e-01 5.889303514669283146e+01 2.773810635048900508e+02
9.945745586741556732e-01 5.472740014978295164e+01 2.502678291448378900e+02
1.010361456430888261e+00 5.099112988567485871e+01 2.380439538791993073e+02
1.026148354187620848e+00 4.721144902678435784e+01 2.161449534262859800e+02
1.041935251944353436e+00 4.416661332492583369e+01 1.768849909583342424e+02
1.057722149701086245e+00 4.162651849286476136e+01 1.572568647550045000e+02
1.073509047457818832e+00 3.920141723406266010e+01 1.495679870363830162e+02
1.089295945214551420e+00 3.690408945481738101e+01 1.444447302740697978e+02
1.105082842971284007e+00 3.464074885739153586e+01 1.347654212416361474e+02
1.120869740728016595e+00 3.264903360224795392e+01 1.223972912187833515e+02
1.136656638484749404e+00 3.077620181304761360e+01 1.134205533416256770e+02
1.152443536241481992e+00 2.906791624401538598e+01 9.931947603048558904e+01
1.168230433998214579e+00 2.764030898635654765e+01 8.329078870357692210e+01
1.184017331754947167e+00 2.643810991333340610e+01 7.141672178362099999e+01
1.199804229511679754e+00 2.538541201651845824e+01 5.927448521272605575e+01
1.215591127268412341e+00 2.456658943806087336e+01 4.704347657608911959e+01
1.231378025025145151e+00 2.390007090686252766e+01 3.431148579963771539e+01
1.247164922781877738e+00 2.348324560165994512e+01 2.090790570652557889e+01
1.262951820538610326e+00 2.323992896746987569e+01 1.264627845273037998e+01
1.278738718295342913e+00 2.308395459178709430e+01 5.530760885302528074e+00
1.294525616052075501e+00 2.306530185424346158e+01 -1.803440536400360061e+00
1.310312513808808310e+00 2.314089605450409337e+01 -8.694928394587686071e+00
1.326099411565540898e+00 2.333983374537839595e+01 -1.575325873147353661e+01
1.341886309322273485e+00 2.363828622436234994e+01 -2.095804047482150523e+01
1.357673207079006072e+00 2.400155862969333853e+01 -2.516543449806340149e+01
1.373460104835738660e+00 2.443285450721170804e+01 -3.038834735112622454e+01
1.389247002592471247e+00 2.496103409494995162e+01 -3.485855270050841170e+01
1.405033900349204057e+00 2.553347132207291281e+01 -3.852594420886491378e+01
1.420820798105936644e+00 2.617744437936382340e+01 -4.181091888727566896e+01
1.436607695862669232e+00 2.685360072524983721e+01 -4.162536715057567704e+01
1.452394593619401819e+00 2.749171520994901385e+01 -3.932345721884312439e+01
1.468181491376134407e+00 2.809519152236008921e+01 -3.737390511416886341e+01
1.483968389132867216e+00 2.867175124756343507e+01 -3.569848869452458473e+01
1.499755286889599804e+00 2.922232830454075980e+01 -3.124209802040753914e+01
1.515542184646332391e+00 2.965818286187142050e+01 -2.526864221524078147e+01
1.531329082403064978e+00 3.002015524674768798e+01 -1.829242165896061678e+01
1.547115980159797566e+00 3.023574404277752592e+01 -1.180863627748204081e+01
1.562902877916530375e+00 3.039299871386579355e+01 -6.103902888468156540e+00
1.578689775673262963e+00 3.042846742441206942e+01 2.474247397462395082e+00
1.594476673429995550e+00 3.031487733248859229e+01 1.283071848119809033e+01
1.610263571186728138e+00 3.002335294279588140e+01 2.113214862848449727e+01
1.626050468943460725e+00 2.964765519293266749e+01 2.847783037131856076e+01
1.641837366700193535e+00 2.912419974998471872e+01 3.483986982535080301e+01
1.657624264456926122e+00 2.854762826735129266e+01 4.055396919007029055e+01
1.673411162213658709e+00 2.784375701951806903e+01 4.602592107893188000e+01
1.689198059970391297e+00 2.709441524688620717e+01 4.835216623620670617e+01
1.704984957727123884e+00 2.631709561014299936e+01 4.993754299494808890e+01
1.720771855483856472e+00 2.551769747591883686e+01 5.026778560823289155e+01
1.736558753240589281e+00 2.472995082643394227e+01 4.914577731544002859e+01
1.752345650997321869e+00 2.396597875261083388e+01 4.862973420840832262e+01
1.768132548754054456e+00 2.319452554266349154e+01 4.685294796352999924e+01
1.783919446510787044e+00 2.248665335440730928e+01 4.537740528605238666e+01
1.799706344267519631e+00 2.176178862723003604e+01 4.576297988208361289e+01
1.815493242024252440e+00 2.104174238552357679e+01 4.549721989503313324e+01
1.831280139780985028e+00 2.032526870983309664e+01 4.581030192811577706e+01
1.847067037537717615e+00 1.959533728003514597e+01 4.588861152611344352e+01
1.862853935294450203e+00 1.887639107311074582e+01 4.521121683943793101e+01
1.878640833051182790e+00 1.816784756463179562e+01 4.555832878589895785e+01
1.894427730807915378e+00 1.743794171608955423e+01 4.430651228232689220e+01
1.910214628564648187e+00 1.676892280591476947e+01 4.135771917797487163e+01
1.926001526321380775e+00 1.613212154786085506e+01 3.938725405334819385e+01
1.941788424078113362e+00 1.552531770059744787e+01 3.834748932251729769e+01
1.957575321834845949e+00 1.492134576153690162e+01 3.891272875980080670e+01
1.973362219591578537e+00 1.429669515986455863e+01 4.003195685093276524e+01
1.989149117348311346e+00 1.365738494192168595e+01 3.997305158703578343e+01
2.004936015105043712e+00 1.303459420300629290e+01 4.014320074364796653e+01
2.020722912861776521e+00 1.238991173038575866e+01 4.111812136395263906e+01
2.036509810618509331e+00 1.173633904716300513e+01 4.130887397495644819e+01
2.052296708375241696e+00 1.108563379060897702e+01 4.024882481733588691e+01
2.068083606131974506e+00 1.046553088272315613e+01 3.720033150140103118e+01
2.083870503888706871e+00 9.911078130750620829e+00 3.311397972534656020e+01
2.099657401645439680e+00 9.419996858238029347e+00 2.988965488963858164e+01
2.115444299402172490e+00 8.967348279297125302e+00 2.663987701005346054e+01
2.131231197158904855e+00 8.578874829018737103e+00 2.214161947058371638e+01
2.147018094915637665e+00 8.268253313795954185e+00 1.714426798583280487e+01
2.162804992672370030e+00 8.037565217406003271e+00 1.204832144548156059e+01
2.178591890429102840e+00 7.887842076195821228e+00 7.940482512335822030e+00
2.194378788185835649e+00 7.786854046283265163e+00 4.716453757192354601e+00
2.210165685942568015e+00 7.738925729717514912e+00 6.100044980508736447e-01
2.225952583699300824e+00 7.767593888999512863e+00 -3.897120309717141406e+00
2.241739481456033189e+00 7.861972609467896334e+00 -7.053281687017658896e+00
2.257526379212765999e+00 7.990292762684277683e+00 -9.434908882414427822e+00
2.273313276969498808e+00 8.159868493209426532e+00 -1.153706074476243515e+01
2.289100174726231174e+00 8.354561559465834009e+00 -1.296952306905454577e+01
2.304887072482963983e+00 8.569365562498925115e+00 -1.405108666176145071e+01
2.320673970239696349e+00 8.798207696466269212e+00 -1.405586773915680077e+01
2.336460867996429158e+00 9.013162656259375183e+00 -1.291674033659247556e+01
2.352247765753161524e+00 9.206038214554368437e+00 -1.157582990091960440e+01
2.368034663509894333e+00 9.378655542449667593e+00 -9.526820697569556629e+00
2.383821561266627143e+00 9.506836103152878081e+00 -6.920302831132195465e+00
2.399608459023359508e+00 9.597155768931090236e+00 -4.746450928303674210e+00
2.415395356780092317e+00 9.656699574177835643e+00 -2.084800808483766588e+00
2.431182254536824683e+00 9.662980843344463722e+00 1.079215660887719253e+00
2.446969152293557492e+00 9.622624639586037532e+00 3.741073154676612056e+00
2.462756050050290302e+00 9.544860964557789984e+00 5.164747347841355030e+00
2.478542947807022667e+00 9.459553962946582573e+00 5.880988636376609513e+00
2.494329845563755477e+00 9.359175831935822032e+00 7.067231838668607047e+00
2.510116743320487842e+00 9.236414630026208883e+00 8.456740457889463158e+00
2.525903641077220652e+00 9.092164438007971583e+00 8.951697972933621017e+00
2.541690538833953461e+00 8.953775548730501299e+00 8.756374641228038769e+00
2.557477436590685826e+00 8.815692455646544801e+00 9.356226852197858435e+00
2.573264334347418636e+00 8.658363955321613403e+00 1.113628908524303895e+01
2.589051232104151001e+00 8.464077541290246032e+00 1.276282989858035855e+01
2.604838129860883811e+00 8.255392973930696598e+00 1.389418822729168213e+01
2.620625027617616620e+00 8.025385283376142098e+00 1.492609532860024224e+01
2.636411925374348986e+00 7.784119492210983537e+00 1.561389766775730692e+01
2.652198823131081795e+00 7.532395271246200785e+00 1.582437841309447535e+01
2.667985720887814161e+00 7.284483804068244694e+00 1.476701344589941023e+01
2.683772618644546970e+00 7.066144608360780843e+00 1.328634680726837658e+01
2.699559516401279780e+00 6.864983406854570980e+00 1.213020563196796431e+01
2.715346414158012145e+00 6.683147976200739748e+00 9.922537150085497970e+00
2.731133311914744954e+00 6.551691247903009163e+00 6.647737097842802534e+00
2.746920209671477320e+00 6.473253684446174105e+00 3.039090548371301548e+00
2.762707107428210129e+00 6.455735624381828686e+00 -9.411438764254433931e-01
2.778494005184942495e+00 6.502969168749181073e+00 -4.149793076745320164e+00
2.794280902941675304e+00 6.586760342410179270e+00 -7.499266588416054979e+00
2.810067800698408114e+00 6.739749478512791825e+00 -1.238550369708554655e+01
2.825854698455140479e+00 6.977817703473226274e+00 -1.675952747797374442e+01
2.841641596211873289e+00 7.268911372004636995e+00 -2.022534074942873517e+01
2.857428493968605654e+00 7.616408476485845291e+00 -2.285812687486383155e+01
2.873215391725338463e+00 7.990629195772432247e+00 -2.410475967916277895e+01
2.889002289482071273e+00 8.377487229496953347e+00 -2.620433104980932271e+01
2.904789187238803638e+00 8.817999385906260201e+00 -2.978563542953797239e+01
2.920576084995536448e+00 9.317932791787811198e+00 -3.146787268102178103e+01
2.936362982752268813e+00 9.811559563180601629e+00 -3.336841398015155846e+01
2.952149880509001623e+00 1.037150027140577180e+01 -3.660587315347996196e+01
2.967936778265734432e+00 1.096734591672042569e+01 -3.752907901152942571e+01
2.983723676022466798e+00 1.155643573792448286e+01 -3.934560682912436391e+01
2.999510573779199607e+00 1.220963606109640054e+01 -3.936728643118293292e+01
3.015297471535931972e+00 1.279941038962266830e+01 -3.484649314108497720e+01
3.031084369292664782e+00 1.330987210989438729e+01 -3.097379136977090042e+01
3.046871267049397591e+00 1.377737054460854971e+01 -2.462216663014271845e+01
3.062658164806129957e+00 1.408728736417298144e+01 -1.116713527070869105e+01
3.078445062562862766e+00 1.412995939011711144e+01 -5.798280515376842636e+00
3.094231960319595132e+00 1.427036108749519983e+01 -9.887693974710634492e+00
3.110018858076327941e+00 1.444215141777434752e+01 -5.934847606062287895e+00
3.125805755833060751e+00 1.445774675221258931e+01 -1.175114354917510262e+00
3.141592653589793116e+00 1.447925423812145063e+01 -1.362363032958076037e+00
