0.000000000000000000e+00 3.362043164372196316e+02 2.710977344627784191e+01
1.578689775673262907e-02 3.357763372156150581e+02 5.421954689255568383e+01
3.157379551346525814e-02 3.344923995508013377e+02 1.084390937851077723e+02
4.736069327019788722e-02 3.323525034427785840e+02 1.626586406776580418e+02
6.314759102693051629e-02 3.293566488915467403e+02 1.897684141239358837e+02
7.893448878366314536e-02 3.263607943403148397e+02 1.897684141239377027e+02
9.472138654039577443e-02 3.233649397890829391e+02 1.897684141239377027e+02
1.105082842971284035e-01 3.203690852378510385e+02 1.897684141239358837e+02
1.262951820538610326e-01 3.173732306866191948e+02 1.897684141239340931e+02
1.420820798105936755e-01 3.143773761353873510e+02 1.897684141239358837e+02
1.578689775673262907e-01 3.113815215841554505e+02 1.897684141239358837e+02
1.736558753240589059e-01 3.083856670329236067e+02 1.897684141239358837e+02
1.894427730807915489e-01 3.053898124816917061e+02 1.897684141239377027e+02
2.052296708375241918e-01 3.023939579304598055e+02 1.897684141239340931e+02
2.210165685942568070e-01 2.993981033792280186e+02 1.897684141239340931e+02
2.368034663509894222e-01 2.964022488279961181e+02 1.897684141239377027e+02
2.525903641077220652e-01 2.934063942767642175e+02 1.897684141239358837e+02
2.683772618644547081e-01 2.904105397255323737e+02 1.897684141239358837e+02
2.841641596211873511e-01 2.874146851743004731e+02 1.897684141239377027e+02
2.999510573779199385e-01 2.844188306230685725e+02 1.897684141239358837e+02
3.157379551346525814e-01 2.814229760718367288e+02 1.897684141239358837e+02
3.315248528913852244e-01 2.784271215206048282e+02 1.897684141239377027e+02
3.473117506481178118e-01 2.754312669693729276e+02 1.897684141239358837e+02
3.630986484048504548e-01 2.724354124181410839e+02 1.897684141239358837e+02
3.788855461615830977e-01 2.694395578669091833e+02 1.897684141239377027e+02
3.946724439183157407e-01 2.664437033156772827e+02 1.897684141239358837e+02
4.104593416750483836e-01 2.634478487644454390e+02 1.897684141239340931e+02
4.262462394317809711e-01 2.604519942132135952e+02 1.897684141239358837e+02
4.420331371885136140e-01 2.574561396619816946e+02 1.897684141239358837e+02
4.578200349452462570e-01 2.544602851107498509e+02 1.897684141239358837e+02
4.736069327019788444e-01 2.514644305595179503e+02 1.897684141239367932e+02
4.893938304587114874e-01 2.484685760082860781e+02 1.897684141239358837e+02
5.051807282154441303e-01 2.454727214570542060e+02 1.897684141239367932e+02
5.209676259721767178e-01 2.424768669058223054e+02 1.897684141239367932e+02
5.367545237289094162e-01 2.394810123545904332e+02 1.897684141239358837e+02
5.525414214856420037e-01 2.364851578033585611e+02 1.897684141239367932e+02
5.683283192423747021e-01 2.334893032521266605e+02 1.897684141239367932e+02
5.841152169991072896e-01 2.304934487008947883e+02 1.897684141239358837e+02
5.999021147558398770e-01 2.274975941496629162e+02 1.897684141239367932e+02
6.156890125125725755e-01 2.245017395984310156e+02 1.897684141239367932e+02
6.314759102693051629e-01 2.215058850471991434e+02 1.897684141239350026e+02
6.472628080260377503e-01 2.185100304959672997e+02 1.897684141239350026e+02
6.630497057827704488e-01 2.155141759447354275e+02 1.897684141239358837e+02
6.788366035395030362e-01 2.125183213935035553e+02 1.897684141239367932e+02
6.946235012962356237e-01 2.095224668422716547e+02 1.897684141239358837e+02
7.104103990529683221e-01 2.065266122910398110e+02 1.897684141239358837e+02
7.261972968097009096e-01 2.035307577398079104e+02 1.897684141239367932e+02
7.419841945664336080e-01 2.005349031885760382e+02 1.897684141239358837e+02
7.577710923231661955e-01 1.975390486373441661e+02 1.897684141239367932e+02
7.735579900798987829e-01 1.945431940861122655e+02 1.897684141239367932e+02
7.893448878366314814e-01 1.915473395348803933e+02 1.897684141239358837e+02
8.051317855933640688e-01 1.885514849836485212e+02 1.897684141239367932e+02
8.209186833500967673e-01 1.855556304324166206e+02 1.897684141239367932e+02
8.367055811068293547e-01 1.825597758811847484e+02 1.897684141239358837e+02
8.524924788635619421e-01 1.795639213299528762e+02 1.897684141239358837e+02
8.682793766202946406e-01 1.765680667787210041e+02 1.897684141239367932e+02
8.840662743770272280e-01 1.735722122274891035e+02 1.897684141239358837e+02
8.998531721337598155e-01 1.705763576762572598e+02 1.897684141239358837e+02
9.156400698904925139e-01 1.675805031250253592e+02 1.897684141239377027e+02
9.314269676472251014e-01 1.645846485737934586e+02 1.897684141239358837e+02
9.472138654039576888e-01 1.615887940225616148e+02 1.897684141239358837e+02
9.630007631606903873e-01 1.585929394713297143e+02 1.897684141239358837e+02
9.787876609174229747e-01 1.555970849200978705e+02 1.897684141239350026e+02
9.945745586741556732e-01 1.526012303688659983e+02 1.897684141239358837e+02
1.010361456430888261e+00 1.496053758176341262e+02 1.897684141239367932e+02
1.026148354187620848e+00 1.466095212664022256e+02 1.897684141239367932e+02
1.041935251944353436e+00 1.436136667151703534e+02 1.897684141239358837e+02
1.057722149701086245e+00 1.406178121639384813e+02 1.897684141239367932e+02
1.073509047457818832e+00 1.376219576127065807e+02 1.897684141239367932e+02
1.089295945214551420e+00 1.346261030614747085e+02 1.897684141239358837e+02
1.105082842971284007e+00 1.316302485102428363e+02 1.897684141239367932e+02
1.120869740728016595e+00 1.286343939590109358e+02 1.897684141239367932e+02
1.136656638484749404e+00 1.256385394077790636e+02 1.897684141239358837e+02
1.152443536241481992e+00 1.226426848565471914e+02 1.897684141239358837e+02
1.168230433998214579e+00 1.196468303053153193e+02 1.897684141239363385e+02
1.184017331754947167e+00 1.166509757540834329e+02 1.897684141239363385e+02
1.199804229511679754e+00 1.136551212028515607e+02 1.897684141239358837e+02
1.215591127268412341e+00 1.106592666516196886e+02 1.897684141239363385e+02
1.231378025025145151e+00 1.076634121003878022e+02 1.897684141239363385e+02
1.247164922781877738e+00 1.046675575491559300e+02 1.897684141239363385e+02
1.262951820538610326e+00 1.016717029979240436e+02 1.897684141239358837e+02
1.278738718295342913e+00 9.867584844669218569e+01 1.897684141239354574e+02
1.294525616052075501e+00 9.567999389546031352e+01 1.897684141239363385e+02
1.310312513808808310e+00 9.268413934422842715e+01 1.897684141239367932e+02
1.326099411565540898e+00 8.968828479299654077e+01 1.897684141239363385e+02
1.341886309322273485e+00 8.669243024176466861e+01 1.897684141239363385e+02
1.357673207079006072e+00 8.369657569053278223e+01 1.897684141239363385e+02
1.373460104835738660e+00 8.070072113930091007e+01 1.897684141239363385e+02
1.389247002592471247e+00 7.770486658806902369e+01 1.897684141239358837e+02
1.405033900349204057e+00 7.470901203683716574e+01 1.897684141239354574e+02
1.420820798105936644e+00 7.171315748560529357e+01 1.897684141239363385e+02
1.436607695862669232e+00 6.871730293437340720e+01 1.897684141239367932e+02
1.452394593619401819e+00 6.572144838314152082e+01 1.897684141239365658e+02
1.468181491376134407e+00 6.272559383190964155e+01 1.895198164961661007e+02
1.483968389132867216e+00 5.973758845134211271e+01 1.889481900263064063e+02
1.499755286889599804e+00 5.675978231737966695e+01 1.891967876540766724e+02
1.515542184646332391e+00 5.376392776614778768e+01 1.748904315588743543e+02
1.531329082403064978e+00 5.123782759407807674e+01 1.606752479941847582e+02
1.547115980159797566e+00 4.869080034190407957e+01 1.542367872745208501e+02
1.562902877916530375e+00 4.636798681201851480e+01 1.374727340406089695e+02
1.578689775673262963e+00 4.435026434862889744e+01 1.198651444126250851e+02
1.594476673429995550e+00 4.258338925314230750e+01 1.085235708208941503e+02
1.610263571186728138e+00 4.092376331513892040e+01 1.035095625037727984e+02
1.626050468943460725e+00 3.931519949295993399e+01 1.074321650956322003e+02
1.641837366700193535e+00 3.753172210284058963e+01 1.063821811782697182e+02
1.657624264456926122e+00 3.595631025816083337e+01 9.960626181784641631e+01
1.673411162213658709e+00 3.438677436034322454e+01 9.809179077131494751e+01
1.689198059970391297e+00 3.285918011479771650e+01 9.443010705220966372e+01
1.704984957727123884e+00 3.140525746996212320e+01 8.790343248977798396e+01
1.720771855483856472e+00 3.008373511243376797e+01 7.204457669427159772e+01
1.736558753240589281e+00 2.913053673756302686e+01 6.378248380960964425e+01
1.752345650997321869e+00 2.806988001128824450e+01 6.571761601333129477e+01
1.768132548754054456e+00 2.705558216792567450e+01 6.394703075671381498e+01
1.783919446510787044e+00 2.605082953848248906e+01 6.742470021951885428e+01
1.799706344267519631e+00 2.492672847063789021e+01 7.339499071932976904e+01
1.815493242024252440e+00 2.373347110979769070e+01 7.429342558369516780e+01
1.831280139780985028e+00 2.258100304326345054e+01 7.652247427591520079e+01
1.847067037537717615e+00 2.131736615482553887e+01 7.653668522379213357e+01
1.862853935294450203e+00 2.016444939472897957e+01 6.946839117548151421e+01
1.878640833051182790e+00 1.912398537720147118e+01 6.290279125822245732e+01
1.894427730807915378e+00 1.817836952631567371e+01 5.631827694062710066e+01
1.910214628564648187e+00 1.734580361740740528e+01 5.153927268507327852e+01
1.926001526321380775e+00 1.655107906964444453e+01 4.990231570571653208e+01
1.941788424078113362e+00 1.577019810566672575e+01 4.867041141591414544e+01
1.957575321834845949e+00 1.501436945204214624e+01 4.689876546093148590e+01
1.973362219591578537e+00 1.428942607516930785e+01 4.676891804988353840e+01
1.989149117348311346e+00 1.353769719714910913e+01 4.799990896203198076e+01
2.004936015105043712e+00 1.277388676493716169e+01 4.864824865790313879e+01
2.020722912861776521e+00 1.200168734193626463e+01 4.781696832968199118e+01
2.036509810618509331e+00 1.126412358482193810e+01 4.507405039731243335e+01
2.052296708375241696e+00 1.057852849172789433e+01 4.271548838355329281e+01
2.068083606131974506e+00 9.915433489341825890e+00 4.106696127433311716e+01
2.083870503888706871e+00 9.281888654092703916e+00 3.838137803987542185e+01
2.099657401645439680e+00 8.703587707585793254e+00 3.469636876320986829e+01
2.115444299402172490e+00 8.186392601703332161e+00 3.118136305557123222e+01
2.131231197158904855e+00 7.719073726638066901e+00 2.724965862336979683e+01
2.147018094915637665e+00 7.326017452517318951e+00 2.316386150306080438e+01
2.162804992672370030e+00 6.987702700238195064e+00 1.861055116722858926e+01
2.178591890429102840e+00 6.738411715570361338e+00 1.349165954167129833e+01
2.194378788185835649e+00 6.561719800732173091e+00 9.321340124700393304e+00
2.210165685942568015e+00 6.444101628561612394e+00 5.457725074343635185e+00
2.225952583699300824e+00 6.389398705266135181e+00 1.258460318096322084e+00
2.241739481456033189e+00 6.404367259816228675e+00 -2.057259242464018811e+00
2.257526379212765999e+00 6.454354187905880558e+00 -4.250151058702364537e+00
2.273313276969498808e+00 6.538560660245035017e+00 -6.356965425383618751e+00
2.289100174726231174e+00 6.655067714333111617e+00 -8.134543999876099107e+00
2.304887072482963983e+00 6.795399089092408751e+00 -9.095766935097616468e+00
2.320673970239696349e+00 6.942255599580022363e+00 -8.914024802628141231e+00
2.336460867996429158e+00 7.076848685412547191e+00 -7.933588642101645938e+00
2.352247765753161524e+00 7.192749105053690251e+00 -7.092933108557590849e+00
2.368034663509894333e+00 7.300799504972832032e+00 -6.289784352940094969e+00
2.383821561266627143e+00 7.391341470037214201e+00 -4.602656570160892358e+00
2.399608459023359508e+00 7.446122842337799419e+00 -2.366981127496108783e+00
2.415395356780092317e+00 7.466076048141007782e+00 -3.415018072705470198e-01
2.431182254536824683e+00 7.456905350568038493e+00 1.032534426544114314e+00
2.446969152293557492e+00 7.433475017296690801e+00 2.134827632387358953e+00
2.462756050050290302e+00 7.389500739446544841e+00 3.484144815887877833e+00
2.478542947807022667e+00 7.323467341340546888e+00 4.384676806057989040e+00
2.494329845563755477e+00 7.251059850579435917e+00 5.007948560353999490e+00
2.510116743320487842e+00 7.165347397553976982e+00 6.079700716286928319e+00
2.525903641077220652e+00 7.059100623380324180e+00 6.517466848976787297e+00
2.541690538833953461e+00 6.959566231998595143e+00 7.175454803028089579e+00
2.557477436590685826e+00 6.832544280713403140e+00 8.049056812930597715e+00
2.573264334347418636e+00 6.705426958110860092e+00 8.720447973026399069e+00
2.589051232104151001e+00 6.557206639627255029e+00 1.034190243070447401e+01
2.604838129860883811e+00 6.378893845543587737e+00 1.184320574178712171e+01
2.620625027617616620e+00 6.183271683312170808e+00 1.216003521478068627e+01
2.636411925374348986e+00 5.994955380235565734e+00 1.204581859712910585e+01
2.652198823131081795e+00 5.802939470134119482e+00 1.150492834597534575e+01
2.667985720887814161e+00 5.631701125242670081e+00 1.071777515355386612e+01
2.683772618644546970e+00 5.464538629076511000e+00 9.349738206209620373e+00
2.699559516401279780e+00 5.336494403015374033e+00 6.452580802542747129e+00
2.715346414158012145e+00 5.260806162282914755e+00 3.006456694542432917e+00
2.731133311914744954e+00 5.241569154121802576e+00 -5.493250168354189000e-01
2.746920209671477320e+00 5.278150438034907133e+00 -4.056622281402964880e+00
2.762707107428210129e+00 5.369652116510186701e+00 -7.838886602595739106e+00
2.778494005184942495e+00 5.525653840678507400e+00 -1.222222704648322456e+01
2.794280902941675304e+00 5.755554213994992452e+00 -1.653948378811064757e+01
2.810067800698408114e+00 6.047868119702586753e+00 -2.031356409384599360e+01
2.825854698455140479e+00 6.396930532843756012e+00 -2.428622009030375040e+01
2.841641596211873289e+00 6.814676266628849177e+00 -2.834237788467880748e+01
2.857428493968605654e+00 7.291806976539964680e+00 -3.163696726586449515e+01
2.873215391725338463e+00 7.813575401747448801e+00 -3.512438156352095575e+01
2.889002289482071273e+00 8.400817017563504407e+00 -3.856329414945323464e+01
2.904789187238803638e+00 9.031164965547896273e+00 -4.064697332264668717e+01
2.920576084995536448e+00 9.684196241494028357e+00 -4.031140345736144326e+01
2.936362982752268813e+00 1.030394897517142283e+01 -3.807393664778247455e+01
2.952149880509001623e+00 1.088633493160374321e+01 -3.477897172630919442e+01
2.967936778265734432e+00 1.140205311662649912e+01 -3.180867639383549061e+01
2.983723676022466798e+00 1.189065557561669451e+01 -2.865239102738595989e+01
2.999510573779199607e+00 1.230671785189703016e+01 -2.316323599006870637e+01
3.015297471535931972e+00 1.262200685219726282e+01 -1.927263173884608705e+01
3.031084369292664782e+00 1.291522798542567685e+01 -2.592071055109989430e+01
3.046871267049397591e+00 1.344042206670141226e+01 -4.136377992412673166e+01
3.062658164806129957e+00 1.422123951441403378e+01 -5.370320138541288202e+01
3.078445062562862766e+00 1.513603596566288267e+01 -6.385790909203970500e+01
3.094231960319595132e+00 1.623747607800354942e+01 -7.617835854442483878e+01
3.110018858076327941e+00 1.754127588089599143e+01 -8.754571134150516798e+01
3.125805755833060751e+00 1.900162646598109006e+01 -1.001038352344727258e+02
3.141592653589793116e+00 2.070193390470285166e+01 -1.077037087920983396e+02
