-1.460183660255166826e-04 0.000000000000000000e+00
1.556194490192345029e-02 0.000000000000000000e+00
3.126990816987241378e-02 0.000000000000000000e+00
4.697787143782138769e-02 0.000000000000000000e+00
6.268583470577035466e-02 0.000000000000000000e+00
7.839379797371931469e-02 0.000000000000000000e+00
9.410176124166827472e-02 0.000000000000000000e+00
1.098097245096172625e-01 0.000000000000000000e+00
1.255176877775662225e-01 0.000000000000000000e+00
1.412256510455151548e-01 0.000000000000000000e+00
1.569336143134641426e-01 0.000000000000000000e+00
1.726415775814131304e-01 0.000000000000000000e+00
1.883495408493620626e-01 0.000000000000000000e+00
2.040575041173110504e-01 0.000000000000000000e+00
2.197654673852600382e-01 0.000000000000000000e+00
2.354734306532089705e-01 0.000000000000000000e+00
2.511813939211579583e-01 0.000000000000000000e+00
2.668893571891068905e-01 0.000000000000000000e+00
2.825973204570558783e-01 0.000000000000000000e+00
2.983052837250048661e-01 0.000000000000000000e+00
3.140132469929537984e-01 0.000000000000000000e+00
3.297212102609027862e-01 0.000000000000000000e+00
3.454291735288517184e-01 0.000000000000000000e+00
3.611371367968007062e-01 0.000000000000000000e+00
3.768451000647496940e-01 0.000000000000000000e+00
3.925530633326986818e-01 0.000000000000000000e+00
4.082610266006476141e-01 0.000000000000000000e+00
4.239689898685966019e-01 0.000000000000000000e+00
4.396769531365455341e-01 0.000000000000000000e+00
4.553849164044945219e-01 0.000000000000000000e+00
4.710928796724435097e-01 0.000000000000000000e+00
4.868008429403924420e-01 0.000000000000000000e+00
5.025088062083413742e-01 0.000000000000000000e+00
5.182167694762904731e-01 0.000000000000000000e+00
5.339247327442393498e-01 0.000000000000000000e+00
5.496326960121882266e-01 0.000000000000000000e+00
5.653406592801373254e-01 0.000000000000000000e+00
5.810486225480862021e-01 0.000000000000000000e+00
5.967565858160353010e-01 0.000000000000000000e+00
6.124645490839841777e-01 0.000000000000000000e+00
6.281725123519330545e-01 0.000000000000000000e+00
6.438804756198821533e-01 0.000000000000000000e+00
6.595884388878310300e-01 0.000000000000000000e+00
6.752964021557801289e-01 0.000000000000000000e+00
6.910043654237290056e-01 0.000000000000000000e+00
7.067123286916779934e-01 0.000000000000000000e+00
7.224202919596269812e-01 0.000000000000000000e+00
7.381282552275758579e-01 0.000000000000000000e+00
7.538362184955249568e-01 0.000000000000000000e+00
7.695441817634738335e-01 0.000000000000000000e+00
7.852521450314228213e-01 0.000000000000000000e+00
8.009601082993718091e-01 0.000000000000000000e+00
8.166680715673206858e-01 0.000000000000000000e+00
8.323760348352697847e-01 0.000000000000000000e+00
8.480839981032186614e-01 0.000000000000000000e+00
8.637919613711677602e-01 0.000000000000000000e+00
8.794999246391166370e-01 0.000000000000000000e+00
8.952078879070655137e-01 0.000000000000000000e+00
9.109158511750146126e-01 0.000000000000000000e+00
9.266238144429634893e-01 1.468137740682830689e-05
9.423317777109125881e-01 2.936275481365661379e-05
9.580397409788614649e-01 5.872550962731322758e-05
9.737477042468103416e-01 6.606619833072738441e-05
9.894556675147594405e-01 7.340688703414154125e-05
1.005163630782708317e+00 9.542895314438399820e-05
1.020871594050657194e+00 1.688358401785255395e-04
1.036579557318606293e+00 1.981985949921821668e-04
1.052287520586555392e+00 2.275613498058387941e-04
1.067995483854504268e+00 2.642647933229095377e-04
1.083703447122453145e+00 3.890565012809501632e-04
1.099411410390402022e+00 6.019364736799605623e-04
1.115119373658351121e+00 7.634316251550719856e-04
1.130827336926300219e+00 9.469488427404258116e-04
1.146535300194249096e+00 1.328664655317961588e-03
1.162243263462197973e+00 1.820490798446710353e-03
1.177951226730146850e+00 2.224228677134489074e-03
1.193659189998095949e+00 2.716054820263236538e-03
1.209367153266045047e+00 3.251925095612470326e-03
1.225075116533993924e+00 3.714388483927562410e-03
1.240783079801942801e+00 4.198873938352895921e-03
1.256491043069891678e+00 4.448457354268977280e-03
1.272199006337840776e+00 4.536545618709946458e-03
1.287906969605789875e+00 4.573249062227018394e-03
1.303614932873738752e+00 4.419094599455321466e-03
1.319322896141687629e+00 4.220896004463138215e-03
1.335030859409636728e+00 4.059400852988027768e-03
1.350738822677585604e+00 3.655662974300249047e-03
1.366446785945534703e+00 3.398738869680752867e-03
1.382154749213483580e+00 3.119792698951015259e-03
1.397862712481432457e+00 2.796802396000793063e-03
1.413570675749381556e+00 2.613285178415439020e-03
1.429278639017330432e+00 2.282954186761802003e-03
1.444986602285279531e+00 1.959963883811579374e-03
1.460694565553228408e+00 1.761765288819396990e-03
1.476402528821177285e+00 1.446115674572588531e-03
1.492110492089126383e+00 1.262598456987234488e-03
1.507818455357075260e+00 1.247917079580406147e-03
1.523526418625024359e+00 1.079081239401880879e-03
1.539234381892973236e+00 1.027696418477981686e-03
1.554942345160922113e+00 9.469488427404258116e-04
1.570650308428871211e+00 9.469488427404259201e-04
1.586358271696820088e+00 1.079081239401880662e-03
1.602066234964769187e+00 1.071740550698466491e-03
1.617774198232718064e+00 1.042377795884810027e-03
1.633482161500666940e+00 1.086421928105294832e-03
1.649190124768616039e+00 1.108443994215537343e-03
1.664898088036564916e+00 1.255257768283820534e-03
1.680606051304514015e+00 1.475478429386244995e-03
1.696314014572462892e+00 1.548885316420386482e-03
1.712021977840411768e+00 1.761765288819396990e-03
1.727729941108360867e+00 2.048052148252548985e-03
1.743437904376309966e+00 2.437108649533499365e-03
1.759145867644258843e+00 2.855527905628105993e-03
1.774853830912207719e+00 3.244584406909056373e-03
1.790561794180156596e+00 3.560234021155865049e-03
1.806269757448105695e+00 3.861202257995844950e-03
1.821977720716054794e+00 4.184192560946067146e-03
1.837685683984003671e+00 4.624633883150916502e-03
1.853393647251952547e+00 5.028371761838695657e-03
1.869101610519901424e+00 5.534879282374271896e-03
1.884809573787850523e+00 6.019364736799606708e-03
1.900517537055799622e+00 6.599279144369325084e-03
1.916225500323748498e+00 7.296644571193669319e-03
1.931933463591697375e+00 7.957306554500942486e-03
1.947641426859646252e+00 8.647331292621872334e-03
1.963349390127595351e+00 9.352037408149632691e-03
1.979057353395544450e+00 1.001269939145690673e-02
1.994765316663493326e+00 1.079081239401880749e-02
2.010473279931442203e+00 1.173042054805581783e-02
2.026181243199391080e+00 1.292695280671232391e-02
2.041889206467340401e+00 1.406475955574152011e-02
2.057597169735289278e+00 1.530533594661851078e-02
2.073305133003238154e+00 1.679549575341158368e-02
2.089013096271187031e+00 1.805075352169540487e-02
2.104721059539135908e+00 1.940144024312360702e-02
2.120429022807084785e+00 2.039243321808451720e-02
2.136136986075034105e+00 2.095032555954399675e-02
2.151844949342982982e+00 2.138342619304543432e-02
2.167552912610931859e+00 2.153023996711371513e-02
2.183260875878880736e+00 2.141278894785908493e-02
2.198968839146830057e+00 2.097234762565423905e-02
2.214676802414778933e+00 2.044381803900841704e-02
2.230384765682727810e+00 1.991528845236259851e-02
2.246092728950676687e+00 1.929132991257239554e-02
2.261800692218625564e+00 1.827831487150124654e-02
2.277508655486574440e+00 1.751488324634617108e-02
2.293216618754523761e+00 1.653857164879208794e-02
2.308924582022472638e+00 1.584854691067115809e-02
2.324632545290421515e+00 1.516586286125364003e-02
2.340340508558370392e+00 1.460797051979416394e-02
2.356048471826319712e+00 1.388124233815616476e-02
2.371756435094268589e+00 1.380049476241860737e-02
2.387464398362217466e+00 1.321323966614547721e-02
2.403172361630166343e+00 1.299301900504305253e-02
2.418880324898115219e+00 1.256725906024503021e-02
2.434588288166064096e+00 1.213415842674359785e-02
2.450296251434013417e+00 1.194330052045482898e-02
2.466004214701962294e+00 1.184053087860703103e-02
2.481712177969911171e+00 1.178914605768313292e-02
2.497420141237860047e+00 1.192127845434458842e-02
2.513128104505809368e+00 1.170839848194557727e-02
2.528836067773758245e+00 1.175244261416606185e-02
2.544544031041707122e+00 1.153222195306363718e-02
2.560251994309655998e+00 1.128263853714755668e-02
2.575959957577604875e+00 1.120923165011341455e-02
2.591667920845554196e+00 1.094496685679050355e-02
2.607375884113503073e+00 1.106975856474854379e-02
2.623083847381451950e+00 1.138540817899535290e-02
2.638791810649400826e+00 1.150285919824997963e-02
2.654499773917350147e+00 1.184787156731044455e-02
2.670207737185299024e+00 1.194330052045482725e-02
2.685915700453247901e+00 1.198000396397189832e-02
2.701623663721196777e+00 1.200202603008214061e-02
2.717331626989145654e+00 1.177446468027630415e-02
2.733039590257094531e+00 1.143679299991925274e-02
2.748747553525043852e+00 1.123125371622365684e-02
2.764455516792992729e+00 1.082017514883246503e-02
2.780163480060941605e+00 1.024760142996615844e-02
2.795871443328890482e+00 9.909929749609107039e-03
2.811579406596839803e+00 9.469488427404259417e-03
2.827287369864788680e+00 8.559243028180903157e-03
2.842995333132737557e+00 7.722404515991690768e-03
2.858703296400686433e+00 6.944291513429790008e-03
2.874411259668635310e+00 6.085430935130334458e-03
2.890119222936584187e+00 5.344021376085504767e-03
2.905827186204533508e+00 4.455798042972391668e-03
2.921535149472482384e+00 3.765773304851461386e-03
2.937243112740431261e+00 3.244584406909055939e-03
2.952951076008380138e+00 2.723395508966650926e-03
2.968659039276329459e+00 2.275613498058387616e-03
2.984367002544278336e+00 2.070074214362791279e-03
3.000074965812227212e+00 1.776446666226225331e-03
3.015782929080176089e+00 1.548885316420386482e-03
3.031490892348124966e+00 1.240576390876992193e-03
3.047198855616073843e+00 1.130466060325779638e-03
3.062906818884023163e+00 9.469488427404259201e-04
3.078614782151972040e+00 7.414095590448295829e-04
3.094322745419920917e+00 5.652330301628899272e-04
3.110030708687869794e+00 4.991668318321625022e-04
3.125738671955818671e+00 4.771447657219200452e-04
