-1.460183660255166826e-04 0.000000000000000000e+00
1.556194490192345029e-02 0.000000000000000000e+00
3.126990816987241378e-02 0.000000000000000000e+00
4.697787143782138769e-02 0.000000000000000000e+00
6.268583470577035466e-02 0.000000000000000000e+00
7.839379797371931469e-02 0.000000000000000000e+00
9.410176124166827472e-02 0.000000000000000000e+00
1.098097245096172625e-01 0.000000000000000000e+00
1.255176877775662225e-01 0.000000000000000000e+00
1.412256510455151548e-01 0.000000000000000000e+00
1.569336143134641426e-01 0.000000000000000000e+00
1.726415775814131304e-01 0.000000000000000000e+00
1.883495408493620626e-01 0.000000000000000000e+00
2.040575041173110504e-01 0.000000000000000000e+00
2.197654673852600382e-01 0.000000000000000000e+00
2.354734306532089705e-01 0.000000000000000000e+00
2.511813939211579583e-01 0.000000000000000000e+00
2.668893571891068905e-01 0.000000000000000000e+00
2.825973204570558783e-01 0.000000000000000000e+00
2.983052837250048661e-01 0.000000000000000000e+00
3.140132469929537984e-01 0.000000000000000000e+00
3.297212102609027862e-01 0.000000000000000000e+00
3.454291735288517184e-01 0.000000000000000000e+00
3.611371367968007062e-01 0.000000000000000000e+00
3.768451000647496940e-01 0.000000000000000000e+00
3.925530633326986818e-01 0.000000000000000000e+00
4.082610266006476141e-01 0.000000000000000000e+00
4.239689898685966019e-01 0.000000000000000000e+00
4.396769531365455341e-01 0.000000000000000000e+00
4.553849164044945219e-01 0.000000000000000000e+00
4.710928796724435097e-01 0.000000000000000000e+00
4.868008429403924420e-01 0.000000000000000000e+00
5.025088062083413742e-01 0.000000000000000000e+00
5.182167694762904731e-01 0.000000000000000000e+00
5.339247327442393498e-01 0.000000000000000000e+00
5.496326960121882266e-01 0.000000000000000000e+00
5.653406592801373254e-01 0.000000000000000000e+00
5.810486225480862021e-01 0.000000000000000000e+00
5.967565858160353010e-01 0.000000000000000000e+00
6.124645490839841777e-01 0.000000000000000000e+00
6.281725123519330545e-01 0.000000000000000000e+00
6.438804756198821533e-01 0.000000000000000000e+00
6.595884388878310300e-01 0.000000000000000000e+00
6.752964021557801289e-01 0.000000000000000000e+00
6.910043654237290056e-01 0.000000000000000000e+00
7.067123286916779934e-01 0.000000000000000000e+00
7.224202919596269812e-01 0.000000000000000000e+00
7.381282552275758579e-01 0.000000000000000000e+00
7.538362184955249568e-01 0.000000000000000000e+00
7.695441817634738335e-01 0.000000000000000000e+00
7.852521450314228213e-01 0.000000000000000000e+00
8.009601082993718091e-01 0.000000000000000000e+00
8.166680715673206858e-01 0.000000000000000000e+00
8.323760348352697847e-01 0.000000000000000000e+00
8.480839981032186614e-01 0.000000000000000000e+00
8.637919613711677602e-01 0.000000000000000000e+00
8.794999246391166370e-01 0.000000000000000000e+00
8.952078879070655137e-01 0.000000000000000000e+00
9.109158511750146126e-01 0.000000000000000000e+00
9.266238144429634893e-01 7.340688703414153447e-06
9.423317777109125881e-01 7.340688703414153447e-06
9.580397409788614649e-01 1.468137740682830689e-05
9.737477042468103416e-01 2.202206611024246034e-05
9.894556675147594405e-01 2.202206611024246034e-05
1.005163630782708317e+00 4.404413222048492746e-05
1.020871594050657194e+00 7.340688703414154125e-05
1.036579557318606293e+00 9.542895314438399820e-05
1.052287520586555392e+00 1.394730853648689121e-04
1.067995483854504268e+00 1.981985949921821668e-04
1.083703447122453145e+00 2.716054820263237080e-04
1.099411410390402022e+00 3.743751238741218224e-04
1.115119373658351121e+00 4.477820109082634179e-04
1.130827336926300219e+00 6.092771623833747327e-04
1.146535300194249096e+00 7.854536912653144968e-04
1.162243263462197973e+00 9.763115975540823848e-04
1.177951226730146850e+00 1.145147437732607978e-03
1.193659189998095949e+00 1.336005344021375975e-03
1.209367153266045047e+00 1.636973580861356310e-03
1.225075116533993924e+00 1.908579062887679964e-03
1.240783079801942801e+00 2.026030082142306257e-03
1.256491043069891678e+00 2.253591431948145322e-03
1.272199006337840776e+00 2.341679696389114933e-03
1.287906969605789875e+00 2.459130715643741225e-03
1.303614932873738752e+00 2.444449338236913318e-03
1.319322896141687629e+00 2.238910054541316981e-03
1.335030859409636728e+00 2.136140412693518596e-03
1.350738822677585604e+00 2.004008016032063962e-03
1.366446785945534703e+00 1.754424600115982820e-03
1.382154749213483580e+00 1.688358401785255286e-03
1.397862712481432457e+00 1.519522561606729801e-03
1.413570675749381556e+00 1.446115674572588314e-03
1.429278639017330432e+00 1.490159806793073336e-03
1.444986602285279531e+00 1.328664655317961804e-03
1.460694565553228408e+00 1.299301900504305340e-03
1.476402528821177285e+00 1.203872947359921125e-03
1.492110492089126383e+00 1.064399861995052321e-03
1.507818455357075260e+00 9.763115975540824932e-04
1.523526418625024359e+00 9.175860879267692385e-04
1.539234381892973236e+00 8.808826444096984950e-04
1.554942345160922113e+00 8.735419557062843246e-04
1.570650308428871211e+00 7.781130025619002180e-04
1.586358271696820088e+00 7.927943799687285588e-04
1.602066234964769187e+00 8.515198895960418134e-04
1.617774198232718064e+00 9.616302201472541524e-04
1.633482161500666940e+00 1.013015041071153345e-03
1.649190124768616039e+00 1.035037107181395856e-03
1.664898088036564916e+00 1.137806749029193591e-03
1.680606051304514015e+00 1.409412231055517462e-03
1.696314014572462892e+00 1.607610826047699846e-03
1.712021977840411768e+00 1.681017713081841333e-03
1.727729941108360867e+00 1.835172175853538477e-03
1.743437904376309966e+00 2.033370770845720644e-03
1.759145867644258843e+00 2.290294875465215957e-03
1.774853830912207719e+00 2.561900357491539611e-03
1.790561794180156596e+00 2.921594103958833309e-03
1.806269757448105695e+00 3.207880963391985304e-03
1.821977720716054794e+00 3.685025729113905295e-03
1.837685683984003671e+00 4.103444985208512356e-03
1.853393647251952547e+00 4.639315260557745277e-03
1.869101610519901424e+00 5.241251734237705948e-03
1.884809573787850523e+00 5.857869585324494525e-03
1.900517537055799622e+00 6.210222643088373837e-03
1.916225500323748498e+00 6.892906692505890165e-03
1.931933463591697375e+00 7.509524543592679610e-03
1.947641426859646252e+00 8.287637546154580370e-03
1.963349390127595351e+00 9.161179501860863827e-03
1.979057353395544450e+00 9.909929749609107039e-03
1.994765316663493326e+00 1.071006481828125009e-02
2.010473279931442203e+00 1.176712399157288889e-02
2.026181243199391080e+00 1.277279834394062785e-02
2.041889206467340401e+00 1.390326440426640706e-02
2.057597169735289278e+00 1.518054423866047054e-02
2.073305133003238154e+00 1.655325302619891498e-02
2.089013096271187031e+00 1.766903770911786714e-02
2.104721059539135908e+00 1.906376856276655735e-02
2.120429022807084785e+00 2.039977390678793592e-02
2.136136986075034105e+00 2.118522759805325020e-02
2.151844949342982982e+00 2.184588958136052250e-02
2.167552912610931859e+00 2.219824263912439921e-02
2.183260875878880736e+00 2.208079161986977595e-02
2.198968839146830057e+00 2.194131853450490693e-02
2.214676802414778933e+00 2.152289927841029987e-02
2.230384765682727810e+00 2.041445528419476296e-02
2.246092728950676687e+00 1.998135465069332539e-02
2.261800692218625564e+00 1.927664853516556850e-02
2.277508655486574440e+00 1.861598655185829967e-02
2.293216618754523761e+00 1.772042253004177045e-02
2.308924582022472638e+00 1.705976054673449469e-02
2.324632545290421515e+00 1.641377994083404943e-02
2.340340508558370392e+00 1.608344894918041154e-02
2.356048471826319712e+00 1.548885316420386439e-02
2.371756435094268589e+00 1.520256630477071283e-02
2.387464398362217466e+00 1.457126707627709461e-02
2.403172361630166343e+00 1.415284782018248928e-02
2.418880324898115219e+00 1.381517613982543788e-02
2.434588288166064096e+00 1.358761479001959795e-02
2.450296251434013417e+00 1.342611963854448837e-02
2.466004214701962294e+00 1.297833762763622549e-02
2.481712177969911171e+00 1.264800663598258761e-02
2.497420141237860047e+00 1.261864388116893179e-02
2.513128104505809368e+00 1.261864388116893179e-02
2.528836067773758245e+00 1.252321492802454736e-02
2.544544031041707122e+00 1.258194043765186072e-02
2.560251994309655998e+00 1.273609490042355852e-02
2.575959957577604875e+00 1.291961211800891213e-02
2.591667920845554196e+00 1.291961211800891039e-02
2.607375884113503073e+00 1.288290867449183932e-02
2.623083847381451950e+00 1.291961211800891213e-02
2.638791810649400826e+00 1.286822729708501228e-02
2.654499773917350147e+00 1.256725906024503195e-02
2.670207737185299024e+00 1.245714872969381874e-02
2.685915700453247901e+00 1.253789630543137440e-02
2.701623663721196777e+00 1.237640115395626308e-02
2.717331626989145654e+00 1.209745498322652504e-02
2.733039590257094531e+00 1.195064120915824077e-02
2.748747553525043852e+00 1.162765090620801987e-02
2.764455516792992729e+00 1.112848407437585715e-02
2.780163480060941605e+00 1.046048140236516960e-02
2.795871443328890482e+00 9.572258069252057369e-03
2.811579406596839803e+00 8.962980906868681444e-03
2.827287369864788680e+00 8.302318923561409145e-03
2.842995333132737557e+00 7.487502477482437316e-03
2.858703296400686433e+00 6.724070852327365330e-03
2.874411259668635310e+00 6.070749557723505684e-03
2.890119222936584187e+00 5.277955177754777016e-03
2.905827186204533508e+00 4.661337326667987571e-03
2.921535149472482384e+00 3.978653277250472110e-03
2.937243112740431261e+00 3.413420247087582075e-03
2.952951076008380138e+00 2.892231349145176628e-03
2.968659039276329459e+00 2.672010688042751950e-03
2.984367002544278336e+00 2.260932120651559709e-03
3.000074965812227212e+00 2.077414903066205666e-03
3.015782929080176089e+00 1.886556996777437670e-03
3.031490892348124966e+00 1.644314269564770481e-03
3.047198855616073843e+00 1.402071542352103291e-03
3.062906818884023163e+00 1.181850881249678830e-03
3.078614782151972040e+00 8.368385121892135811e-04
3.094322745419920917e+00 7.120468042311730097e-04
3.110030708687869794e+00 5.652330301628898188e-04
3.125738671955818671e+00 5.285295866458190753e-04
