-1.460183660255166826e-04 0.000000000000000000e+00
1.556194490192345029e-02 0.000000000000000000e+00
3.126990816987241378e-02 0.000000000000000000e+00
4.697787143782138769e-02 0.000000000000000000e+00
6.268583470577035466e-02 0.000000000000000000e+00
7.839379797371931469e-02 0.000000000000000000e+00
9.410176124166827472e-02 0.000000000000000000e+00
1.098097245096172625e-01 0.000000000000000000e+00
1.255176877775662225e-01 0.000000000000000000e+00
1.412256510455151548e-01 0.000000000000000000e+00
1.569336143134641426e-01 0.000000000000000000e+00
1.726415775814131304e-01 0.000000000000000000e+00
1.883495408493620626e-01 0.000000000000000000e+00
2.040575041173110504e-01 0.000000000000000000e+00
2.197654673852600382e-01 0.000000000000000000e+00
2.354734306532089705e-01 0.000000000000000000e+00
2.511813939211579583e-01 0.000000000000000000e+00
2.668893571891068905e-01 0.000000000000000000e+00
2.825973204570558783e-01 0.000000000000000000e+00
2.983052837250048661e-01 0.000000000000000000e+00
3.140132469929537984e-01 0.000000000000000000e+00
3.297212102609027862e-01 0.000000000000000000e+00
3.454291735288517184e-01 0.000000000000000000e+00
3.611371367968007062e-01 0.000000000000000000e+00
3.768451000647496940e-01 0.000000000000000000e+00
3.925530633326986818e-01 0.000000000000000000e+00
4.082610266006476141e-01 0.000000000000000000e+00
4.239689898685966019e-01 0.000000000000000000e+00
4.396769531365455341e-01 0.000000000000000000e+00
4.553849164044945219e-01 0.000000000000000000e+00
4.710928796724435097e-01 0.000000000000000000e+00
4.868008429403924420e-01 0.000000000000000000e+00
5.025088062083413742e-01 0.000000000000000000e+00
5.182167694762904731e-01 0.000000000000000000e+00
5.339247327442393498e-01 0.000000000000000000e+00
5.496326960121882266e-01 0.000000000000000000e+00
5.653406592801373254e-01 0.000000000000000000e+00
5.810486225480862021e-01 0.000000000000000000e+00
5.967565858160353010e-01 0.000000000000000000e+00
6.124645490839841777e-01 0.000000000000000000e+00
6.281725123519330545e-01 0.000000000000000000e+00
6.438804756198821533e-01 0.000000000000000000e+00
6.595884388878310300e-01 0.000000000000000000e+00
6.752964021557801289e-01 0.000000000000000000e+00
6.910043654237290056e-01 0.000000000000000000e+00
7.067123286916779934e-01 0.000000000000000000e+00
7.224202919596269812e-01 0.000000000000000000e+00
7.381282552275758579e-01 0.000000000000000000e+00
7.538362184955249568e-01 0.000000000000000000e+00
7.695441817634738335e-01 0.000000000000000000e+00
7.852521450314228213e-01 0.000000000000000000e+00
8.009601082993718091e-01 0.000000000000000000e+00
8.166680715673206858e-01 0.000000000000000000e+00
8.323760348352697847e-01 0.000000000000000000e+00
8.480839981032186614e-01 0.000000000000000000e+00
8.637919613711677602e-01 0.000000000000000000e+00
8.794999246391166370e-01 0.000000000000000000e+00
8.952078879070655137e-01 0.000000000000000000e+00
9.109158511750146126e-01 0.000000000000000000e+00
9.266238144429634893e-01 7.340688703414153447e-06
9.423317777109125881e-01 1.468137740682830689e-05
9.580397409788614649e-01 3.670344351707077062e-05
9.737477042468103416e-01 3.670344351707077062e-05
9.894556675147594405e-01 5.872550962731323435e-05
1.005163630782708317e+00 9.542895314438399820e-05
1.020871594050657194e+00 1.247917079580406255e-04
1.036579557318606293e+00 1.981985949921821668e-04
1.052287520586555392e+00 2.495834159160812511e-04
1.067995483854504268e+00 2.936275481365661650e-04
1.083703447122453145e+00 3.670344351707077062e-04
1.099411410390402022e+00 4.624633883150917044e-04
1.115119373658351121e+00 6.459806059004454763e-04
1.130827336926300219e+00 7.854536912653144968e-04
1.146535300194249096e+00 9.983336636643250044e-04
1.162243263462197973e+00 1.291961211800890953e-03
1.177951226730146850e+00 1.644314269564770481e-03
1.193659189998095949e+00 1.967304572514993327e-03
1.209367153266045047e+00 2.349020385092529320e-03
1.225075116533993924e+00 2.576581734898367951e-03
1.240783079801942801e+00 2.738076886373479700e-03
1.256491043069891678e+00 2.848187216924691605e-03
1.272199006337840776e+00 3.002341679696388967e-03
1.287906969605789875e+00 2.782121018593964289e-03
1.303614932873738752e+00 2.672010688042752383e-03
1.319322896141687629e+00 2.422427272126671024e-03
1.335030859409636728e+00 2.246250743244731368e-03
1.350738822677585604e+00 2.121459035286690255e-03
1.366446785945534703e+00 1.915919751591094351e-03
1.382154749213483580e+00 1.600270137344285458e-03
1.397862712481432457e+00 1.548885316420386699e-03
1.413570675749381556e+00 1.431434297165760190e-03
1.429278639017330432e+00 1.313983277911133681e-03
1.444986602285279531e+00 1.196532258656507171e-03
1.460694565553228408e+00 1.071740550698466491e-03
1.476402528821177285e+00 1.013015041071153345e-03
1.492110492089126383e+00 9.836522862574966636e-04
1.507818455357075260e+00 9.763115975540824932e-04
1.523526418625024359e+00 8.955640218165268358e-04
1.539234381892973236e+00 8.515198895960418134e-04
1.554942345160922113e+00 8.148164460789709615e-04
1.570650308428871211e+00 8.441792008926276430e-04
1.586358271696820088e+00 9.029047105199410062e-04
1.602066234964769187e+00 8.808826444096984950e-04
1.617774198232718064e+00 9.029047105199410062e-04
1.633482161500666940e+00 1.049718484588223980e-03
1.649190124768616039e+00 1.174510192546264660e-03
1.664898088036564916e+00 1.240576390876991977e-03
1.680606051304514015e+00 1.424093608462345803e-03
1.696314014572462892e+00 1.570907382530628777e-03
1.712021977840411768e+00 1.681017713081841116e-03
1.727729941108360867e+00 1.864534930667194942e-03
1.743437904376309966e+00 1.989326638625235621e-03
1.759145867644258843e+00 2.224228677134488640e-03
1.774853830912207719e+00 2.598603801008610246e-03
1.790561794180156596e+00 2.950956858772489991e-03
1.806269757448105695e+00 3.295969227832954915e-03
1.821977720716054794e+00 3.736410550037804271e-03
1.837685683984003671e+00 4.110785673911925876e-03
1.853393647251952547e+00 4.617293194447502115e-03
1.869101610519901424e+00 5.087097271466008153e-03
1.884809573787850523e+00 5.586264103298170004e-03
1.900517537055799622e+00 6.158837822164474861e-03
1.916225500323748498e+00 6.980994956946861077e-03
1.931933463591697375e+00 7.634316251550719856e-03
1.947641426859646252e+00 8.595946471697974225e-03
1.963349390127595351e+00 9.528213937031571046e-03
1.979057353395544450e+00 1.051920691199248296e-02
1.994765316663493326e+00 1.141477093380900872e-02
2.010473279931442203e+00 1.248651148450747629e-02
2.026181243199391080e+00 1.323526173225571950e-02
2.041889206467340401e+00 1.437306848128491396e-02
2.057597169735289278e+00 1.543746834327996802e-02
2.073305133003238154e+00 1.673677024378427206e-02
2.089013096271187031e+00 1.768371908652469765e-02
2.104721059539135908e+00 1.903440580795289980e-02
2.120429022807084785e+00 1.998869533939674065e-02
2.136136986075034105e+00 2.108979864490886577e-02
2.151844949342982982e+00 2.154492134452054217e-02
2.167552912610931859e+00 2.208079161986977595e-02
2.183260875878880736e+00 2.202940679894587611e-02
2.198968839146830057e+00 2.174311993951272282e-02
2.214676802414778933e+00 2.125863448508738887e-02
2.230384765682727810e+00 2.081085247417912773e-02
2.246092728950676687e+00 2.042179597289817822e-02
2.261800692218625564e+00 1.966570503644651802e-02
2.277508655486574440e+00 1.868939343889243487e-02
2.293216618754523761e+00 1.811681972002613175e-02
2.308924582022472638e+00 1.760297151078714373e-02
2.324632545290421515e+00 1.692762815007303745e-02
2.340340508558370392e+00 1.620089996843503827e-02
2.356048471826319712e+00 1.523926974828778390e-02
2.371756435094268589e+00 1.480616911478634806e-02
2.387464398362217466e+00 1.440243123609857151e-02
2.403172361630166343e+00 1.380049476241860910e-02
2.418880324898115219e+00 1.351420790298545754e-02
2.434588288166064096e+00 1.312515140170450630e-02
2.450296251434013417e+00 1.277279834394062785e-02
2.466004214701962294e+00 1.252321492802454736e-02
2.481712177969911171e+00 1.259662181505868950e-02
2.497420141237860047e+00 1.241310459747333589e-02
2.513128104505809368e+00 1.222224669118456529e-02
2.528836067773758245e+00 1.221490600248115350e-02
2.544544031041707122e+00 1.236906046525284956e-02
2.560251994309655998e+00 1.276545765523721260e-02
2.575959957577604875e+00 1.264800663598258761e-02
2.591667920845554196e+00 1.261130319246551654e-02
2.607375884113503073e+00 1.286088660838159876e-02
2.623083847381451950e+00 1.288290867449184106e-02
2.638791810649400826e+00 1.291961211800891213e-02
2.654499773917350147e+00 1.292695280671232391e-02
2.670207737185299024e+00 1.261864388116893179e-02
2.685915700453247901e+00 1.254523699413478965e-02
2.701623663721196777e+00 1.228831288951529391e-02
2.717331626989145654e+00 1.188457501082751562e-02
2.733039590257094531e+00 1.175244261416606012e-02
2.748747553525043852e+00 1.126061647103731266e-02
2.764455516792992729e+00 1.061463586513686566e-02
2.780163480060941605e+00 9.770456664244238018e-03
2.795871443328890482e+00 9.183201567971106122e-03
2.811579406596839803e+00 8.595946471697975960e-03
2.827287369864788680e+00 7.979328620611186515e-03
2.842995333132737557e+00 7.010357711760516891e-03
2.858703296400686433e+00 6.357036417156657244e-03
2.874411259668635310e+00 5.711055811256211985e-03
2.890119222936584187e+00 5.189866913313806972e-03
2.905827186204533508e+00 4.595271128337260688e-03
2.921535149472482384e+00 4.052060164284613381e-03
2.937243112740431261e+00 3.369376114867097052e-03
2.952951076008380138e+00 2.972978924882732719e-03
2.968659039276329459e+00 2.569241046194953998e-03
2.984367002544278336e+00 2.121459035286690688e-03
3.000074965812227212e+00 1.776446666226225331e-03
3.015782929080176089e+00 1.490159806793073119e-03
3.031490892348124966e+00 1.167169503842850490e-03
3.047198855616073843e+00 9.469488427404259201e-04
3.062906818884023163e+00 7.634316251550720940e-04
3.078614782151972040e+00 5.285295866458192921e-04
3.094322745419920917e+00 3.743751238741218224e-04
3.110030708687869794e+00 3.229903029502227381e-04
3.125738671955818671e+00 2.936275481365661650e-04
