-1.460183660255166826e-04 0.000000000000000000e+00
1.556194490192345029e-02 0.000000000000000000e+00
3.126990816987241378e-02 0.000000000000000000e+00
4.697787143782138769e-02 0.000000000000000000e+00
6.268583470577035466e-02 0.000000000000000000e+00
7.839379797371931469e-02 0.000000000000000000e+00
9.410176124166827472e-02 0.000000000000000000e+00
1.098097245096172625e-01 0.000000000000000000e+00
1.255176877775662225e-01 0.000000000000000000e+00
1.412256510455151548e-01 0.000000000000000000e+00
1.569336143134641426e-01 0.000000000000000000e+00
1.726415775814131304e-01 0.000000000000000000e+00
1.883495408493620626e-01 0.000000000000000000e+00
2.040575041173110504e-01 0.000000000000000000e+00
2.197654673852600382e-01 0.000000000000000000e+00
2.354734306532089705e-01 0.000000000000000000e+00
2.511813939211579583e-01 0.000000000000000000e+00
2.668893571891068905e-01 0.000000000000000000e+00
2.825973204570558783e-01 0.000000000000000000e+00
2.983052837250048661e-01 0.000000000000000000e+00
3.140132469929537984e-01 0.000000000000000000e+00
3.297212102609027862e-01 0.000000000000000000e+00
3.454291735288517184e-01 0.000000000000000000e+00
3.611371367968007062e-01 0.000000000000000000e+00
3.768451000647496940e-01 0.000000000000000000e+00
3.925530633326986818e-01 0.000000000000000000e+00
4.082610266006476141e-01 0.000000000000000000e+00
4.239689898685966019e-01 0.000000000000000000e+00
4.396769531365455341e-01 0.000000000000000000e+00
4.553849164044945219e-01 0.000000000000000000e+00
4.710928796724435097e-01 0.000000000000000000e+00
4.868008429403924420e-01 0.000000000000000000e+00
5.025088062083413742e-01 0.000000000000000000e+00
5.182167694762904731e-01 0.000000000000000000e+00
5.339247327442393498e-01 0.000000000000000000e+00
5.496326960121882266e-01 0.000000000000000000e+00
5.653406592801373254e-01 0.000000000000000000e+00
5.810486225480862021e-01 0.000000000000000000e+00
5.967565858160353010e-01 0.000000000000000000e+00
6.124645490839841777e-01 0.000000000000000000e+00
6.281725123519330545e-01 0.000000000000000000e+00
6.438804756198821533e-01 0.000000000000000000e+00
6.595884388878310300e-01 0.000000000000000000e+00
6.752964021557801289e-01 0.000000000000000000e+00
6.910043654237290056e-01 0.000000000000000000e+00
7.067123286916779934e-01 0.000000000000000000e+00
7.224202919596269812e-01 0.000000000000000000e+00
7.381282552275758579e-01 0.000000000000000000e+00
7.538362184955249568e-01 0.000000000000000000e+00
7.695441817634738335e-01 0.000000000000000000e+00
7.852521450314228213e-01 0.000000000000000000e+00
8.009601082993718091e-01 0.000000000000000000e+00
8.166680715673206858e-01 0.000000000000000000e+00
8.323760348352697847e-01 0.000000000000000000e+00
8.480839981032186614e-01 0.000000000000000000e+00
8.637919613711677602e-01 0.000000000000000000e+00
8.794999246391166370e-01 0.000000000000000000e+00
8.952078879070655137e-01 0.000000000000000000e+00
9.109158511750146126e-01 0.000000000000000000e+00
9.266238144429634893e-01 0.000000000000000000e+00
9.423317777109125881e-01 0.000000000000000000e+00
9.580397409788614649e-01 0.000000000000000000e+00
9.737477042468103416e-01 0.000000000000000000e+00
9.894556675147594405e-01 7.340688703414153447e-06
1.005163630782708317e+00 4.404413222048492746e-05
1.020871594050657194e+00 1.101103305512123119e-04
1.036579557318606293e+00 1.835172175853538531e-04
1.052287520586555392e+00 3.229903029502227381e-04
1.067995483854504268e+00 4.551226996116774799e-04
1.083703447122453145e+00 5.945957849765463920e-04
1.099411410390402022e+00 8.662012670028701542e-04
1.115119373658351121e+00 1.145147437732607978e-03
1.130827336926300219e+00 1.394730853648689338e-03
1.146535300194249096e+00 1.681017713081841333e-03
1.162243263462197973e+00 2.011348704735477916e-03
1.177951226730146850e+00 2.378383139906185568e-03
1.193659189998095949e+00 2.811483773407620970e-03
1.209367153266045047e+00 3.090429944137358578e-03
1.225075116533993924e+00 3.494167822825136865e-03
1.240783079801942801e+00 3.780454682258289293e-03
1.256491043069891678e+00 4.022697409470955832e-03
1.272199006337840776e+00 4.242918070573381377e-03
1.287906969605789875e+00 4.242918070573380510e-03
1.303614932873738752e+00 4.184192560946067146e-03
1.319322896141687629e+00 4.154829806132411332e-03
1.335030859409636728e+00 3.905246390216329105e-03
1.350738822677585604e+00 3.648322285596834660e-03
1.366446785945534703e+00 3.384057492273924959e-03
1.382154749213483580e+00 2.950956858772489557e-03
1.397862712481432457e+00 2.657329310635923609e-03
1.413570675749381556e+00 2.334339007685700979e-03
1.429278639017330432e+00 2.062733525659377325e-03
1.444986602285279531e+00 1.813150109743295966e-03
1.460694565553228408e+00 1.688358401785255503e-03
1.476402528821177285e+00 1.541544627716972529e-03
1.492110492089126383e+00 1.409412231055517462e-03
1.507818455357075260e+00 1.365368098835032656e-03
1.523526418625024359e+00 1.299301900504305123e-03
1.539234381892973236e+00 1.174510192546264660e-03
1.554942345160922113e+00 1.079081239401880662e-03
1.570650308428871211e+00 9.983336636643250044e-04
1.586358271696820088e+00 9.322674653335973624e-04
1.602066234964769187e+00 9.102453992233549597e-04
1.617774198232718064e+00 9.542895314438399820e-04
1.633482161500666940e+00 1.064399861995052321e-03
1.649190124768616039e+00 1.203872947359921342e-03
1.664898088036564916e+00 1.336005344021375975e-03
1.680606051304514015e+00 1.490159806793073119e-03
1.696314014572462892e+00 1.688358401785255286e-03
1.712021977840411768e+00 1.937941817701336646e-03
1.727729941108360867e+00 2.143481101396932983e-03
1.743437904376309966e+00 2.326998318982287026e-03
1.759145867644258843e+00 2.679351376746165903e-03
1.774853830912207719e+00 2.914253415255419356e-03
1.790561794180156596e+00 3.281287850426127008e-03
1.806269757448105695e+00 3.751091927444633045e-03
1.821977720716054794e+00 4.081422919098270062e-03
1.837685683984003671e+00 4.514523552599705031e-03
1.853393647251952547e+00 4.969646252211382294e-03
1.869101610519901424e+00 5.351362064788918287e-03
1.884809573787850523e+00 6.107453001240575885e-03
1.900517537055799622e+00 6.577257078259081055e-03
1.916225500323748498e+00 7.245259750269769476e-03
1.931933463591697375e+00 8.016032064128255849e-03
1.947641426859646252e+00 8.838189198910641198e-03
1.963349390127595351e+00 9.682368399803270576e-03
1.979057353395544450e+00 1.083485652623929207e-02
1.994765316663493326e+00 1.149551850954656611e-02
2.010473279931442203e+00 1.284620523097476999e-02
2.026181243199391080e+00 1.387390164945275298e-02
2.041889206467340401e+00 1.471808085034537888e-02
2.057597169735289278e+00 1.601004206214626940e-02
2.073305133003238154e+00 1.720657432080277896e-02
2.089013096271187031e+00 1.761765288819396730e-02
2.104721059539135908e+00 1.869673412759585013e-02
2.120429022807084785e+00 1.939409955442019523e-02
2.136136986075034105e+00 2.024561944401623986e-02
2.151844949342982982e+00 2.110448002231569281e-02
2.167552912610931859e+00 2.135406343823177330e-02
2.183260875878880736e+00 2.140544825915567315e-02
2.198968839146830057e+00 2.180918613784345317e-02
2.214676802414778933e+00 2.147151445748640003e-02
2.230384765682727810e+00 2.091362211602692742e-02
2.246092728950676687e+00 2.011348704735478263e-02
2.261800692218625564e+00 1.915185682720752652e-02
2.277508655486574440e+00 1.835172175853538520e-02
2.293216618754523761e+00 1.752956462375299812e-02
2.308924582022472638e+00 1.650920889397843386e-02
2.324632545290421515e+00 1.571641451400970432e-02
2.340340508558370392e+00 1.510713735162632840e-02
2.356048471826319712e+00 1.425561746203028723e-02
2.371756435094268589e+00 1.392528647037665109e-02
2.387464398362217466e+00 1.323526173225571950e-02
2.403172361630166343e+00 1.287556798578842754e-02
2.418880324898115219e+00 1.244246735228699170e-02
2.434588288166064096e+00 1.248651148450747629e-02
2.450296251434013417e+00 1.225160944599822457e-02
2.466004214701962294e+00 1.227363151210846340e-02
2.481712177969911171e+00 1.239108253136309186e-02
2.497420141237860047e+00 1.244246735228699170e-02
2.513128104505809368e+00 1.220756531377773825e-02
2.528836067773758245e+00 1.239108253136309359e-02
2.544544031041707122e+00 1.218554324766749596e-02
2.560251994309655998e+00 1.211947704933676734e-02
2.575959957577604875e+00 1.208277360581969627e-02
2.591667920845554196e+00 1.203138878489579816e-02
2.607375884113503073e+00 1.191393776564117143e-02
2.623083847381451950e+00 1.195064120915824424e-02
2.638791810649400826e+00 1.189925638823434439e-02
2.654499773917350147e+00 1.187723432212410037e-02
2.670207737185299024e+00 1.170839848194557553e-02
2.685915700453247901e+00 1.151019988695339488e-02
2.701623663721196777e+00 1.100369236641781691e-02
2.717331626989145654e+00 1.070272412957783831e-02
2.733039590257094531e+00 1.048984415717882542e-02
2.748747553525043852e+00 9.975995947939835656e-03
2.764455516792992729e+00 9.425444295183774829e-03
2.780163480060941605e+00 9.014365727792581287e-03
2.795871443328890482e+00 8.412429254112622351e-03
2.811579406596839803e+00 7.766448648212175357e-03
2.827287369864788680e+00 7.348029392117567428e-03
2.842995333132737557e+00 6.518531568631768559e-03
2.858703296400686433e+00 5.997342670689363546e-03
2.874411259668635310e+00 5.366043442195746194e-03
2.890119222936584187e+00 4.698040770185058640e-03
2.905827186204533508e+00 4.154829806132411332e-03
2.921535149472482384e+00 3.736410550037804704e-03
2.937243112740431261e+00 3.046385811916873989e-03
2.952951076008380138e+00 2.701373442856408631e-03
2.968659039276329459e+00 2.268272809354974096e-03
2.984367002544278336e+00 1.901238374184266011e-03
3.000074965812227212e+00 1.585588759937457334e-03
3.015782929080176089e+00 1.328664655317961804e-03
3.031490892348124966e+00 1.064399861995052321e-03
3.047198855616073843e+00 8.662012670028702626e-04
3.062906818884023163e+00 6.973654268243446690e-04
3.078614782151972040e+00 5.211888979424049049e-04
3.094322745419920917e+00 4.257599447980210151e-04
3.110030708687869794e+00 3.229903029502228465e-04
3.125738671955818671e+00 3.450123690604652493e-04
