-1.460183660255166826e-04 0.000000000000000000e+00
1.556194490192345029e-02 0.000000000000000000e+00
3.126990816987241378e-02 0.000000000000000000e+00
4.697787143782138769e-02 0.000000000000000000e+00
6.268583470577035466e-02 0.000000000000000000e+00
7.839379797371931469e-02 0.000000000000000000e+00
9.410176124166827472e-02 0.000000000000000000e+00
1.098097245096172625e-01 0.000000000000000000e+00
1.255176877775662225e-01 0.000000000000000000e+00
1.412256510455151548e-01 0.000000000000000000e+00
1.569336143134641426e-01 0.000000000000000000e+00
1.726415775814131304e-01 0.000000000000000000e+00
1.883495408493620626e-01 0.000000000000000000e+00
2.040575041173110504e-01 0.000000000000000000e+00
2.197654673852600382e-01 0.000000000000000000e+00
2.354734306532089705e-01 0.000000000000000000e+00
2.511813939211579583e-01 0.000000000000000000e+00
2.668893571891068905e-01 0.000000000000000000e+00
2.825973204570558783e-01 0.000000000000000000e+00
2.983052837250048661e-01 0.000000000000000000e+00
3.140132469929537984e-01 0.000000000000000000e+00
3.297212102609027862e-01 0.000000000000000000e+00
3.454291735288517184e-01 0.000000000000000000e+00
3.611371367968007062e-01 0.000000000000000000e+00
3.768451000647496940e-01 0.000000000000000000e+00
3.925530633326986818e-01 0.000000000000000000e+00
4.082610266006476141e-01 0.000000000000000000e+00
4.239689898685966019e-01 0.000000000000000000e+00
4.396769531365455341e-01 0.000000000000000000e+00
4.553849164044945219e-01 0.000000000000000000e+00
4.710928796724435097e-01 0.000000000000000000e+00
4.868008429403924420e-01 0.000000000000000000e+00
5.025088062083413742e-01 0.000000000000000000e+00
5.182167694762904731e-01 0.000000000000000000e+00
5.339247327442393498e-01 0.000000000000000000e+00
5.496326960121882266e-01 0.000000000000000000e+00
5.653406592801373254e-01 0.000000000000000000e+00
5.810486225480862021e-01 0.000000000000000000e+00
5.967565858160353010e-01 0.000000000000000000e+00
6.124645490839841777e-01 0.000000000000000000e+00
6.281725123519330545e-01 0.000000000000000000e+00
6.438804756198821533e-01 0.000000000000000000e+00
6.595884388878310300e-01 0.000000000000000000e+00
6.752964021557801289e-01 0.000000000000000000e+00
6.910043654237290056e-01 0.000000000000000000e+00
7.067123286916779934e-01 0.000000000000000000e+00
7.224202919596269812e-01 0.000000000000000000e+00
7.381282552275758579e-01 0.000000000000000000e+00
7.538362184955249568e-01 0.000000000000000000e+00
7.695441817634738335e-01 0.000000000000000000e+00
7.852521450314228213e-01 0.000000000000000000e+00
8.009601082993718091e-01 0.000000000000000000e+00
8.166680715673206858e-01 0.000000000000000000e+00
8.323760348352697847e-01 0.000000000000000000e+00
8.480839981032186614e-01 0.000000000000000000e+00
8.637919613711677602e-01 0.000000000000000000e+00
8.794999246391166370e-01 0.000000000000000000e+00
8.952078879070655137e-01 0.000000000000000000e+00
9.109158511750146126e-01 0.000000000000000000e+00
9.266238144429634893e-01 0.000000000000000000e+00
9.423317777109125881e-01 0.000000000000000000e+00
9.580397409788614649e-01 0.000000000000000000e+00
9.737477042468103416e-01 0.000000000000000000e+00
9.894556675147594405e-01 0.000000000000000000e+00
1.005163630782708317e+00 0.000000000000000000e+00
1.020871594050657194e+00 0.000000000000000000e+00
1.036579557318606293e+00 0.000000000000000000e+00
1.052287520586555392e+00 0.000000000000000000e+00
1.067995483854504268e+00 0.000000000000000000e+00
1.083703447122453145e+00 0.000000000000000000e+00
1.099411410390402022e+00 0.000000000000000000e+00
1.115119373658351121e+00 0.000000000000000000e+00
1.130827336926300219e+00 0.000000000000000000e+00
1.146535300194249096e+00 0.000000000000000000e+00
1.162243263462197973e+00 0.000000000000000000e+00
1.177951226730146850e+00 0.000000000000000000e+00
1.193659189998095949e+00 0.000000000000000000e+00
1.209367153266045047e+00 0.000000000000000000e+00
1.225075116533993924e+00 0.000000000000000000e+00
1.240783079801942801e+00 0.000000000000000000e+00
1.256491043069891678e+00 0.000000000000000000e+00
1.272199006337840776e+00 0.000000000000000000e+00
1.287906969605789875e+00 0.000000000000000000e+00
1.303614932873738752e+00 0.000000000000000000e+00
1.319322896141687629e+00 0.000000000000000000e+00
1.335030859409636728e+00 0.000000000000000000e+00
1.350738822677585604e+00 0.000000000000000000e+00
1.366446785945534703e+00 0.000000000000000000e+00
1.382154749213483580e+00 0.000000000000000000e+00
1.397862712481432457e+00 0.000000000000000000e+00
1.413570675749381556e+00 0.000000000000000000e+00
1.429278639017330432e+00 0.000000000000000000e+00
1.444986602285279531e+00 0.000000000000000000e+00
1.460694565553228408e+00 0.000000000000000000e+00
1.476402528821177285e+00 0.000000000000000000e+00
1.492110492089126383e+00 0.000000000000000000e+00
1.507818455357075260e+00 0.000000000000000000e+00
1.523526418625024359e+00 0.000000000000000000e+00
1.539234381892973236e+00 0.000000000000000000e+00
1.554942345160922113e+00 0.000000000000000000e+00
1.570650308428871211e+00 0.000000000000000000e+00
1.586358271696820088e+00 0.000000000000000000e+00
1.602066234964769187e+00 1.506772944385010507e-05
1.617774198232718064e+00 1.506772944385010507e-05
1.633482161500666940e+00 1.506772944385010507e-05
1.649190124768616039e+00 1.506772944385010507e-05
1.664898088036564916e+00 3.013545888770021014e-05
1.680606051304514015e+00 7.533864721925052704e-05
1.696314014572462892e+00 1.205418355508008405e-04
1.712021977840411768e+00 1.205418355508008405e-04
1.727729941108360867e+00 1.657450238823511405e-04
1.743437904376309966e+00 2.410836711016016540e-04
1.759145867644258843e+00 3.013545888770020539e-04
1.774853830912207719e+00 3.616255066524024539e-04
1.790561794180156596e+00 4.068286949839528487e-04
1.806269757448105695e+00 4.520318833155031351e-04
1.821977720716054794e+00 5.123028010909036435e-04
1.837685683984003671e+00 6.780478249732547298e-04
1.853393647251952547e+00 8.437928488556059245e-04
1.869101610519901424e+00 9.492669549625566651e-04
1.884809573787850523e+00 1.069808790513357465e-03
1.900517537055799622e+00 1.386231108834209795e-03
1.916225500323748498e+00 1.627314779935811395e-03
1.931933463591697375e+00 1.988940286588214337e-03
1.947641426859646252e+00 2.516310817122967714e-03
1.963349390127595351e+00 2.998478159326170914e-03
1.979057353395544450e+00 3.495713230973224606e-03
1.994765316663493326e+00 4.218964244278029622e-03
2.010473279931442203e+00 4.866876610363584342e-03
2.026181243199391080e+00 5.665466270887639655e-03
2.041889206467340401e+00 6.840749167507947752e-03
2.057597169735289278e+00 7.548932451368902709e-03
2.073305133003238154e+00 8.483131676887608122e-03
2.089013096271187031e+00 9.522805008513265251e-03
2.104721059539135908e+00 1.069808790513357422e-02
2.120429022807084785e+00 1.175282896620308444e-02
2.136136986075034105e+00 1.357602422890894465e-02
2.151844949342982982e+00 1.452529118387150056e-02
2.167552912610931859e+00 1.576084499826721150e-02
2.183260875878880736e+00 1.732788886042762114e-02
2.198968839146830057e+00 1.865384905148642983e-02
2.214676802414778933e+00 1.982913194810673879e-02
2.230384765682727810e+00 2.135097262193559955e-02
2.246092728950676687e+00 2.220983320023505597e-02
2.261800692218625564e+00 2.311389696686606127e-02
2.277508655486574440e+00 2.437958624014947145e-02
2.293216618754523761e+00 2.496722768845962420e-02
2.308924582022472638e+00 2.508776952401042468e-02
2.324632545290421515e+00 2.540419184233127722e-02
2.340340508558370392e+00 2.481655039402112448e-02
2.356048471826319712e+00 2.437958624014947145e-02
2.371756435094268589e+00 2.364126749740081898e-02
2.387464398362217466e+00 2.255639097744360777e-02
2.403172361630166343e+00 2.120029532749709983e-02
2.418880324898115219e+00 2.067292479696234558e-02
2.434588288166064096e+00 1.969352238311208869e-02
2.450296251434013417e+00 1.928669368812813492e-02
2.466004214701962294e+00 1.835249446260942691e-02
2.481712177969911171e+00 1.767444663763617294e-02
2.497420141237860047e+00 1.672517968267361876e-02
2.513128104505809368e+00 1.624301234047041687e-02
2.528836067773758245e+00 1.551976132716561055e-02
2.544544031041707122e+00 1.496225533774315532e-02
2.560251994309655998e+00 1.467596847831000376e-02
2.575959957577604875e+00 1.404312384166829866e-02
2.591667920845554196e+00 1.392258200611749645e-02
2.607375884113503073e+00 1.420886886555064801e-02
2.623083847381451950e+00 1.434447843054529985e-02
2.638791810649400826e+00 1.438968161887685046e-02
2.654499773917350147e+00 1.432941070110145196e-02
2.670207737185299024e+00 1.372670152334744612e-02
2.685915700453247901e+00 1.330480509891964445e-02
2.701623663721196777e+00 1.316919553392499088e-02
2.717331626989145654e+00 1.259662181505868776e-02
2.733039590257094531e+00 1.215965766118703648e-02
2.748747553525043852e+00 1.205418355508008563e-02
2.764455516792992729e+00 1.178296442509078196e-02
2.780163480060941605e+00 1.160215167176458124e-02
2.795871443328890482e+00 1.206925128452393352e-02
2.811579406596839803e+00 1.185830307231003182e-02
2.827287369864788680e+00 1.215965766118703474e-02
2.842995333132737557e+00 1.197884490786083229e-02
2.858703296400686433e+00 1.163228713065228050e-02
2.874411259668635310e+00 1.142133891843838053e-02
2.890119222936584187e+00 1.122545843566833020e-02
2.905827186204533508e+00 1.050220742236352388e-02
2.921535149472482384e+00 9.929633703497219022e-03
2.937243112740431261e+00 9.206382690192412704e-03
2.952951076008380138e+00 8.754350806876910057e-03
2.968659039276329459e+00 7.955761146352855612e-03
2.984367002544278336e+00 7.217442403604199669e-03
3.000074965812227212e+00 6.509259119743244712e-03
3.015782929080176089e+00 5.740804918106889518e-03
3.031490892348124966e+00 5.107960281465186159e-03
3.047198855616073843e+00 4.143625597058779760e-03
3.062906818884023163e+00 3.194358642096222552e-03
3.078614782151972040e+00 2.606717193786068937e-03
3.094322745419920917e+00 1.958804827700513784e-03
3.110030708687869794e+00 1.536908403272710605e-03
3.125738671955818671e+00 1.551976132716560665e-03
