-1.460183660255166826e-04 0.000000000000000000e+00
1.556194490192345029e-02 0.000000000000000000e+00
3.126990816987241378e-02 0.000000000000000000e+00
4.697787143782138769e-02 0.000000000000000000e+00
6.268583470577035466e-02 0.000000000000000000e+00
7.839379797371931469e-02 0.000000000000000000e+00
9.410176124166827472e-02 0.000000000000000000e+00
1.098097245096172625e-01 0.000000000000000000e+00
1.255176877775662225e-01 0.000000000000000000e+00
1.412256510455151548e-01 0.000000000000000000e+00
1.569336143134641426e-01 0.000000000000000000e+00
1.726415775814131304e-01 0.000000000000000000e+00
1.883495408493620626e-01 0.000000000000000000e+00
2.040575041173110504e-01 0.000000000000000000e+00
2.197654673852600382e-01 0.000000000000000000e+00
2.354734306532089705e-01 0.000000000000000000e+00
2.511813939211579583e-01 0.000000000000000000e+00
2.668893571891068905e-01 0.000000000000000000e+00
2.825973204570558783e-01 0.000000000000000000e+00
2.983052837250048661e-01 0.000000000000000000e+00
3.140132469929537984e-01 0.000000000000000000e+00
3.297212102609027862e-01 0.000000000000000000e+00
3.454291735288517184e-01 0.000000000000000000e+00
3.611371367968007062e-01 0.000000000000000000e+00
3.768451000647496940e-01 0.000000000000000000e+00
3.925530633326986818e-01 0.000000000000000000e+00
4.082610266006476141e-01 0.000000000000000000e+00
4.239689898685966019e-01 0.000000000000000000e+00
4.396769531365455341e-01 0.000000000000000000e+00
4.553849164044945219e-01 0.000000000000000000e+00
4.710928796724435097e-01 0.000000000000000000e+00
4.868008429403924420e-01 0.000000000000000000e+00
5.025088062083413742e-01 0.000000000000000000e+00
5.182167694762904731e-01 0.000000000000000000e+00
5.339247327442393498e-01 0.000000000000000000e+00
5.496326960121882266e-01 0.000000000000000000e+00
5.653406592801373254e-01 0.000000000000000000e+00
5.810486225480862021e-01 0.000000000000000000e+00
5.967565858160353010e-01 0.000000000000000000e+00
6.124645490839841777e-01 0.000000000000000000e+00
6.281725123519330545e-01 0.000000000000000000e+00
6.438804756198821533e-01 0.000000000000000000e+00
6.595884388878310300e-01 0.000000000000000000e+00
6.752964021557801289e-01 0.000000000000000000e+00
6.910043654237290056e-01 0.000000000000000000e+00
7.067123286916779934e-01 0.000000000000000000e+00
7.224202919596269812e-01 0.000000000000000000e+00
7.381282552275758579e-01 0.000000000000000000e+00
7.538362184955249568e-01 0.000000000000000000e+00
7.695441817634738335e-01 0.000000000000000000e+00
7.852521450314228213e-01 0.000000000000000000e+00
8.009601082993718091e-01 0.000000000000000000e+00
8.166680715673206858e-01 0.000000000000000000e+00
8.323760348352697847e-01 0.000000000000000000e+00
8.480839981032186614e-01 0.000000000000000000e+00
8.637919613711677602e-01 0.000000000000000000e+00
8.794999246391166370e-01 0.000000000000000000e+00
8.952078879070655137e-01 0.000000000000000000e+00
9.109158511750146126e-01 0.000000000000000000e+00
9.266238144429634893e-01 0.000000000000000000e+00
9.423317777109125881e-01 0.000000000000000000e+00
9.580397409788614649e-01 0.000000000000000000e+00
9.737477042468103416e-01 0.000000000000000000e+00
9.894556675147594405e-01 0.000000000000000000e+00
1.005163630782708317e+00 0.000000000000000000e+00
1.020871594050657194e+00 0.000000000000000000e+00
1.036579557318606293e+00 0.000000000000000000e+00
1.052287520586555392e+00 0.000000000000000000e+00
1.067995483854504268e+00 0.000000000000000000e+00
1.083703447122453145e+00 0.000000000000000000e+00
1.099411410390402022e+00 0.000000000000000000e+00
1.115119373658351121e+00 0.000000000000000000e+00
1.130827336926300219e+00 0.000000000000000000e+00
1.146535300194249096e+00 0.000000000000000000e+00
1.162243263462197973e+00 0.000000000000000000e+00
1.177951226730146850e+00 0.000000000000000000e+00
1.193659189998095949e+00 0.000000000000000000e+00
1.209367153266045047e+00 0.000000000000000000e+00
1.225075116533993924e+00 0.000000000000000000e+00
1.240783079801942801e+00 0.000000000000000000e+00
1.256491043069891678e+00 0.000000000000000000e+00
1.272199006337840776e+00 0.000000000000000000e+00
1.287906969605789875e+00 0.000000000000000000e+00
1.303614932873738752e+00 0.000000000000000000e+00
1.319322896141687629e+00 0.000000000000000000e+00
1.335030859409636728e+00 0.000000000000000000e+00
1.350738822677585604e+00 0.000000000000000000e+00
1.366446785945534703e+00 0.000000000000000000e+00
1.382154749213483580e+00 0.000000000000000000e+00
1.397862712481432457e+00 0.000000000000000000e+00
1.413570675749381556e+00 0.000000000000000000e+00
1.429278639017330432e+00 0.000000000000000000e+00
1.444986602285279531e+00 0.000000000000000000e+00
1.460694565553228408e+00 7.340688703414153447e-06
1.476402528821177285e+00 1.468137740682830689e-05
1.492110492089126383e+00 1.468137740682830689e-05
1.507818455357075260e+00 2.202206611024246034e-05
1.523526418625024359e+00 2.202206611024246034e-05
1.539234381892973236e+00 4.404413222048492746e-05
1.554942345160922113e+00 6.606619833072739797e-05
1.570650308428871211e+00 8.074757573755569808e-05
1.586358271696820088e+00 8.808826444096985492e-05
1.602066234964769187e+00 1.027696418477981686e-04
1.617774198232718064e+00 1.614951514751114233e-04
1.633482161500666940e+00 1.908579062887680506e-04
1.649190124768616039e+00 1.981985949921821668e-04
1.664898088036564916e+00 2.275613498058387941e-04
1.680606051304514015e+00 3.009682368399803354e-04
1.696314014572462892e+00 3.450123690604652493e-04
1.712021977840411768e+00 3.890565012809501632e-04
1.727729941108360867e+00 4.110785673911926744e-04
1.743437904376309966e+00 5.652330301628898188e-04
1.759145867644258843e+00 7.193874929345870717e-04
1.774853830912207719e+00 8.515198895960418134e-04
1.790561794180156596e+00 9.763115975540823848e-04
1.806269757448105695e+00 1.218554324766749465e-03
1.821977720716054794e+00 1.453456363276002484e-03
1.837685683984003671e+00 1.798468732336467625e-03
1.853393647251952547e+00 2.202206611024246346e-03
1.869101610519901424e+00 2.598603801008610679e-03
1.884809573787850523e+00 3.163836831171500715e-03
1.900517537055799622e+00 3.853861569292430997e-03
1.916225500323748498e+00 4.631974571854331757e-03
1.931933463591697375e+00 5.344021376085503899e-03
1.947641426859646252e+00 6.393739860673727446e-03
1.963349390127595351e+00 7.443458345261951860e-03
1.979057353395544450e+00 8.867551953724297012e-03
1.994765316663493326e+00 1.021089798644908737e-02
2.010473279931442203e+00 1.173042054805581783e-02
2.026181243199391080e+00 1.351420790298545754e-02
2.041889206467340401e+00 1.564300762697556219e-02
2.057597169735289278e+00 1.763233426560079781e-02
2.073305133003238154e+00 1.976847467829431423e-02
2.089013096271187031e+00 2.159630616544443854e-02
2.104721059539135908e+00 2.365169900240040451e-02
2.120429022807084785e+00 2.528867258326175996e-02
2.136136986075034105e+00 2.657329310635923869e-02
2.151844949342982982e+00 2.741747230725186460e-02
2.167552912610931859e+00 2.815154117759327904e-02
2.183260875878880736e+00 2.837176183869570545e-02
2.198968839146830057e+00 2.810015635666937919e-02
2.214676802414778933e+00 2.752758263780307607e-02
2.230384765682727810e+00 2.685957996579238852e-02
2.246092728950676687e+00 2.597869732138269327e-02
2.261800692218625564e+00 2.476014299661594489e-02
2.277508655486574440e+00 2.296901495298288992e-02
2.293216618754523761e+00 2.148619583489323054e-02
2.308924582022472638e+00 2.015753117957527069e-02
2.324632545290421515e+00 1.878482239203681931e-02
2.340340508558370392e+00 1.747083911412568649e-02
2.356048471826319712e+00 1.606142688307016925e-02
2.371756435094268589e+00 1.503373046459218626e-02
2.387464398362217466e+00 1.432902434906442937e-02
2.403172361630166343e+00 1.363899961094349779e-02
2.418880324898115219e+00 1.302972244856012533e-02
2.434588288166064096e+00 1.257459974894844720e-02
2.450296251434013417e+00 1.225160944599822284e-02
2.466004214701962294e+00 1.170839848194557553e-02
2.481712177969911171e+00 1.165701366102167742e-02
2.497420141237860047e+00 1.188457501082751389e-02
2.513128104505809368e+00 1.184787156731044455e-02
2.528836067773758245e+00 1.195064120915824250e-02
2.544544031041707122e+00 1.170839848194557553e-02
2.560251994309655998e+00 1.209745498322652504e-02
2.575959957577604875e+00 1.259662181505868776e-02
2.591667920845554196e+00 1.319855828873865017e-02
2.607375884113503073e+00 1.330866861928986164e-02
2.623083847381451950e+00 1.338207550632400378e-02
2.638791810649400826e+00 1.347016377076497122e-02
2.654499773917350147e+00 1.393262715908006287e-02
2.670207737185299024e+00 1.393262715908006287e-02
2.685915700453247901e+00 1.410880368796200469e-02
2.701623663721196777e+00 1.374176925279129574e-02
2.717331626989145654e+00 1.365368098835032656e-02
2.733039590257094531e+00 1.355825203520594387e-02
2.748747553525043852e+00 1.330866861928986164e-02
2.764455516792992729e+00 1.298567831633963901e-02
2.780163480060941605e+00 1.224426875729480758e-02
2.795871443328890482e+00 1.140743024510559520e-02
2.811579406596839803e+00 1.043845933625492557e-02
2.827287369864788680e+00 9.374059474259874986e-03
2.842995333132737557e+00 8.317000300968236184e-03
2.858703296400686433e+00 7.274622505083426158e-03
2.874411259668635310e+00 6.026705425503020228e-03
2.890119222936584187e+00 4.874217299066998729e-03
2.905827186204533508e+00 3.934609145029986654e-03
2.921535149472482384e+00 3.156496142468086328e-03
2.937243112740431261e+00 2.422427272126671024e-03
2.952951076008380138e+00 1.835172175853538477e-03
2.968659039276329459e+00 1.431434297165759973e-03
2.984367002544278336e+00 1.101103305512123173e-03
3.000074965812227212e+00 8.662012670028702626e-04
3.015782929080176089e+00 6.606619833072739255e-04
3.031490892348124966e+00 5.065075205355766726e-04
3.047198855616073843e+00 3.450123690604652493e-04
3.062906818884023163e+00 2.275613498058387941e-04
3.078614782151972040e+00 1.101103305512123119e-04
3.094322745419920917e+00 4.404413222048492746e-05
3.110030708687869794e+00 2.202206611024246373e-05
3.125738671955818671e+00 2.936275481365661718e-05
