-1.460183660255166826e-04 0.000000000000000000e+00
1.556194490192345029e-02 0.000000000000000000e+00
3.126990816987241378e-02 0.000000000000000000e+00
4.697787143782138769e-02 0.000000000000000000e+00
6.268583470577035466e-02 0.000000000000000000e+00
7.839379797371931469e-02 0.000000000000000000e+00
9.410176124166827472e-02 0.000000000000000000e+00
1.098097245096172625e-01 0.000000000000000000e+00
1.255176877775662225e-01 0.000000000000000000e+00
1.412256510455151548e-01 0.000000000000000000e+00
1.569336143134641426e-01 0.000000000000000000e+00
1.726415775814131304e-01 0.000000000000000000e+00
1.883495408493620626e-01 0.000000000000000000e+00
2.040575041173110504e-01 0.000000000000000000e+00
2.197654673852600382e-01 0.000000000000000000e+00
2.354734306532089705e-01 0.000000000000000000e+00
2.511813939211579583e-01 0.000000000000000000e+00
2.668893571891068905e-01 0.000000000000000000e+00
2.825973204570558783e-01 0.000000000000000000e+00
2.983052837250048661e-01 0.000000000000000000e+00
3.140132469929537984e-01 0.000000000000000000e+00
3.297212102609027862e-01 0.000000000000000000e+00
3.454291735288517184e-01 0.000000000000000000e+00
3.611371367968007062e-01 0.000000000000000000e+00
3.768451000647496940e-01 0.000000000000000000e+00
3.925530633326986818e-01 0.000000000000000000e+00
4.082610266006476141e-01 0.000000000000000000e+00
4.239689898685966019e-01 0.000000000000000000e+00
4.396769531365455341e-01 0.000000000000000000e+00
4.553849164044945219e-01 0.000000000000000000e+00
4.710928796724435097e-01 0.000000000000000000e+00
4.868008429403924420e-01 0.000000000000000000e+00
5.025088062083413742e-01 0.000000000000000000e+00
5.182167694762904731e-01 0.000000000000000000e+00
5.339247327442393498e-01 0.000000000000000000e+00
5.496326960121882266e-01 0.000000000000000000e+00
5.653406592801373254e-01 0.000000000000000000e+00
5.810486225480862021e-01 0.000000000000000000e+00
5.967565858160353010e-01 0.000000000000000000e+00
6.124645490839841777e-01 0.000000000000000000e+00
6.281725123519330545e-01 0.000000000000000000e+00
6.438804756198821533e-01 0.000000000000000000e+00
6.595884388878310300e-01 0.000000000000000000e+00
6.752964021557801289e-01 0.000000000000000000e+00
6.910043654237290056e-01 0.000000000000000000e+00
7.067123286916779934e-01 0.000000000000000000e+00
7.224202919596269812e-01 0.000000000000000000e+00
7.381282552275758579e-01 0.000000000000000000e+00
7.538362184955249568e-01 0.000000000000000000e+00
7.695441817634738335e-01 0.000000000000000000e+00
7.852521450314228213e-01 0.000000000000000000e+00
8.009601082993718091e-01 0.000000000000000000e+00
8.166680715673206858e-01 0.000000000000000000e+00
8.323760348352697847e-01 0.000000000000000000e+00
8.480839981032186614e-01 0.000000000000000000e+00
8.637919613711677602e-01 0.000000000000000000e+00
8.794999246391166370e-01 0.000000000000000000e+00
8.952078879070655137e-01 0.000000000000000000e+00
9.109158511750146126e-01 0.000000000000000000e+00
9.266238144429634893e-01 0.000000000000000000e+00
9.423317777109125881e-01 0.000000000000000000e+00
9.580397409788614649e-01 0.000000000000000000e+00
9.737477042468103416e-01 0.000000000000000000e+00
9.894556675147594405e-01 0.000000000000000000e+00
1.005163630782708317e+00 0.000000000000000000e+00
1.020871594050657194e+00 0.000000000000000000e+00
1.036579557318606293e+00 0.000000000000000000e+00
1.052287520586555392e+00 0.000000000000000000e+00
1.067995483854504268e+00 0.000000000000000000e+00
1.083703447122453145e+00 0.000000000000000000e+00
1.099411410390402022e+00 0.000000000000000000e+00
1.115119373658351121e+00 0.000000000000000000e+00
1.130827336926300219e+00 1.506772944385010507e-05
1.146535300194249096e+00 1.506772944385010507e-05
1.162243263462197973e+00 3.013545888770021014e-05
1.177951226730146850e+00 3.013545888770021014e-05
1.193659189998095949e+00 3.013545888770021014e-05
1.209367153266045047e+00 3.013545888770021014e-05
1.225075116533993924e+00 3.013545888770021353e-05
1.240783079801942801e+00 1.506772944385010507e-05
1.256491043069891678e+00 1.506772944385010846e-05
1.272199006337840776e+00 1.506772944385010507e-05
1.287906969605789875e+00 1.506772944385010507e-05
1.303614932873738752e+00 1.506772944385010507e-05
1.319322896141687629e+00 1.506772944385010507e-05
1.335030859409636728e+00 1.506772944385010507e-05
1.350738822677585604e+00 3.013545888770021014e-05
1.366446785945534703e+00 3.013545888770021353e-05
1.382154749213483580e+00 1.506772944385010507e-05
1.397862712481432457e+00 1.506772944385010507e-05
1.413570675749381556e+00 1.506772944385010507e-05
1.429278639017330432e+00 1.506772944385010507e-05
1.444986602285279531e+00 1.506772944385010846e-05
1.460694565553228408e+00 0.000000000000000000e+00
1.476402528821177285e+00 3.013545888770021014e-05
1.492110492089126383e+00 3.013545888770021014e-05
1.507818455357075260e+00 3.013545888770021014e-05
1.523526418625024359e+00 4.520318833155031351e-05
1.539234381892973236e+00 7.533864721925052704e-05
1.554942345160922113e+00 7.533864721925052704e-05
1.570650308428871211e+00 7.533864721925052704e-05
1.586358271696820088e+00 4.520318833155031351e-05
1.602066234964769187e+00 6.027091777540042027e-05
1.617774198232718064e+00 7.533864721925052704e-05
1.633482161500666940e+00 6.027091777540042705e-05
1.649190124768616039e+00 6.027091777540042027e-05
1.664898088036564916e+00 6.027091777540042027e-05
1.680606051304514015e+00 1.054741061069507406e-04
1.696314014572462892e+00 1.657450238823511676e-04
1.712021977840411768e+00 1.808127533262012540e-04
1.727729941108360867e+00 1.958804827700513405e-04
1.743437904376309966e+00 3.013545888770020539e-04
1.759145867644258843e+00 3.616255066524025081e-04
1.774853830912207719e+00 5.273705305347537028e-04
1.790561794180156596e+00 6.177769071978543840e-04
1.806269757448105695e+00 6.479123660855545027e-04
1.821977720716054794e+00 8.889960371871563193e-04
1.837685683984003671e+00 1.009537872737957011e-03
1.853393647251952547e+00 1.235553814395708551e-03
1.869101610519901424e+00 1.506772944385010487e-03
1.884809573787850523e+00 1.687585697711211849e-03
1.900517537055799622e+00 2.139617581026714930e-03
1.916225500323748498e+00 2.516310817122967280e-03
1.931933463591697375e+00 2.817665405999969768e-03
1.947641426859646252e+00 3.284765018759322908e-03
1.963349390127595351e+00 3.917609655401026701e-03
1.979057353395544450e+00 4.384709268160380709e-03
1.994765316663493326e+00 5.092892552021335666e-03
2.010473279931442203e+00 5.770940376994590504e-03
2.026181243199391080e+00 6.931155544171048108e-03
2.041889206467340401e+00 7.714677475251254662e-03
2.057597169735289278e+00 8.859824912983862641e-03
2.073305133003238154e+00 9.959769162384920008e-03
2.089013096271187031e+00 1.116518751789292822e-02
2.104721059539135908e+00 1.261168954450253739e-02
2.120429022807084785e+00 1.416366567721909914e-02
2.136136986075034105e+00 1.577591272771106112e-02
2.151844949342982982e+00 1.767444663763617294e-02
2.167552912610931859e+00 1.958804827700513784e-02
2.183260875878880736e+00 2.115509213916554748e-02
2.198968839146830057e+00 2.287281329576445685e-02
2.214676802414778933e+00 2.462066991125106893e-02
2.230384765682727810e+00 2.555486913676977695e-02
2.246092728950676687e+00 2.593156237286602800e-02
2.261800692218625564e+00 2.636852652673768449e-02
2.277508655486574440e+00 2.666988111561469088e-02
2.293216618754523761e+00 2.679042295116548442e-02
2.308924582022472638e+00 2.644386517395693609e-02
2.324632545290421515e+00 2.564527551343288164e-02
2.340340508558370392e+00 2.526858227733663059e-02
2.356048471826319712e+00 2.487682131179652645e-02
2.371756435094268589e+00 2.377687706239546561e-02
2.387464398362217466e+00 2.287281329576446032e-02
2.403172361630166343e+00 2.154685310470564816e-02
2.418880324898115219e+00 2.065785706751849596e-02
2.434588288166064096e+00 1.928669368812813492e-02
2.450296251434013417e+00 1.845796856871637776e-02
2.466004214701962294e+00 1.725255021320837301e-02
2.481712177969911171e+00 1.671011195322976567e-02
2.497420141237860047e+00 1.551976132716561055e-02
2.513128104505809368e+00 1.502252625551855729e-02
2.528836067773758245e+00 1.426913978332604825e-02
2.544544031041707122e+00 1.393764973556134608e-02
2.560251994309655998e+00 1.309385688670574102e-02
2.575959957577604875e+00 1.267196046227793936e-02
2.591667920845554196e+00 1.211445447285548413e-02
2.607375884113503073e+00 1.191857399008543206e-02
2.623083847381451950e+00 1.143640664788223016e-02
2.638791810649400826e+00 1.164735486009613186e-02
2.654499773917350147e+00 1.118025524733677958e-02
2.670207737185299024e+00 1.118025524733677785e-02
2.685915700453247901e+00 1.119532297678062574e-02
2.701623663721196777e+00 1.140627118899452917e-02
2.717331626989145654e+00 1.145147437732608152e-02
2.733039590257094531e+00 1.178296442509078369e-02
2.748747553525043852e+00 1.140627118899453091e-02
2.764455516792992729e+00 1.158708394232073162e-02
2.780163480060941605e+00 1.139120345955068128e-02
2.795871443328890482e+00 1.118025524733677958e-02
2.811579406596839803e+00 1.072822336402127694e-02
2.827287369864788680e+00 1.032139466903732143e-02
2.842995333132737557e+00 9.884430515165670145e-03
2.858703296400686433e+00 9.809091867946418547e-03
2.874411259668635310e+00 9.311856796299367023e-03
2.890119222936584187e+00 9.025569936866213727e-03
2.905827186204533508e+00 8.407793029668358259e-03
2.921535149472482384e+00 8.166709358566757310e-03
2.937243112740431261e+00 7.699609745807405037e-03
2.952951076008380138e+00 7.172239215272650792e-03
2.968659039276329459e+00 6.268175448641644630e-03
2.984367002544278336e+00 5.786008106438440997e-03
3.000074965812227212e+00 4.972350716470535191e-03
3.015782929080176089e+00 4.550454292042730928e-03
3.031490892348124966e+00 3.797067819850226660e-03
3.047198855616073843e+00 3.164223183208522000e-03
3.062906818884023163e+00 2.456039899347567477e-03
3.078614782151972040e+00 1.868398451037412995e-03
3.094322745419920917e+00 1.491705214941160644e-03
3.110030708687869794e+00 1.310892461614959282e-03
3.125738671955818671e+00 1.205418355508008649e-03
