-1.460183660255166826e-04 0.000000000000000000e+00
1.556194490192345029e-02 0.000000000000000000e+00
3.126990816987241378e-02 0.000000000000000000e+00
4.697787143782138769e-02 0.000000000000000000e+00
6.268583470577035466e-02 0.000000000000000000e+00
7.839379797371931469e-02 0.000000000000000000e+00
9.410176124166827472e-02 0.000000000000000000e+00
1.098097245096172625e-01 0.000000000000000000e+00
1.255176877775662225e-01 0.000000000000000000e+00
1.412256510455151548e-01 0.000000000000000000e+00
1.569336143134641426e-01 0.000000000000000000e+00
1.726415775814131304e-01 0.000000000000000000e+00
1.883495408493620626e-01 0.000000000000000000e+00
2.040575041173110504e-01 0.000000000000000000e+00
2.197654673852600382e-01 0.000000000000000000e+00
2.354734306532089705e-01 0.000000000000000000e+00
2.511813939211579583e-01 0.000000000000000000e+00
2.668893571891068905e-01 0.000000000000000000e+00
2.825973204570558783e-01 0.000000000000000000e+00
2.983052837250048661e-01 0.000000000000000000e+00
3.140132469929537984e-01 0.000000000000000000e+00
3.297212102609027862e-01 0.000000000000000000e+00
3.454291735288517184e-01 0.000000000000000000e+00
3.611371367968007062e-01 0.000000000000000000e+00
3.768451000647496940e-01 0.000000000000000000e+00
3.925530633326986818e-01 0.000000000000000000e+00
4.082610266006476141e-01 0.000000000000000000e+00
4.239689898685966019e-01 0.000000000000000000e+00
4.396769531365455341e-01 0.000000000000000000e+00
4.553849164044945219e-01 0.000000000000000000e+00
4.710928796724435097e-01 0.000000000000000000e+00
4.868008429403924420e-01 0.000000000000000000e+00
5.025088062083413742e-01 0.000000000000000000e+00
5.182167694762904731e-01 0.000000000000000000e+00
5.339247327442393498e-01 0.000000000000000000e+00
5.496326960121882266e-01 0.000000000000000000e+00
5.653406592801373254e-01 0.000000000000000000e+00
5.810486225480862021e-01 0.000000000000000000e+00
5.967565858160353010e-01 0.000000000000000000e+00
6.124645490839841777e-01 0.000000000000000000e+00
6.281725123519330545e-01 0.000000000000000000e+00
6.438804756198821533e-01 0.000000000000000000e+00
6.595884388878310300e-01 0.000000000000000000e+00
6.752964021557801289e-01 0.000000000000000000e+00
6.910043654237290056e-01 0.000000000000000000e+00
7.067123286916779934e-01 0.000000000000000000e+00
7.224202919596269812e-01 0.000000000000000000e+00
7.381282552275758579e-01 0.000000000000000000e+00
7.538362184955249568e-01 0.000000000000000000e+00
7.695441817634738335e-01 0.000000000000000000e+00
7.852521450314228213e-01 0.000000000000000000e+00
8.009601082993718091e-01 0.000000000000000000e+00
8.166680715673206858e-01 0.000000000000000000e+00
8.323760348352697847e-01 0.000000000000000000e+00
8.480839981032186614e-01 0.000000000000000000e+00
8.637919613711677602e-01 0.000000000000000000e+00
8.794999246391166370e-01 0.000000000000000000e+00
8.952078879070655137e-01 0.000000000000000000e+00
9.109158511750146126e-01 0.000000000000000000e+00
9.266238144429634893e-01 0.000000000000000000e+00
9.423317777109125881e-01 7.340688703414153447e-06
9.580397409788614649e-01 1.468137740682830689e-05
9.737477042468103416e-01 1.468137740682830689e-05
9.894556675147594405e-01 2.202206611024246034e-05
1.005163630782708317e+00 5.138482092389907074e-05
1.020871594050657194e+00 8.074757573755568453e-05
1.036579557318606293e+00 1.394730853648689121e-04
1.052287520586555392e+00 2.055392836955963101e-04
1.067995483854504268e+00 3.229903029502227381e-04
1.083703447122453145e+00 4.404413222048491933e-04
1.099411410390402022e+00 6.386399171970313059e-04
1.115119373658351121e+00 9.029047105199408977e-04
1.130827336926300219e+00 1.181850881249678830e-03
1.146535300194249096e+00 1.416752919758931632e-03
1.162243263462197973e+00 1.688358401785255286e-03
1.177951226730146850e+00 1.952623195108164770e-03
1.193659189998095949e+00 2.158162478803761324e-03
1.209367153266045047e+00 2.459130715643741659e-03
1.225075116533993924e+00 2.767439641187136382e-03
1.240783079801942801e+00 2.862868594331519946e-03
1.256491043069891678e+00 2.965638236179318332e-03
1.272199006337840776e+00 3.024363745806631261e-03
1.287906969605789875e+00 3.046385811916873989e-03
1.303614932873738752e+00 3.185858897281743009e-03
1.319322896141687629e+00 3.017023057103217307e-03
1.335030859409636728e+00 2.672010688042751950e-03
1.350738822677585604e+00 2.473812093050569566e-03
1.366446785945534703e+00 2.282954186761802003e-03
1.382154749213483580e+00 2.158162478803761324e-03
1.397862712481432457e+00 1.974645261218407281e-03
1.413570675749381556e+00 1.673677024378427162e-03
1.429278639017330432e+00 1.475478429386244995e-03
1.444986602285279531e+00 1.306642589207719510e-03
1.460694565553228408e+00 1.262598456987234488e-03
1.476402528821177285e+00 1.174510192546264660e-03
1.492110492089126383e+00 9.983336636643250044e-04
1.507818455357075260e+00 9.175860879267692385e-04
1.523526418625024359e+00 8.515198895960419219e-04
1.539234381892973236e+00 8.001350686721427291e-04
1.554942345160922113e+00 8.148164460789710699e-04
1.570650308428871211e+00 7.927943799687286672e-04
1.586358271696820088e+00 8.221571347823852403e-04
1.602066234964769187e+00 8.662012670028702626e-04
1.617774198232718064e+00 9.175860879267692385e-04
1.633482161500666940e+00 1.005674352367739175e-03
1.649190124768616039e+00 1.101103305512123173e-03
1.664898088036564916e+00 1.225895013470163853e-03
1.680606051304514015e+00 1.387390164945275168e-03
1.696314014572462892e+00 1.460797051979416655e-03
1.712021977840411768e+00 1.636973580861356527e-03
1.727729941108360867e+00 1.761765288819397207e-03
1.743437904376309966e+00 1.981985949921821668e-03
1.759145867644258843e+00 2.341679696389115366e-03
1.774853830912207719e+00 2.613285178415439020e-03
1.790561794180156596e+00 2.965638236179317898e-03
1.806269757448105695e+00 3.332672671350025984e-03
1.821977720716054794e+00 3.824498814478773882e-03
1.837685683984003671e+00 4.316324957607522647e-03
1.853393647251952547e+00 4.749425591108957616e-03
1.869101610519901424e+00 5.138482092389907996e-03
1.884809573787850523e+00 5.498175838857201694e-03
1.900517537055799622e+00 6.019364736799605840e-03
1.916225500323748498e+00 6.812159116768334507e-03
1.931933463591697375e+00 7.311325948600497227e-03
1.947641426859646252e+00 8.287637546154580370e-03
1.963349390127595351e+00 9.227245700191590710e-03
1.979057353395544450e+00 1.001269939145690846e-02
1.994765316663493326e+00 1.098901098901098813e-02
2.010473279931442203e+00 1.230299426692212095e-02
2.026181243199391080e+00 1.327196517577279057e-02
2.041889206467340401e+00 1.471074016164196537e-02
2.057597169735289278e+00 1.563566693827214693e-02
2.073305133003238154e+00 1.694230952747986796e-02
2.089013096271187031e+00 1.819022660706027389e-02
2.104721059539135908e+00 1.970240847996358735e-02
2.120429022807084785e+00 2.056126905826304377e-02
2.136136986075034105e+00 2.173577925080931450e-02
2.151844949342982982e+00 2.198536266672539152e-02
2.167552912610931859e+00 2.255059569688827939e-02
2.183260875878880736e+00 2.255793638559169464e-02
2.198968839146830057e+00 2.228633090356536839e-02
2.214676802414778933e+00 2.198536266672538458e-02
2.230384765682727810e+00 2.138342619304542738e-02
2.246092728950676687e+00 2.067137938881425524e-02
2.261800692218625564e+00 1.992996982976942555e-02
2.277508655486574440e+00 1.885822927907096491e-02
2.293216618754523761e+00 1.808745696521247420e-02
2.308924582022472638e+00 1.730934396265057865e-02
2.324632545290421515e+00 1.646516476175794580e-02
2.340340508558370392e+00 1.582652484456091579e-02
2.356048471826319712e+00 1.482085049219317857e-02
2.371756435094268589e+00 1.423359539592004494e-02
2.387464398362217466e+00 1.382251682852885313e-02
2.403172361630166343e+00 1.330132793058644639e-02
2.418880324898115219e+00 1.289024936319525458e-02
2.434588288166064096e+00 1.228097220081187865e-02
2.450296251434013417e+00 1.198734465267531184e-02
2.466004214701962294e+00 1.159828815139436406e-02
2.481712177969911171e+00 1.175244261416606012e-02
2.497420141237860047e+00 1.189925638823434439e-02
2.513128104505809368e+00 1.198734465267531531e-02
2.528836067773758245e+00 1.205341085100604046e-02
2.544544031041707122e+00 1.222224669118456702e-02
2.560251994309655998e+00 1.224426875729480758e-02
2.575959957577604875e+00 1.245714872969381874e-02
2.591667920845554196e+00 1.242778597488016293e-02
2.607375884113503073e+00 1.244980804099040522e-02
2.623083847381451950e+00 1.250119286191430507e-02
2.638791810649400826e+00 1.261130319246551827e-02
2.654499773917350147e+00 1.237640115395626482e-02
2.670207737185299024e+00 1.238374184265967834e-02
2.685915700453247901e+00 1.247183010710064752e-02
2.701623663721196777e+00 1.250119286191430507e-02
2.717331626989145654e+00 1.228831288951529391e-02
2.733039590257094531e+00 1.182584950120020226e-02
2.748747553525043852e+00 1.142211162251242570e-02
2.764455516792992729e+00 1.120189096141000103e-02
2.780163480060941605e+00 1.055591035550955403e-02
2.795871443328890482e+00 9.821841485168137861e-03
2.811579406596839803e+00 8.977662284275510218e-03
2.827287369864788680e+00 8.082098262458984467e-03
2.842995333132737557e+00 7.289303882490254932e-03
2.858703296400686433e+00 6.635982587886396153e-03
2.874411259668635310e+00 5.755099943476695706e-03
2.890119222936584187e+00 5.043053139245523564e-03
2.905827186204533508e+00 4.286962202793866833e-03
2.921535149472482384e+00 3.596937464672936118e-03
2.937243112740431261e+00 2.928934792662247696e-03
2.952951076008380138e+00 2.459130715643741659e-03
2.968659039276329459e+00 1.967304572514993327e-03
2.984367002544278336e+00 1.651654958268184868e-03
3.000074965812227212e+00 1.218554324766749682e-03
3.015782929080176089e+00 1.093762616808709003e-03
3.031490892348124966e+00 9.102453992233551765e-04
3.047198855616073843e+00 7.781130025619003264e-04
3.062906818884023163e+00 6.092771623833748412e-04
3.078614782151972040e+00 4.844854544253341614e-04
3.094322745419920917e+00 4.184192560946067363e-04
3.110030708687869794e+00 4.257599447980209067e-04
3.125738671955818671e+00 4.331006335014350229e-04
