-1.460183660255166826e-04 0.000000000000000000e+00
1.556194490192345029e-02 0.000000000000000000e+00
3.126990816987241378e-02 0.000000000000000000e+00
4.697787143782138769e-02 0.000000000000000000e+00
6.268583470577035466e-02 0.000000000000000000e+00
7.839379797371931469e-02 0.000000000000000000e+00
9.410176124166827472e-02 0.000000000000000000e+00
1.098097245096172625e-01 0.000000000000000000e+00
1.255176877775662225e-01 0.000000000000000000e+00
1.412256510455151548e-01 0.000000000000000000e+00
1.569336143134641426e-01 0.000000000000000000e+00
1.726415775814131304e-01 0.000000000000000000e+00
1.883495408493620626e-01 0.000000000000000000e+00
2.040575041173110504e-01 0.000000000000000000e+00
2.197654673852600382e-01 0.000000000000000000e+00
2.354734306532089705e-01 0.000000000000000000e+00
2.511813939211579583e-01 0.000000000000000000e+00
2.668893571891068905e-01 0.000000000000000000e+00
2.825973204570558783e-01 0.000000000000000000e+00
2.983052837250048661e-01 0.000000000000000000e+00
3.140132469929537984e-01 0.000000000000000000e+00
3.297212102609027862e-01 0.000000000000000000e+00
3.454291735288517184e-01 0.000000000000000000e+00
3.611371367968007062e-01 0.000000000000000000e+00
3.768451000647496940e-01 0.000000000000000000e+00
3.925530633326986818e-01 0.000000000000000000e+00
4.082610266006476141e-01 0.000000000000000000e+00
4.239689898685966019e-01 0.000000000000000000e+00
4.396769531365455341e-01 0.000000000000000000e+00
4.553849164044945219e-01 0.000000000000000000e+00
4.710928796724435097e-01 0.000000000000000000e+00
4.868008429403924420e-01 0.000000000000000000e+00
5.025088062083413742e-01 0.000000000000000000e+00
5.182167694762904731e-01 0.000000000000000000e+00
5.339247327442393498e-01 0.000000000000000000e+00
5.496326960121882266e-01 0.000000000000000000e+00
5.653406592801373254e-01 0.000000000000000000e+00
5.810486225480862021e-01 0.000000000000000000e+00
5.967565858160353010e-01 0.000000000000000000e+00
6.124645490839841777e-01 0.000000000000000000e+00
6.281725123519330545e-01 0.000000000000000000e+00
6.438804756198821533e-01 0.000000000000000000e+00
6.595884388878310300e-01 0.000000000000000000e+00
6.752964021557801289e-01 0.000000000000000000e+00
6.910043654237290056e-01 0.000000000000000000e+00
7.067123286916779934e-01 0.000000000000000000e+00
7.224202919596269812e-01 0.000000000000000000e+00
7.381282552275758579e-01 0.000000000000000000e+00
7.538362184955249568e-01 0.000000000000000000e+00
7.695441817634738335e-01 0.000000000000000000e+00
7.852521450314228213e-01 0.000000000000000000e+00
8.009601082993718091e-01 0.000000000000000000e+00
8.166680715673206858e-01 0.000000000000000000e+00
8.323760348352697847e-01 0.000000000000000000e+00
8.480839981032186614e-01 0.000000000000000000e+00
8.637919613711677602e-01 0.000000000000000000e+00
8.794999246391166370e-01 0.000000000000000000e+00
8.952078879070655137e-01 0.000000000000000000e+00
9.109158511750146126e-01 0.000000000000000000e+00
9.266238144429634893e-01 0.000000000000000000e+00
9.423317777109125881e-01 0.000000000000000000e+00
9.580397409788614649e-01 0.000000000000000000e+00
9.737477042468103416e-01 0.000000000000000000e+00
9.894556675147594405e-01 0.000000000000000000e+00
1.005163630782708317e+00 2.202206611024246373e-05
1.020871594050657194e+00 3.670344351707077062e-05
1.036579557318606293e+00 5.872550962731323435e-05
1.052287520586555392e+00 6.606619833072738441e-05
1.067995483854504268e+00 1.247917079580406255e-04
1.083703447122453145e+00 1.908579062887679964e-04
1.099411410390402022e+00 2.569241046194953673e-04
1.115119373658351121e+00 3.817158125775359928e-04
1.130827336926300219e+00 4.331006335014350771e-04
1.146535300194249096e+00 5.211888979424049049e-04
1.162243263462197973e+00 6.606619833072738170e-04
1.177951226730146850e+00 7.560909364516579237e-04
1.193659189998095949e+00 8.955640218165268358e-04
1.209367153266045047e+00 1.093762616808708786e-03
1.225075116533993924e+00 1.225895013470163636e-03
1.240783079801942801e+00 1.306642589207719293e-03
1.256491043069891678e+00 1.365368098835032440e-03
1.272199006337840776e+00 1.394730853648689121e-03
1.287906969605789875e+00 1.409412231055517462e-03
1.303614932873738752e+00 1.336005344021375975e-03
1.319322896141687629e+00 1.218554324766749682e-03
1.335030859409636728e+00 1.064399861995052321e-03
1.350738822677585604e+00 1.005674352367739175e-03
1.366446785945534703e+00 9.249267766301833005e-04
1.382154749213483580e+00 8.735419557062842162e-04
1.397862712481432457e+00 7.487502477482436448e-04
1.413570675749381556e+00 7.414095590448294745e-04
1.429278639017330432e+00 6.826840494175162198e-04
1.444986602285279531e+00 6.312992284936171355e-04
1.460694565553228408e+00 6.092771623833747327e-04
1.476402528821177285e+00 6.019364736799605623e-04
1.492110492089126383e+00 5.505516527560615865e-04
1.507818455357075260e+00 5.872550962731323300e-04
1.523526418625024359e+00 5.285295866458191837e-04
1.539234381892973236e+00 4.991668318321625022e-04
1.554942345160922113e+00 4.991668318321625022e-04
1.570650308428871211e+00 5.358702753492332457e-04
1.586358271696820088e+00 5.578923414594756484e-04
1.602066234964769187e+00 5.652330301628898188e-04
1.617774198232718064e+00 6.092771623833748412e-04
1.633482161500666940e+00 6.092771623833748412e-04
1.649190124768616039e+00 7.781130025619003264e-04
1.664898088036564916e+00 8.368385121892134727e-04
1.680606051304514015e+00 9.322674653335975793e-04
1.696314014572462892e+00 1.049718484588223980e-03
1.712021977840411768e+00 1.145147437732607978e-03
1.727729941108360867e+00 1.277279834394062612e-03
1.743437904376309966e+00 1.490159806793073119e-03
1.759145867644258843e+00 1.629632892157942140e-03
1.774853830912207719e+00 1.849853553260366601e-03
1.790561794180156596e+00 2.158162478803761324e-03
1.806269757448105695e+00 2.525196913974468976e-03
1.821977720716054794e+00 2.928934792662247696e-03
1.837685683984003671e+00 3.362035426163682665e-03
1.853393647251952547e+00 3.890565012809501632e-03
1.869101610519901424e+00 4.301643580200693873e-03
1.884809573787850523e+00 4.786129034626028685e-03
1.900517537055799622e+00 5.446791017933301851e-03
1.916225500323748498e+00 6.026705425503020228e-03
1.931933463591697375e+00 6.665345342700051967e-03
1.947641426859646252e+00 7.524205920999507517e-03
1.963349390127595351e+00 8.610627849104801265e-03
1.979057353395544450e+00 9.851204239981793676e-03
1.994765316663493326e+00 1.115050614048609945e-02
2.010473279931442203e+00 1.258928112635527424e-02
2.026181243199391080e+00 1.397667129130054919e-02
2.041889206467340401e+00 1.535672076754240889e-02
2.057597169735289278e+00 1.661931922452964533e-02
2.073305133003238154e+00 1.788925837022029355e-02
2.089013096271187031e+00 1.875545963722316176e-02
2.104721059539135908e+00 2.028966357623671751e-02
2.120429022807084785e+00 2.117788690934983495e-02
2.136136986075034105e+00 2.233037503578585992e-02
2.151844949342982982e+00 2.312316941575458598e-02
2.167552912610931859e+00 2.376915002165502777e-02
2.183260875878880736e+00 2.422427272126671111e-02
2.198968839146830057e+00 2.440044925014864946e-02
2.214676802414778933e+00 2.390128241831648848e-02
2.230384765682727810e+00 2.326998318982286679e-02
2.246092728950676687e+00 2.253591431948145235e-02
2.261800692218625564e+00 2.183120820395369199e-02
2.277508655486574440e+00 2.084755591769619706e-02
2.293216618754523761e+00 1.962166090422603343e-02
2.308924582022472638e+00 1.868205275018901962e-02
2.324632545290421515e+00 1.750754255764275930e-02
2.340340508558370392e+00 1.656793440360574549e-02
2.356048471826319712e+00 1.566502969308580448e-02
2.371756435094268589e+00 1.474010291645562118e-02
2.387464398362217466e+00 1.397667129130054919e-02
2.403172361630166343e+00 1.341877894984107311e-02
2.418880324898115219e+00 1.288290867449183932e-02
2.434588288166064096e+00 1.293429349541573917e-02
2.450296251434013417e+00 1.259662181505868950e-02
2.466004214701962294e+00 1.245714872969382048e-02
2.481712177969911171e+00 1.281684247616111418e-02
2.497420141237860047e+00 1.286822729708501402e-02
2.513128104505809368e+00 1.269939145690648745e-02
2.528836067773758245e+00 1.283886454227135647e-02
2.544544031041707122e+00 1.257459974894844547e-02
2.560251994309655998e+00 1.300035969374646605e-02
2.575959957577604875e+00 1.273609490042355678e-02
2.591667920845554196e+00 1.251587423932113384e-02
2.607375884113503073e+00 1.266268801338941638e-02
2.623083847381451950e+00 1.294897487282256794e-02
2.638791810649400826e+00 1.307376658078060819e-02
2.654499773917350147e+00 1.322058035484889073e-02
2.670207737185299024e+00 1.318387691133181966e-02
2.685915700453247901e+00 1.338941619502741556e-02
2.701623663721196777e+00 1.330866861928986164e-02
2.717331626989145654e+00 1.321323966614547721e-02
2.733039590257094531e+00 1.272875421172014326e-02
2.748747553525043852e+00 1.221490600248115177e-02
2.764455516792992729e+00 1.151019988695339488e-02
2.780163480060941605e+00 1.077613101661197871e-02
2.795871443328890482e+00 9.902589060905693519e-03
2.811579406596839803e+00 9.087772614826723425e-03
2.827287369864788680e+00 8.236252725230680527e-03
2.842995333132737557e+00 7.443458345261951860e-03
2.858703296400686433e+00 6.731411541030778850e-03
2.874411259668635310e+00 6.034046114206434615e-03
2.890119222936584187e+00 5.233911045534291560e-03
2.905827186204533508e+00 4.602611817040674208e-03
2.921535149472482384e+00 3.963971899843643336e-03
2.937243112740431261e+00 3.266606473019298667e-03
2.952951076008380138e+00 2.826165150814449745e-03
2.968659039276329459e+00 2.371042451202772048e-03
2.984367002544278336e+00 2.018689393438892303e-03
3.000074965812227212e+00 1.747083911412568649e-03
3.015782929080176089e+00 1.482819118089659166e-03
3.031490892348124966e+00 1.159828815139436319e-03
3.047198855616073843e+00 9.396081540370116413e-04
3.062906818884023163e+00 7.487502477482437533e-04
3.078614782151972040e+00 5.945957849765465004e-04
3.094322745419920917e+00 4.624633883150916502e-04
3.110030708687869794e+00 3.376716803570510247e-04
3.125738671955818671e+00 2.789461707297378784e-04
