-1.460183660255166826e-04 0.000000000000000000e+00
1.556194490192345029e-02 0.000000000000000000e+00
3.126990816987241378e-02 0.000000000000000000e+00
4.697787143782138769e-02 0.000000000000000000e+00
6.268583470577035466e-02 0.000000000000000000e+00
7.839379797371931469e-02 0.000000000000000000e+00
9.410176124166827472e-02 0.000000000000000000e+00
1.098097245096172625e-01 0.000000000000000000e+00
1.255176877775662225e-01 0.000000000000000000e+00
1.412256510455151548e-01 0.000000000000000000e+00
1.569336143134641426e-01 0.000000000000000000e+00
1.726415775814131304e-01 0.000000000000000000e+00
1.883495408493620626e-01 0.000000000000000000e+00
2.040575041173110504e-01 0.000000000000000000e+00
2.197654673852600382e-01 0.000000000000000000e+00
2.354734306532089705e-01 0.000000000000000000e+00
2.511813939211579583e-01 0.000000000000000000e+00
2.668893571891068905e-01 0.000000000000000000e+00
2.825973204570558783e-01 0.000000000000000000e+00
2.983052837250048661e-01 0.000000000000000000e+00
3.140132469929537984e-01 0.000000000000000000e+00
3.297212102609027862e-01 0.000000000000000000e+00
3.454291735288517184e-01 0.000000000000000000e+00
3.611371367968007062e-01 0.000000000000000000e+00
3.768451000647496940e-01 0.000000000000000000e+00
3.925530633326986818e-01 0.000000000000000000e+00
4.082610266006476141e-01 0.000000000000000000e+00
4.239689898685966019e-01 0.000000000000000000e+00
4.396769531365455341e-01 0.000000000000000000e+00
4.553849164044945219e-01 0.000000000000000000e+00
4.710928796724435097e-01 0.000000000000000000e+00
4.868008429403924420e-01 0.000000000000000000e+00
5.025088062083413742e-01 0.000000000000000000e+00
5.182167694762904731e-01 0.000000000000000000e+00
5.339247327442393498e-01 0.000000000000000000e+00
5.496326960121882266e-01 0.000000000000000000e+00
5.653406592801373254e-01 0.000000000000000000e+00
5.810486225480862021e-01 0.000000000000000000e+00
5.967565858160353010e-01 0.000000000000000000e+00
6.124645490839841777e-01 0.000000000000000000e+00
6.281725123519330545e-01 0.000000000000000000e+00
6.438804756198821533e-01 0.000000000000000000e+00
6.595884388878310300e-01 0.000000000000000000e+00
6.752964021557801289e-01 0.000000000000000000e+00
6.910043654237290056e-01 0.000000000000000000e+00
7.067123286916779934e-01 0.000000000000000000e+00
7.224202919596269812e-01 0.000000000000000000e+00
7.381282552275758579e-01 0.000000000000000000e+00
7.538362184955249568e-01 0.000000000000000000e+00
7.695441817634738335e-01 0.000000000000000000e+00
7.852521450314228213e-01 0.000000000000000000e+00
8.009601082993718091e-01 0.000000000000000000e+00
8.166680715673206858e-01 0.000000000000000000e+00
8.323760348352697847e-01 0.000000000000000000e+00
8.480839981032186614e-01 0.000000000000000000e+00
8.637919613711677602e-01 0.000000000000000000e+00
8.794999246391166370e-01 0.000000000000000000e+00
8.952078879070655137e-01 0.000000000000000000e+00
9.109158511750146126e-01 0.000000000000000000e+00
9.266238144429634893e-01 0.000000000000000000e+00
9.423317777109125881e-01 0.000000000000000000e+00
9.580397409788614649e-01 0.000000000000000000e+00
9.737477042468103416e-01 0.000000000000000000e+00
9.894556675147594405e-01 0.000000000000000000e+00
1.005163630782708317e+00 0.000000000000000000e+00
1.020871594050657194e+00 5.872550962731322758e-05
1.036579557318606293e+00 9.542895314438399820e-05
1.052287520586555392e+00 1.761765288819397098e-04
1.067995483854504268e+00 2.495834159160812511e-04
1.083703447122453145e+00 3.523530577638794197e-04
1.099411410390402022e+00 4.844854544253341614e-04
1.115119373658351121e+00 6.386399171970314143e-04
1.130827336926300219e+00 8.294978234857993023e-04
1.146535300194249096e+00 1.123125371622365684e-03
1.162243263462197973e+00 1.402071542352103508e-03
1.177951226730146850e+00 1.754424600115982603e-03
1.193659189998095949e+00 2.136140412693519029e-03
1.209367153266045047e+00 2.378383139906186002e-03
1.225075116533993924e+00 2.701373442856408631e-03
1.240783079801942801e+00 2.862868594331519946e-03
1.256491043069891678e+00 2.987660302289561060e-03
1.272199006337840776e+00 3.046385811916873989e-03
1.287906969605789875e+00 2.965638236179318332e-03
1.303614932873738752e+00 2.899572037848591015e-03
1.319322896141687629e+00 2.848187216924691605e-03
1.335030859409636728e+00 2.664669999339337562e-03
1.350738822677585604e+00 2.451790026940328139e-03
1.366446785945534703e+00 2.143481101396932983e-03
1.382154749213483580e+00 1.886556996777437670e-03
1.397862712481432457e+00 1.710380467895497797e-03
1.413570675749381556e+00 1.438774985869174360e-03
1.429278639017330432e+00 1.313983277911133464e-03
1.444986602285279531e+00 1.145147437732607978e-03
1.460694565553228408e+00 1.071740550698466491e-03
1.476402528821177285e+00 1.027696418477981469e-03
1.492110492089126383e+00 1.013015041071153345e-03
1.507818455357075260e+00 9.102453992233550681e-04
1.523526418625024359e+00 8.882233331131126654e-04
1.539234381892973236e+00 7.927943799687286672e-04
1.554942345160922113e+00 7.487502477482436448e-04
1.570650308428871211e+00 7.707723138584861560e-04
1.586358271696820088e+00 8.074757573755568995e-04
1.602066234964769187e+00 7.854536912653144968e-04
1.617774198232718064e+00 8.808826444096984950e-04
1.633482161500666940e+00 9.175860879267693469e-04
1.649190124768616039e+00 9.983336636643250044e-04
1.664898088036564916e+00 1.101103305512123173e-03
1.680606051304514015e+00 1.181850881249678830e-03
1.696314014572462892e+00 1.336005344021375975e-03
1.712021977840411768e+00 1.468137740682830608e-03
1.727729941108360867e+00 1.673677024378426945e-03
1.743437904376309966e+00 1.886556996777437453e-03
1.759145867644258843e+00 2.128799723990104642e-03
1.774853830912207719e+00 2.326998318982286592e-03
1.790561794180156596e+00 2.635307244525681315e-03
1.806269757448105695e+00 2.921594103958833743e-03
1.821977720716054794e+00 3.332672671350025984e-03
1.837685683984003671e+00 3.618959530783177978e-03
1.853393647251952547e+00 4.081422919098270062e-03
1.869101610519901424e+00 4.536545618709947325e-03
1.884809573787850523e+00 5.065075205355766726e-03
1.900517537055799622e+00 5.696374433849383211e-03
1.916225500323748498e+00 6.349695728453242857e-03
1.931933463591697375e+00 7.010357711760516891e-03
1.947641426859646252e+00 7.898581044873629123e-03
1.963349390127595351e+00 8.676694047435529883e-03
1.979057353395544450e+00 9.506191870921330486e-03
1.994765316663493326e+00 1.057793242161979633e-02
2.010473279931442203e+00 1.171573917064899079e-02
2.026181243199391080e+00 1.305908520337378115e-02
2.041889206467340401e+00 1.437306848128491570e-02
2.057597169735289278e+00 1.562832624956873515e-02
2.073305133003238154e+00 1.747083911412568649e-02
2.089013096271187031e+00 1.875545963722316523e-02
2.104721059539135908e+00 2.034104839716062083e-02
2.120429022807084785e+00 2.142012963656250366e-02
2.136136986075034105e+00 2.253591431948145235e-02
2.151844949342982982e+00 2.322593905760238220e-02
2.167552912610931859e+00 2.403341481497793877e-02
2.183260875878880736e+00 2.405543688108818107e-02
2.198968839146830057e+00 2.385723828609600042e-02
2.214676802414778933e+00 2.349754453962870845e-02
2.230384765682727810e+00 2.313785079316141302e-02
2.246092728950676687e+00 2.215419850690391462e-02
2.261800692218625564e+00 2.142012963656250366e-02
2.277508655486574440e+00 2.014284980216844018e-02
2.293216618754523761e+00 1.868205275018902309e-02
2.308924582022472638e+00 1.802873145558516257e-02
2.324632545290421515e+00 1.670740748897061451e-02
2.340340508558370392e+00 1.567237038178921973e-02
2.356048471826319712e+00 1.493096082274439004e-02
2.371756435094268589e+00 1.417486988629273158e-02
2.387464398362217466e+00 1.358761479001960142e-02
2.403172361630166343e+00 1.343346032724790362e-02
2.418880324898115219e+00 1.283152385356794295e-02
2.434588288166064096e+00 1.274343558912697030e-02
2.450296251434013417e+00 1.220022462507432300e-02
2.466004214701962294e+00 1.189925638823434266e-02
2.481712177969911171e+00 1.173042054805581609e-02
2.497420141237860047e+00 1.172307985935240257e-02
2.513128104505809368e+00 1.137806749029193938e-02
2.528836067773758245e+00 1.148817782084315259e-02
2.544544031041707122e+00 1.158360677398753528e-02
2.560251994309655998e+00 1.189191569953092914e-02
2.575959957577604875e+00 1.184787156731044455e-02
2.591667920845554196e+00 1.195798189786165776e-02
2.607375884113503073e+00 1.192127845434458669e-02
2.623083847381451950e+00 1.200202603008214235e-02
2.638791810649400826e+00 1.219288393637091121e-02
2.654499773917350147e+00 1.202404809619238464e-02
2.670207737185299024e+00 1.200936671878555587e-02
2.685915700453247901e+00 1.204607016230262867e-02
2.701623663721196777e+00 1.200202603008214408e-02
2.717331626989145654e+00 1.184053087860703103e-02
2.733039590257094531e+00 1.175978330286947537e-02
2.748747553525043852e+00 1.123859440492707036e-02
2.764455516792992729e+00 1.072474619568807887e-02
2.780163480060941605e+00 1.011546903330470468e-02
2.795871443328890482e+00 9.564917380548642115e-03
2.811579406596839803e+00 8.706056802249185697e-03
2.827287369864788680e+00 7.971987931907771260e-03
2.842995333132737557e+00 7.039720466574174440e-03
2.858703296400686433e+00 6.357036417156658112e-03
2.874411259668635310e+00 5.762440632180110094e-03
2.890119222936584187e+00 5.189866913313806104e-03
2.905827186204533508e+00 4.463138731675805188e-03
2.921535149472482384e+00 3.905246390216329973e-03
2.937243112740431261e+00 3.435442313197823935e-03
2.952951076008380138e+00 3.112452010247601306e-03
2.968659039276329459e+00 2.649988621932509655e-03
2.984367002544278336e+00 2.158162478803761757e-03
3.000074965812227212e+00 1.710380467895498014e-03
3.015782929080176089e+00 1.387390164945275168e-03
3.031490892348124966e+00 1.167169503842850273e-03
3.047198855616073843e+00 8.882233331131127738e-04
3.062906818884023163e+00 6.386399171970314143e-04
3.078614782151972040e+00 4.698040770185058748e-04
3.094322745419920917e+00 3.596937464672934816e-04
3.110030708687869794e+00 3.009682368399802812e-04
3.125738671955818671e+00 3.450123690604652493e-04
