-1.460183660255166826e-04 0.000000000000000000e+00
1.556194490192345029e-02 0.000000000000000000e+00
3.126990816987241378e-02 0.000000000000000000e+00
4.697787143782138769e-02 0.000000000000000000e+00
6.268583470577035466e-02 0.000000000000000000e+00
7.839379797371931469e-02 0.000000000000000000e+00
9.410176124166827472e-02 0.000000000000000000e+00
1.098097245096172625e-01 0.000000000000000000e+00
1.255176877775662225e-01 0.000000000000000000e+00
1.412256510455151548e-01 0.000000000000000000e+00
1.569336143134641426e-01 0.000000000000000000e+00
1.726415775814131304e-01 0.000000000000000000e+00
1.883495408493620626e-01 0.000000000000000000e+00
2.040575041173110504e-01 0.000000000000000000e+00
2.197654673852600382e-01 0.000000000000000000e+00
2.354734306532089705e-01 0.000000000000000000e+00
2.511813939211579583e-01 0.000000000000000000e+00
2.668893571891068905e-01 0.000000000000000000e+00
2.825973204570558783e-01 0.000000000000000000e+00
2.983052837250048661e-01 0.000000000000000000e+00
3.140132469929537984e-01 0.000000000000000000e+00
3.297212102609027862e-01 0.000000000000000000e+00
3.454291735288517184e-01 0.000000000000000000e+00
3.611371367968007062e-01 0.000000000000000000e+00
3.768451000647496940e-01 0.000000000000000000e+00
3.925530633326986818e-01 0.000000000000000000e+00
4.082610266006476141e-01 0.000000000000000000e+00
4.239689898685966019e-01 0.000000000000000000e+00
4.396769531365455341e-01 0.000000000000000000e+00
4.553849164044945219e-01 0.000000000000000000e+00
4.710928796724435097e-01 0.000000000000000000e+00
4.868008429403924420e-01 0.000000000000000000e+00
5.025088062083413742e-01 0.000000000000000000e+00
5.182167694762904731e-01 0.000000000000000000e+00
5.339247327442393498e-01 0.000000000000000000e+00
5.496326960121882266e-01 0.000000000000000000e+00
5.653406592801373254e-01 0.000000000000000000e+00
5.810486225480862021e-01 0.000000000000000000e+00
5.967565858160353010e-01 0.000000000000000000e+00
6.124645490839841777e-01 0.000000000000000000e+00
6.281725123519330545e-01 0.000000000000000000e+00
6.438804756198821533e-01 0.000000000000000000e+00
6.595884388878310300e-01 0.000000000000000000e+00
6.752964021557801289e-01 0.000000000000000000e+00
6.910043654237290056e-01 0.000000000000000000e+00
7.067123286916779934e-01 0.000000000000000000e+00
7.224202919596269812e-01 0.000000000000000000e+00
7.381282552275758579e-01 0.000000000000000000e+00
7.538362184955249568e-01 0.000000000000000000e+00
7.695441817634738335e-01 0.000000000000000000e+00
7.852521450314228213e-01 0.000000000000000000e+00
8.009601082993718091e-01 0.000000000000000000e+00
8.166680715673206858e-01 0.000000000000000000e+00
8.323760348352697847e-01 0.000000000000000000e+00
8.480839981032186614e-01 0.000000000000000000e+00
8.637919613711677602e-01 0.000000000000000000e+00
8.794999246391166370e-01 0.000000000000000000e+00
8.952078879070655137e-01 0.000000000000000000e+00
9.109158511750146126e-01 0.000000000000000000e+00
9.266238144429634893e-01 0.000000000000000000e+00
9.423317777109125881e-01 1.468137740682830689e-05
9.580397409788614649e-01 2.202206611024246034e-05
9.737477042468103416e-01 2.202206611024246034e-05
9.894556675147594405e-01 5.138482092389907074e-05
1.005163630782708317e+00 8.808826444096984137e-05
1.020871594050657194e+00 1.101103305512123119e-04
1.036579557318606293e+00 1.688358401785255395e-04
1.052287520586555392e+00 2.495834159160812511e-04
1.067995483854504268e+00 3.963971899843643336e-04
1.083703447122453145e+00 5.945957849765465004e-04
1.099411410390402022e+00 8.735419557062843246e-04
1.115119373658351121e+00 1.071740550698466275e-03
1.130827336926300219e+00 1.328664655317961804e-03
1.146535300194249096e+00 1.688358401785255286e-03
1.162243263462197973e+00 2.018689393438892303e-03
1.177951226730146850e+00 2.290294875465215957e-03
1.193659189998095949e+00 2.694032754152994678e-03
1.209367153266045047e+00 2.899572037848591015e-03
1.225075116533993924e+00 3.222562340798813645e-03
1.240783079801942801e+00 3.633640908190005885e-03
1.256491043069891678e+00 3.927268456326572267e-03
1.272199006337840776e+00 4.059400852988026900e-03
1.287906969605789875e+00 4.074082230394855675e-03
1.303614932873738752e+00 3.956631211140228949e-03
1.319322896141687629e+00 3.861202257995844950e-03
1.335030859409636728e+00 3.677685040410491775e-03
1.350738822677585604e+00 3.347354048756853891e-03
1.366446785945534703e+00 2.936275481365662084e-03
1.382154749213483580e+00 2.649988621932509655e-03
1.397862712481432457e+00 2.378383139906186002e-03
1.413570675749381556e+00 2.070074214362791279e-03
1.429278639017330432e+00 1.798468732336467625e-03
1.444986602285279531e+00 1.570907382530628994e-03
1.460694565553228408e+00 1.365368098835032440e-03
1.476402528821177285e+00 1.174510192546264660e-03
1.492110492089126383e+00 1.020355729774567516e-03
1.507818455357075260e+00 9.249267766301835173e-04
1.523526418625024359e+00 9.322674653335974709e-04
1.539234381892973236e+00 9.029047105199410062e-04
1.554942345160922113e+00 9.029047105199408977e-04
1.570650308428871211e+00 8.955640218165268358e-04
1.586358271696820088e+00 9.029047105199410062e-04
1.602066234964769187e+00 8.735419557062843246e-04
1.617774198232718064e+00 9.469488427404259201e-04
1.633482161500666940e+00 9.983336636643250044e-04
1.649190124768616039e+00 1.064399861995052321e-03
1.664898088036564916e+00 1.093762616808709003e-03
1.680606051304514015e+00 1.196532258656506954e-03
1.696314014572462892e+00 1.358027410131618486e-03
1.712021977840411768e+00 1.570907382530628777e-03
1.727729941108360867e+00 1.747083911412568649e-03
1.743437904376309966e+00 1.930601128997922692e-03
1.759145867644258843e+00 2.180184544914003618e-03
1.774853830912207719e+00 2.495834159160812294e-03
1.790561794180156596e+00 2.833505839517863698e-03
1.806269757448105695e+00 3.105111321544187352e-03
1.821977720716054794e+00 3.406079558384167687e-03
1.837685683984003671e+00 3.890565012809502066e-03
1.853393647251952547e+00 4.448457354268977280e-03
1.869101610519901424e+00 4.910920742584068931e-03
1.884809573787850523e+00 5.439450329229888331e-03
1.900517537055799622e+00 6.100112312537162365e-03
1.916225500323748498e+00 7.003017023057103371e-03
1.931933463591697375e+00 7.795811403025832038e-03
1.947641426859646252e+00 8.706056802249187432e-03
1.963349390127595351e+00 9.513532559624744006e-03
1.979057353395544450e+00 1.076879032790856346e-02
1.994765316663493326e+00 1.180382743508995823e-02
2.010473279931442203e+00 1.303706313726353712e-02
2.026181243199391080e+00 1.447583812313271191e-02
2.041889206467340401e+00 1.568705175919604677e-02
2.057597169735289278e+00 1.716987087728570616e-02
2.073305133003238154e+00 1.858662379704463866e-02
2.089013096271187031e+00 1.972443054607383311e-02
2.104721059539135908e+00 2.143481101396932723e-02
2.120429022807084785e+00 2.252123294207462184e-02
2.136136986075034105e+00 2.296901495298288645e-02
2.151844949342982982e+00 2.392330448442672730e-02
2.167552912610931859e+00 2.393798586183355781e-02
2.183260875878880736e+00 2.401139274886769648e-02
2.198968839146830057e+00 2.379851277646868532e-02
2.214676802414778933e+00 2.293231150946581712e-02
2.230384765682727810e+00 2.188259302487759531e-02
2.246092728950676687e+00 2.114852415453617740e-02
2.261800692218625564e+00 2.009146498124454033e-02
2.277508655486574440e+00 1.931335197868264131e-02
2.293216618754523761e+00 1.825629280539100077e-02
2.308924582022472638e+00 1.707444192414132172e-02
2.324632545290421515e+00 1.632569167639307678e-02
2.340340508558370392e+00 1.558428211734824709e-02
2.356048471826319712e+00 1.487223531311707495e-02
2.371756435094268589e+00 1.398401198000396098e-02
2.387464398362217466e+00 1.311047002429767926e-02
2.403172361630166343e+00 1.263332525857576057e-02
2.418880324898115219e+00 1.250119286191430680e-02
2.434588288166064096e+00 1.208277360581969800e-02
2.450296251434013417e+00 1.186255294471727159e-02
2.466004214701962294e+00 1.152488126436022192e-02
2.481712177969911171e+00 1.148817782084315259e-02
2.497420141237860047e+00 1.159828815139436232e-02
2.513128104505809368e+00 1.137072680158852239e-02
2.528836067773758245e+00 1.119455027270658404e-02
2.544544031041707122e+00 1.131934198066462602e-02
2.560251994309655998e+00 1.142945231121583749e-02
2.575959957577604875e+00 1.162031021750460462e-02
2.591667920845554196e+00 1.175978330286947537e-02
2.607375884113503073e+00 1.177446468027630241e-02
2.623083847381451950e+00 1.184053087860702930e-02
2.638791810649400826e+00 1.188457501082751562e-02
2.654499773917350147e+00 1.169371710453874676e-02
2.670207737185299024e+00 1.159094746269094880e-02
2.685915700453247901e+00 1.120189096140999929e-02
2.701623663721196777e+00 1.083485652623929207e-02
2.717331626989145654e+00 1.055591035550955403e-02
2.733039590257094531e+00 1.032100831700030058e-02
2.748747553525043852e+00 9.880566994795451224e-03
2.764455516792992729e+00 9.278630521115490554e-03
2.780163480060941605e+00 8.639990603918458814e-03
2.795871443328890482e+00 8.236252725230682262e-03
2.811579406596839803e+00 7.597612808033650522e-03
2.827287369864788680e+00 6.966313579540032302e-03
2.842995333132737557e+00 6.151497133461061341e-03
2.858703296400686433e+00 5.344021376085504767e-03
2.874411259668635310e+00 4.727403524998716189e-03
2.890119222936584187e+00 4.096104296505097969e-03
2.905827186204533508e+00 3.406079558384167687e-03
2.921535149472482384e+00 2.958297547475904378e-03
2.937243112740431261e+00 2.393064517313014342e-03
2.952951076008380138e+00 1.989326638625235621e-03
2.968659039276329459e+00 1.703039779192083844e-03
2.984367002544278336e+00 1.358027410131618703e-03
3.000074965812227212e+00 1.137806749029193808e-03
3.015782929080176089e+00 9.909929749609108340e-04
3.031490892348124966e+00 7.854536912653146052e-04
3.047198855616073843e+00 6.166178510867889031e-04
3.062906818884023163e+00 5.285295866458190753e-04
3.078614782151972040e+00 4.404413222048492475e-04
3.094322745419920917e+00 3.743751238741218224e-04
3.110030708687869794e+00 3.450123690604652493e-04
3.125738671955818671e+00 2.862868594331519946e-04
