-1.460183660255166826e-04 0.000000000000000000e+00
1.556194490192345029e-02 0.000000000000000000e+00
3.126990816987241378e-02 0.000000000000000000e+00
4.697787143782138769e-02 0.000000000000000000e+00
6.268583470577035466e-02 0.000000000000000000e+00
7.839379797371931469e-02 0.000000000000000000e+00
9.410176124166827472e-02 0.000000000000000000e+00
1.098097245096172625e-01 0.000000000000000000e+00
1.255176877775662225e-01 0.000000000000000000e+00
1.412256510455151548e-01 0.000000000000000000e+00
1.569336143134641426e-01 0.000000000000000000e+00
1.726415775814131304e-01 0.000000000000000000e+00
1.883495408493620626e-01 0.000000000000000000e+00
2.040575041173110504e-01 0.000000000000000000e+00
2.197654673852600382e-01 0.000000000000000000e+00
2.354734306532089705e-01 0.000000000000000000e+00
2.511813939211579583e-01 0.000000000000000000e+00
2.668893571891068905e-01 0.000000000000000000e+00
2.825973204570558783e-01 0.000000000000000000e+00
2.983052837250048661e-01 0.000000000000000000e+00
3.140132469929537984e-01 0.000000000000000000e+00
3.297212102609027862e-01 0.000000000000000000e+00
3.454291735288517184e-01 0.000000000000000000e+00
3.611371367968007062e-01 0.000000000000000000e+00
3.768451000647496940e-01 0.000000000000000000e+00
3.925530633326986818e-01 0.000000000000000000e+00
4.082610266006476141e-01 0.000000000000000000e+00
4.239689898685966019e-01 0.000000000000000000e+00
4.396769531365455341e-01 0.000000000000000000e+00
4.553849164044945219e-01 0.000000000000000000e+00
4.710928796724435097e-01 0.000000000000000000e+00
4.868008429403924420e-01 0.000000000000000000e+00
5.025088062083413742e-01 0.000000000000000000e+00
5.182167694762904731e-01 0.000000000000000000e+00
5.339247327442393498e-01 0.000000000000000000e+00
5.496326960121882266e-01 0.000000000000000000e+00
5.653406592801373254e-01 0.000000000000000000e+00
5.810486225480862021e-01 0.000000000000000000e+00
5.967565858160353010e-01 0.000000000000000000e+00
6.124645490839841777e-01 0.000000000000000000e+00
6.281725123519330545e-01 0.000000000000000000e+00
6.438804756198821533e-01 0.000000000000000000e+00
6.595884388878310300e-01 0.000000000000000000e+00
6.752964021557801289e-01 0.000000000000000000e+00
6.910043654237290056e-01 0.000000000000000000e+00
7.067123286916779934e-01 0.000000000000000000e+00
7.224202919596269812e-01 0.000000000000000000e+00
7.381282552275758579e-01 0.000000000000000000e+00
7.538362184955249568e-01 0.000000000000000000e+00
7.695441817634738335e-01 0.000000000000000000e+00
7.852521450314228213e-01 0.000000000000000000e+00
8.009601082993718091e-01 0.000000000000000000e+00
8.166680715673206858e-01 0.000000000000000000e+00
8.323760348352697847e-01 0.000000000000000000e+00
8.480839981032186614e-01 0.000000000000000000e+00
8.637919613711677602e-01 0.000000000000000000e+00
8.794999246391166370e-01 0.000000000000000000e+00
8.952078879070655137e-01 0.000000000000000000e+00
9.109158511750146126e-01 0.000000000000000000e+00
9.266238144429634893e-01 7.340688703414153447e-06
9.423317777109125881e-01 7.340688703414153447e-06
9.580397409788614649e-01 7.340688703414153447e-06
9.737477042468103416e-01 1.468137740682830689e-05
9.894556675147594405e-01 2.202206611024246034e-05
1.005163630782708317e+00 2.936275481365661379e-05
1.020871594050657194e+00 3.670344351707077062e-05
1.036579557318606293e+00 8.074757573755568453e-05
1.052287520586555392e+00 1.321323966614547417e-04
1.067995483854504268e+00 2.128799723990104534e-04
1.083703447122453145e+00 3.376716803570510789e-04
1.099411410390402022e+00 5.211888979424049049e-04
1.115119373658351121e+00 6.973654268243445606e-04
1.130827336926300219e+00 9.689709088506683228e-04
1.146535300194249096e+00 1.189191569953093001e-03
1.162243263462197973e+00 1.380049476241860997e-03
1.177951226730146850e+00 1.607610826047699846e-03
1.193659189998095949e+00 1.805809421039882229e-03
1.209367153266045047e+00 1.974645261218407714e-03
1.225075116533993924e+00 2.202206611024246346e-03
1.240783079801942801e+00 2.246250743244730935e-03
1.256491043069891678e+00 2.400405206016428296e-03
1.272199006337840776e+00 2.635307244525681315e-03
1.287906969605789875e+00 2.657329310635923609e-03
1.303614932873738752e+00 2.694032754152994678e-03
1.319322896141687629e+00 2.642647933229095268e-03
1.335030859409636728e+00 2.613285178415439020e-03
1.350738822677585604e+00 2.532537602677883363e-03
1.366446785945534703e+00 2.334339007685700979e-03
1.382154749213483580e+00 2.033370770845721077e-03
1.397862712481432457e+00 1.908579062887680181e-03
1.413570675749381556e+00 1.673677024378427162e-03
1.429278639017330432e+00 1.453456363276002701e-03
1.444986602285279531e+00 1.167169503842850706e-03
1.460694565553228408e+00 1.042377795884809810e-03
1.476402528821177285e+00 8.882233331131124485e-04
1.492110492089126383e+00 7.781130025619002180e-04
1.507818455357075260e+00 6.900247381209304986e-04
1.523526418625024359e+00 6.680026720106879874e-04
1.539234381892973236e+00 6.312992284936172439e-04
1.554942345160922113e+00 6.312992284936172439e-04
1.570650308428871211e+00 6.459806059004455847e-04
1.586358271696820088e+00 7.047061155277587309e-04
1.602066234964769187e+00 7.414095590448295829e-04
1.617774198232718064e+00 7.487502477482436448e-04
1.633482161500666940e+00 8.221571347823851319e-04
1.649190124768616039e+00 9.616302201472541524e-04
1.664898088036564916e+00 1.086421928105294832e-03
1.680606051304514015e+00 1.108443994215537126e-03
1.696314014572462892e+00 1.225895013470163636e-03
1.712021977840411768e+00 1.438774985869174143e-03
1.727729941108360867e+00 1.548885316420386699e-03
1.743437904376309966e+00 1.798468732336467625e-03
1.759145867644258843e+00 2.048052148252548985e-03
1.774853830912207719e+00 2.231569365837902594e-03
1.790561794180156596e+00 2.672010688042751950e-03
1.806269757448105695e+00 3.061067189323701896e-03
1.821977720716054794e+00 3.369376114867096619e-03
1.837685683984003671e+00 3.883224324106087245e-03
1.853393647251952547e+00 4.191533249649481534e-03
1.869101610519901424e+00 4.756766279812371136e-03
1.884809573787850523e+00 5.439450329229887464e-03
1.900517537055799622e+00 6.026705425503020228e-03
1.916225500323748498e+00 6.724070852327365330e-03
1.931933463591697375e+00 7.421436279151710433e-03
1.947641426859646252e+00 8.162845838196540124e-03
1.963349390127595351e+00 9.219905011488178925e-03
1.979057353395544450e+00 1.028430487348322951e-02
1.994765316663493326e+00 1.115050614048610118e-02
2.010473279931442203e+00 1.250853355061772032e-02
2.026181243199391080e+00 1.356559272390935565e-02
2.041889206467340401e+00 1.466669602942147904e-02
2.057597169735289278e+00 1.606142688307016925e-02
2.073305133003238154e+00 1.724327776431984829e-02
2.089013096271187031e+00 1.859396448574805391e-02
2.104721059539135908e+00 1.990060707495577147e-02
2.120429022807084785e+00 2.098702900306106608e-02
2.136136986075034105e+00 2.202206611024246086e-02
2.151844949342982982e+00 2.295433357557605941e-02
2.167552912610931859e+00 2.327732387852628204e-02
2.183260875878880736e+00 2.360031418147650467e-02
2.198968839146830057e+00 2.330668663333993612e-02
2.214676802414778933e+00 2.295433357557605941e-02
2.230384765682727810e+00 2.219824263912440268e-02
2.246092728950676687e+00 2.123661241897714658e-02
2.261800692218625564e+00 2.030434495364354802e-02
2.277508655486574440e+00 1.968772710255676031e-02
2.293216618754523761e+00 1.856460173093439636e-02
2.308924582022472638e+00 1.737541016098130206e-02
2.324632545290421515e+00 1.651654958268184564e-02
2.340340508558370392e+00 1.551821591901752194e-02
2.356048471826319712e+00 1.486489462441366143e-02
2.371756435094268589e+00 1.418221057499614683e-02
2.387464398362217466e+00 1.324994310966254828e-02
2.403172361630166343e+00 1.290493074060208335e-02
2.418880324898115219e+00 1.253789630543137440e-02
2.434588288166064096e+00 1.220022462507432300e-02
2.450296251434013417e+00 1.202404809619238291e-02
2.466004214701962294e+00 1.185521225601385807e-02
2.481712177969911171e+00 1.182584950120020226e-02
2.497420141237860047e+00 1.211947704933676734e-02
2.513128104505809368e+00 1.196532258656507128e-02
2.528836067773758245e+00 1.206075153970945571e-02
2.544544031041707122e+00 1.220756531377773998e-02
2.560251994309655998e+00 1.211213636063335555e-02
2.575959957577604875e+00 1.217086187026066892e-02
2.591667920845554196e+00 1.241310459747333415e-02
2.607375884113503073e+00 1.255991837154161669e-02
2.623083847381451950e+00 1.272875421172014326e-02
2.638791810649400826e+00 1.269205076820307219e-02
2.654499773917350147e+00 1.272141352301672974e-02
2.670207737185299024e+00 1.300035969374646605e-02
2.685915700453247901e+00 1.290493074060208335e-02
2.701623663721196777e+00 1.261130319246551654e-02
2.717331626989145654e+00 1.214149911544701137e-02
2.733039590257094531e+00 1.199468534137872883e-02
2.748747553525043852e+00 1.164233228361484865e-02
2.764455516792992729e+00 1.116518751789292649e-02
2.780163480060941605e+00 1.045314071366175608e-02
2.795871443328890482e+00 9.924611127015937548e-03
2.811579406596839803e+00 9.168520190564279082e-03
2.827287369864788680e+00 8.500517518553591528e-03
2.842995333132737557e+00 7.436117656558539207e-03
2.858703296400686433e+00 6.694708097513708649e-03
2.874411259668635310e+00 5.799144075697182030e-03
2.890119222936584187e+00 5.057734516652352338e-03
2.905827186204533508e+00 4.294302891497279485e-03
2.921535149472482384e+00 3.670344351707077388e-03
2.937243112740431261e+00 2.906912726552005402e-03
2.952951076008380138e+00 2.473812093050570000e-03
2.968659039276329459e+00 2.128799723990104642e-03
2.984367002544278336e+00 1.725061845302326355e-03
3.000074965812227212e+00 1.497500495496487507e-03
3.015782929080176089e+00 1.262598456987234488e-03
3.031490892348124966e+00 1.057059173291638151e-03
3.047198855616073843e+00 8.882233331131125570e-04
3.062906818884023163e+00 7.120468042311727929e-04
3.078614782151972040e+00 5.285295866458190753e-04
3.094322745419920917e+00 4.477820109082634721e-04
3.110030708687869794e+00 2.789461707297378784e-04
3.125738671955818671e+00 2.716054820263237080e-04
