-1.460183660255166826e-04 0.000000000000000000e+00
1.556194490192345029e-02 0.000000000000000000e+00
3.126990816987241378e-02 0.000000000000000000e+00
4.697787143782138769e-02 0.000000000000000000e+00
6.268583470577035466e-02 0.000000000000000000e+00
7.839379797371931469e-02 0.000000000000000000e+00
9.410176124166827472e-02 0.000000000000000000e+00
1.098097245096172625e-01 0.000000000000000000e+00
1.255176877775662225e-01 0.000000000000000000e+00
1.412256510455151548e-01 0.000000000000000000e+00
1.569336143134641426e-01 0.000000000000000000e+00
1.726415775814131304e-01 0.000000000000000000e+00
1.883495408493620626e-01 0.000000000000000000e+00
2.040575041173110504e-01 0.000000000000000000e+00
2.197654673852600382e-01 0.000000000000000000e+00
2.354734306532089705e-01 0.000000000000000000e+00
2.511813939211579583e-01 0.000000000000000000e+00
2.668893571891068905e-01 0.000000000000000000e+00
2.825973204570558783e-01 0.000000000000000000e+00
2.983052837250048661e-01 0.000000000000000000e+00
3.140132469929537984e-01 0.000000000000000000e+00
3.297212102609027862e-01 0.000000000000000000e+00
3.454291735288517184e-01 0.000000000000000000e+00
3.611371367968007062e-01 0.000000000000000000e+00
3.768451000647496940e-01 0.000000000000000000e+00
3.925530633326986818e-01 0.000000000000000000e+00
4.082610266006476141e-01 0.000000000000000000e+00
4.239689898685966019e-01 0.000000000000000000e+00
4.396769531365455341e-01 0.000000000000000000e+00
4.553849164044945219e-01 0.000000000000000000e+00
4.710928796724435097e-01 0.000000000000000000e+00
4.868008429403924420e-01 0.000000000000000000e+00
5.025088062083413742e-01 0.000000000000000000e+00
5.182167694762904731e-01 0.000000000000000000e+00
5.339247327442393498e-01 0.000000000000000000e+00
5.496326960121882266e-01 0.000000000000000000e+00
5.653406592801373254e-01 0.000000000000000000e+00
5.810486225480862021e-01 0.000000000000000000e+00
5.967565858160353010e-01 0.000000000000000000e+00
6.124645490839841777e-01 0.000000000000000000e+00
6.281725123519330545e-01 0.000000000000000000e+00
6.438804756198821533e-01 0.000000000000000000e+00
6.595884388878310300e-01 0.000000000000000000e+00
6.752964021557801289e-01 0.000000000000000000e+00
6.910043654237290056e-01 0.000000000000000000e+00
7.067123286916779934e-01 0.000000000000000000e+00
7.224202919596269812e-01 0.000000000000000000e+00
7.381282552275758579e-01 0.000000000000000000e+00
7.538362184955249568e-01 0.000000000000000000e+00
7.695441817634738335e-01 0.000000000000000000e+00
7.852521450314228213e-01 0.000000000000000000e+00
8.009601082993718091e-01 0.000000000000000000e+00
8.166680715673206858e-01 0.000000000000000000e+00
8.323760348352697847e-01 0.000000000000000000e+00
8.480839981032186614e-01 0.000000000000000000e+00
8.637919613711677602e-01 0.000000000000000000e+00
8.794999246391166370e-01 0.000000000000000000e+00
8.952078879070655137e-01 0.000000000000000000e+00
9.109158511750146126e-01 7.340688703414153447e-06
9.266238144429634893e-01 7.340688703414153447e-06
9.423317777109125881e-01 7.340688703414153447e-06
9.580397409788614649e-01 1.468137740682830689e-05
9.737477042468103416e-01 2.936275481365661379e-05
9.894556675147594405e-01 5.138482092389907752e-05
1.005163630782708317e+00 7.340688703414154125e-05
1.020871594050657194e+00 1.247917079580406255e-04
1.036579557318606293e+00 2.128799723990104805e-04
1.052287520586555392e+00 2.862868594331519946e-04
1.067995483854504268e+00 3.376716803570510789e-04
1.083703447122453145e+00 4.624633883150916502e-04
1.099411410390402022e+00 6.386399171970314143e-04
1.115119373658351121e+00 9.102453992233550681e-04
1.130827336926300219e+00 1.101103305512123173e-03
1.146535300194249096e+00 1.394730853648689121e-03
1.162243263462197973e+00 1.710380467895497797e-03
1.177951226730146850e+00 2.084755591769619620e-03
1.193659189998095949e+00 2.415086583423256203e-03
1.209367153266045047e+00 2.649988621932509655e-03
1.225075116533993924e+00 2.774780329890550335e-03
1.240783079801942801e+00 2.943616170069075604e-03
1.256491043069891678e+00 2.995000990992974579e-03
1.272199006337840776e+00 2.980319613586146672e-03
1.287906969605789875e+00 2.995000990992975013e-03
1.303614932873738752e+00 2.892231349145176628e-03
1.319322896141687629e+00 2.782121018593964289e-03
1.335030859409636728e+00 2.561900357491539611e-03
1.350738822677585604e+00 2.378383139906186002e-03
1.366446785945534703e+00 2.172843856210589664e-03
1.382154749213483580e+00 2.055392836955963372e-03
1.397862712481432457e+00 1.879216308074023499e-03
1.413570675749381556e+00 1.644314269564770481e-03
1.429278639017330432e+00 1.446115674572588314e-03
1.444986602285279531e+00 1.343346032724790362e-03
1.460694565553228408e+00 1.247917079580405930e-03
1.476402528821177285e+00 1.189191569953092784e-03
1.492110492089126383e+00 1.049718484588223980e-03
1.507818455357075260e+00 9.175860879267692385e-04
1.523526418625024359e+00 8.515198895960418134e-04
1.539234381892973236e+00 8.515198895960419219e-04
1.554942345160922113e+00 8.588605782994559838e-04
1.570650308428871211e+00 8.441792008926276430e-04
1.586358271696820088e+00 8.368385121892135811e-04
1.602066234964769187e+00 8.882233331131126654e-04
1.617774198232718064e+00 8.955640218165267273e-04
1.633482161500666940e+00 1.071740550698466491e-03
1.649190124768616039e+00 1.196532258656506954e-03
1.664898088036564916e+00 1.350686721428204316e-03
1.680606051304514015e+00 1.387390164945274951e-03
1.696314014572462892e+00 1.534203939013558142e-03
1.712021977840411768e+00 1.703039779192083627e-03
1.727729941108360867e+00 1.915919751591094134e-03
1.743437904376309966e+00 2.121459035286690688e-03
1.759145867644258843e+00 2.290294875465215957e-03
1.774853830912207719e+00 2.561900357491539611e-03
1.790561794180156596e+00 2.995000990992975447e-03
1.806269757448105695e+00 3.288628539129541395e-03
1.821977720716054794e+00 3.751091927444632611e-03
1.837685683984003671e+00 4.206214627056310308e-03
1.853393647251952547e+00 4.631974571854330890e-03
1.869101610519901424e+00 5.131141403686493609e-03
1.884809573787850523e+00 5.630308235518655460e-03
1.900517537055799622e+00 6.246926086605444906e-03
1.916225500323748498e+00 6.907588069912718939e-03
1.931933463591697375e+00 7.384732835634638497e-03
1.947641426859646252e+00 8.478495452443349234e-03
1.963349390127595351e+00 9.454807049997430643e-03
1.979057353395544450e+00 1.062197655384028092e-02
1.994765316663493326e+00 1.154690333047046422e-02
2.010473279931442203e+00 1.278747972134745489e-02
2.026181243199391080e+00 1.392528647037664935e-02
2.041889206467340401e+00 1.521724768217753987e-02
2.057597169735289278e+00 1.645048338435111876e-02
2.073305133003238154e+00 1.759563082208372847e-02
2.089013096271187031e+00 1.881418514685047685e-02
2.104721059539135908e+00 2.015753117957527069e-02
2.120429022807084785e+00 2.097968831435765430e-02
2.136136986075034105e+00 2.192663715709807642e-02
2.151844949342982982e+00 2.254325500818486414e-02
2.167552912610931859e+00 2.259463982910876398e-02
2.183260875878880736e+00 2.284422324502484794e-02
2.198968839146830057e+00 2.263134327262583678e-02
2.214676802414778933e+00 2.235239710189609874e-02
2.230384765682727810e+00 2.189727440228442235e-02
2.246092728950676687e+00 2.125863448508738887e-02
2.261800692218625564e+00 2.030434495364354802e-02
2.277508655486574440e+00 1.953357263978506078e-02
2.293216618754523761e+00 1.860130517445146570e-02
2.308924582022472638e+00 1.745615773671885945e-02
2.324632545290421515e+00 1.648718682786819156e-02
2.340340508558370392e+00 1.563566693827214693e-02
2.356048471826319712e+00 1.506309321940584381e-02
2.371756435094268589e+00 1.453456363276002528e-02
2.387464398362217466e+00 1.377113200760495329e-02
2.403172361630166343e+00 1.327196517577279057e-02
2.418880324898115219e+00 1.327930586447620409e-02
2.434588288166064096e+00 1.308844795818743523e-02
2.450296251434013417e+00 1.303706313726353538e-02
2.466004214701962294e+00 1.258928112635527424e-02
2.481712177969911171e+00 1.254523699413478965e-02
2.497420141237860047e+00 1.256725906024503368e-02
2.513128104505809368e+00 1.258194043765186072e-02
2.528836067773758245e+00 1.226629082340505161e-02
2.544544031041707122e+00 1.192127845434458495e-02
2.560251994309655998e+00 1.173776123675923135e-02
2.575959957577604875e+00 1.169371710453874676e-02
2.591667920845554196e+00 1.186989363342068685e-02
2.607375884113503073e+00 1.215618049285383841e-02
2.623083847381451950e+00 1.189925638823434266e-02
2.638791810649400826e+00 1.186989363342068511e-02
2.654499773917350147e+00 1.198734465267531357e-02
2.670207737185299024e+00 1.173776123675923308e-02
2.685915700453247901e+00 1.163499159491143513e-02
2.701623663721196777e+00 1.152488126436022192e-02
2.717331626989145654e+00 1.115050614048609945e-02
2.733039590257094531e+00 1.096698892290074584e-02
2.748747553525043852e+00 1.052654760069589648e-02
2.764455516792992729e+00 1.033568969440713109e-02
2.780163480060941605e+00 9.880566994795451224e-03
2.795871443328890482e+00 9.190542256674519642e-03
2.811579406596839803e+00 8.221571347823851753e-03
2.827287369864788680e+00 7.443458345261951860e-03
2.842995333132737557e+00 6.613960521776152124e-03
2.858703296400686433e+00 6.100112312537161498e-03
2.874411259668635310e+00 5.028371761838695657e-03
2.890119222936584187e+00 4.323665646310937034e-03
2.905827186204533508e+00 3.758432616148046565e-03
2.921535149472482384e+00 3.273947161722712620e-03
2.937243112740431261e+00 2.642647933229095702e-03
2.952951076008380138e+00 2.275613498058388050e-03
2.968659039276329459e+00 1.783787354929639284e-03
2.984367002544278336e+00 1.548885316420386482e-03
3.000074965812227212e+00 1.365368098835032656e-03
3.015782929080176089e+00 1.145147437732607978e-03
3.031490892348124966e+00 9.469488427404260285e-04
3.047198855616073843e+00 7.927943799687285588e-04
3.062906818884023163e+00 6.166178510867889031e-04
3.078614782151972040e+00 4.698040770185058206e-04
3.094322745419920917e+00 3.523530577638793655e-04
3.110030708687869794e+00 2.422427272126670807e-04
3.125738671955818671e+00 2.495834159160812511e-04
