-1.460183660255166826e-04 0.000000000000000000e+00
1.556194490192345029e-02 0.000000000000000000e+00
3.126990816987241378e-02 0.000000000000000000e+00
4.697787143782138769e-02 0.000000000000000000e+00
6.268583470577035466e-02 0.000000000000000000e+00
7.839379797371931469e-02 0.000000000000000000e+00
9.410176124166827472e-02 0.000000000000000000e+00
1.098097245096172625e-01 0.000000000000000000e+00
1.255176877775662225e-01 0.000000000000000000e+00
1.412256510455151548e-01 0.000000000000000000e+00
1.569336143134641426e-01 0.000000000000000000e+00
1.726415775814131304e-01 0.000000000000000000e+00
1.883495408493620626e-01 0.000000000000000000e+00
2.040575041173110504e-01 0.000000000000000000e+00
2.197654673852600382e-01 0.000000000000000000e+00
2.354734306532089705e-01 0.000000000000000000e+00
2.511813939211579583e-01 0.000000000000000000e+00
2.668893571891068905e-01 0.000000000000000000e+00
2.825973204570558783e-01 0.000000000000000000e+00
2.983052837250048661e-01 0.000000000000000000e+00
3.140132469929537984e-01 0.000000000000000000e+00
3.297212102609027862e-01 0.000000000000000000e+00
3.454291735288517184e-01 0.000000000000000000e+00
3.611371367968007062e-01 0.000000000000000000e+00
3.768451000647496940e-01 0.000000000000000000e+00
3.925530633326986818e-01 0.000000000000000000e+00
4.082610266006476141e-01 0.000000000000000000e+00
4.239689898685966019e-01 0.000000000000000000e+00
4.396769531365455341e-01 0.000000000000000000e+00
4.553849164044945219e-01 0.000000000000000000e+00
4.710928796724435097e-01 0.000000000000000000e+00
4.868008429403924420e-01 0.000000000000000000e+00
5.025088062083413742e-01 0.000000000000000000e+00
5.182167694762904731e-01 0.000000000000000000e+00
5.339247327442393498e-01 0.000000000000000000e+00
5.496326960121882266e-01 0.000000000000000000e+00
5.653406592801373254e-01 0.000000000000000000e+00
5.810486225480862021e-01 0.000000000000000000e+00
5.967565858160353010e-01 0.000000000000000000e+00
6.124645490839841777e-01 0.000000000000000000e+00
6.281725123519330545e-01 0.000000000000000000e+00
6.438804756198821533e-01 0.000000000000000000e+00
6.595884388878310300e-01 0.000000000000000000e+00
6.752964021557801289e-01 0.000000000000000000e+00
6.910043654237290056e-01 0.000000000000000000e+00
7.067123286916779934e-01 0.000000000000000000e+00
7.224202919596269812e-01 0.000000000000000000e+00
7.381282552275758579e-01 0.000000000000000000e+00
7.538362184955249568e-01 0.000000000000000000e+00
7.695441817634738335e-01 0.000000000000000000e+00
7.852521450314228213e-01 0.000000000000000000e+00
8.009601082993718091e-01 0.000000000000000000e+00
8.166680715673206858e-01 0.000000000000000000e+00
8.323760348352697847e-01 0.000000000000000000e+00
8.480839981032186614e-01 0.000000000000000000e+00
8.637919613711677602e-01 0.000000000000000000e+00
8.794999246391166370e-01 0.000000000000000000e+00
8.952078879070655137e-01 0.000000000000000000e+00
9.109158511750146126e-01 0.000000000000000000e+00
9.266238144429634893e-01 0.000000000000000000e+00
9.423317777109125881e-01 7.340688703414153447e-06
9.580397409788614649e-01 1.468137740682830689e-05
9.737477042468103416e-01 2.936275481365661379e-05
9.894556675147594405e-01 3.670344351707077062e-05
1.005163630782708317e+00 5.872550962731323435e-05
1.020871594050657194e+00 9.542895314438399820e-05
1.036579557318606293e+00 1.101103305512123119e-04
1.052287520586555392e+00 1.394730853648689392e-04
1.067995483854504268e+00 1.761765288819397098e-04
1.083703447122453145e+00 2.642647933229095919e-04
1.099411410390402022e+00 3.229903029502227923e-04
1.115119373658351121e+00 4.331006335014350771e-04
1.130827336926300219e+00 5.432109640526474161e-04
1.146535300194249096e+00 7.781130025619003264e-04
1.162243263462197973e+00 9.836522862574966636e-04
1.177951226730146850e+00 1.167169503842850490e-03
1.193659189998095949e+00 1.402071542352103291e-03
1.209367153266045047e+00 1.688358401785255286e-03
1.225075116533993924e+00 1.945282506404750816e-03
1.240783079801942801e+00 2.114118346583276301e-03
1.256491043069891678e+00 2.290294875465215957e-03
1.272199006337840776e+00 2.349020385092529320e-03
1.287906969605789875e+00 2.371042451202772048e-03
1.303614932873738752e+00 2.290294875465216391e-03
1.319322896141687629e+00 2.194865922320831959e-03
1.335030859409636728e+00 2.106777657879862348e-03
1.350738822677585604e+00 1.967304572514993327e-03
1.366446785945534703e+00 1.754424600115982820e-03
1.382154749213483580e+00 1.695699090488669673e-03
1.397862712481432457e+00 1.592929448640871288e-03
1.413570675749381556e+00 1.446115674572588314e-03
1.429278639017330432e+00 1.328664655317962021e-03
1.444986602285279531e+00 1.145147437732608195e-03
1.460694565553228408e+00 1.115784682918951297e-03
1.476402528821177285e+00 9.909929749609108340e-04
1.492110492089126383e+00 8.148164460789711783e-04
1.507818455357075260e+00 7.707723138584862644e-04
1.523526418625024359e+00 7.414095590448295829e-04
1.539234381892973236e+00 6.973654268243445606e-04
1.554942345160922113e+00 6.826840494175164366e-04
1.570650308428871211e+00 6.459806059004455847e-04
1.586358271696820088e+00 6.753433607141021578e-04
1.602066234964769187e+00 7.047061155277588394e-04
1.617774198232718064e+00 7.487502477482436448e-04
1.633482161500666940e+00 8.294978234857994107e-04
1.649190124768616039e+00 8.955640218165268358e-04
1.664898088036564916e+00 1.013015041071153345e-03
1.680606051304514015e+00 1.101103305512123173e-03
1.696314014572462892e+00 1.233235702173577806e-03
1.712021977840411768e+00 1.387390164945274951e-03
1.727729941108360867e+00 1.526863250310143971e-03
1.743437904376309966e+00 1.783787354929639284e-03
1.759145867644258843e+00 2.136140412693518596e-03
1.774853830912207719e+00 2.422427272126671024e-03
1.790561794180156596e+00 2.672010688042751950e-03
1.806269757448105695e+00 2.987660302289560192e-03
1.821977720716054794e+00 3.384057492273925393e-03
1.837685683984003671e+00 3.875883635402673291e-03
1.853393647251952547e+00 4.338347023717765809e-03
1.869101610519901424e+00 4.742084902405543229e-03
1.884809573787850523e+00 5.285295866458190536e-03
1.900517537055799622e+00 6.004683359392777933e-03
1.916225500323748498e+00 6.540553634742011721e-03
1.931933463591697375e+00 7.472821100075609409e-03
1.947641426859646252e+00 8.265615480044338076e-03
1.963349390127595351e+00 9.124476058343794493e-03
1.979057353395544450e+00 1.007876558978763361e-02
1.994765316663493326e+00 1.101103305512123216e-02
2.010473279931442203e+00 1.206809222841287096e-02
2.026181243199391080e+00 1.396198991389372215e-02
2.041889206467340401e+00 1.487957600182049020e-02
2.057597169735289278e+00 1.662665991323306058e-02
2.073305133003238154e+00 1.819022660706027389e-02
2.089013096271187031e+00 1.958495746070896409e-02
2.104721059539135908e+00 2.095766624824740854e-02
2.120429022807084785e+00 2.231569365837902941e-02
2.136136986075034105e+00 2.282954186761801743e-02
2.151844949342982982e+00 2.353424798314577779e-02
2.167552912610931859e+00 2.345350040740822040e-02
2.183260875878880736e+00 2.348286316222187795e-02
2.198968839146830057e+00 2.315987285927165878e-02
2.214676802414778933e+00 2.304242184001703206e-02
2.230384765682727810e+00 2.235239710189609874e-02
2.246092728950676687e+00 2.154492134452054217e-02
2.261800692218625564e+00 2.073010489844157034e-02
2.277508655486574440e+00 1.992262914106601376e-02
2.293216618754523761e+00 1.890961409999486129e-02
2.308924582022472638e+00 1.786723630411005126e-02
2.324632545290421515e+00 1.692028746136962913e-02
2.340340508558370392e+00 1.617153721362138419e-02
2.356048471826319712e+00 1.573843658011994662e-02
2.371756435094268589e+00 1.505575253070243202e-02
2.387464398362217466e+00 1.440977192480198503e-02
2.403172361630166343e+00 1.400603404611420674e-02
2.418880324898115219e+00 1.364634029964691304e-02
2.434588288166064096e+00 1.306642589207719467e-02
2.450296251434013417e+00 1.265534732468600113e-02
2.466004214701962294e+00 1.185521225601385807e-02
2.481712177969911171e+00 1.176712399157288716e-02
2.497420141237860047e+00 1.161296952880119110e-02
2.513128104505809368e+00 1.141477093380901045e-02
2.528836067773758245e+00 1.156158470787729126e-02
2.544544031041707122e+00 1.165701366102167569e-02
2.560251994309655998e+00 1.187723432212410037e-02
2.575959957577604875e+00 1.201670740748896939e-02
2.591667920845554196e+00 1.228097220081187865e-02
2.607375884113503073e+00 1.242044528617674941e-02
2.623083847381451950e+00 1.248651148450747629e-02
2.638791810649400826e+00 1.251587423932113211e-02
2.654499773917350147e+00 1.234703839914260554e-02
2.670207737185299024e+00 1.228097220081188039e-02
2.685915700453247901e+00 1.225895013470163809e-02
2.701623663721196777e+00 1.208277360581969800e-02
2.717331626989145654e+00 1.200202603008214235e-02
2.733039590257094531e+00 1.172307985935240431e-02
2.748747553525043852e+00 1.119455027270658577e-02
2.764455516792992729e+00 1.071006481828125009e-02
2.780163480060941605e+00 9.983336636643249176e-03
2.795871443328890482e+00 9.542895314438399820e-03
2.811579406596839803e+00 8.757441623173087275e-03
2.827287369864788680e+00 7.847196223949731014e-03
2.842995333132737557e+00 7.017698400463931278e-03
2.858703296400686433e+00 6.335014351046415818e-03
2.874411259668635310e+00 5.718396499959625505e-03
2.890119222936584187e+00 4.910920742584068063e-03
2.905827186204533508e+00 4.118126362615340263e-03
2.921535149472482384e+00 3.567574709859279002e-03
2.937243112740431261e+00 3.090429944137359011e-03
2.952951076008380138e+00 2.730736197670065313e-03
2.968659039276329459e+00 2.415086583423256637e-03
2.984367002544278336e+00 1.996667327328650009e-03
3.000074965812227212e+00 1.703039779192083844e-03
3.015782929080176089e+00 1.482819118089659166e-03
3.031490892348124966e+00 1.203872947359921342e-03
3.047198855616073843e+00 9.249267766301835173e-04
3.062906818884023163e+00 6.386399171970314143e-04
3.078614782151972040e+00 4.551226996116775883e-04
3.094322745419920917e+00 3.670344351707077062e-04
3.110030708687869794e+00 3.303309916536369627e-04
3.125738671955818671e+00 2.862868594331519946e-04
