-1.460183660255166826e-04 0.000000000000000000e+00
1.556194490192345029e-02 0.000000000000000000e+00
3.126990816987241378e-02 0.000000000000000000e+00
4.697787143782138769e-02 0.000000000000000000e+00
6.268583470577035466e-02 0.000000000000000000e+00
7.839379797371931469e-02 0.000000000000000000e+00
9.410176124166827472e-02 0.000000000000000000e+00
1.098097245096172625e-01 0.000000000000000000e+00
1.255176877775662225e-01 0.000000000000000000e+00
1.412256510455151548e-01 0.000000000000000000e+00
1.569336143134641426e-01 0.000000000000000000e+00
1.726415775814131304e-01 0.000000000000000000e+00
1.883495408493620626e-01 0.000000000000000000e+00
2.040575041173110504e-01 0.000000000000000000e+00
2.197654673852600382e-01 0.000000000000000000e+00
2.354734306532089705e-01 0.000000000000000000e+00
2.511813939211579583e-01 0.000000000000000000e+00
2.668893571891068905e-01 0.000000000000000000e+00
2.825973204570558783e-01 0.000000000000000000e+00
2.983052837250048661e-01 0.000000000000000000e+00
3.140132469929537984e-01 0.000000000000000000e+00
3.297212102609027862e-01 0.000000000000000000e+00
3.454291735288517184e-01 0.000000000000000000e+00
3.611371367968007062e-01 0.000000000000000000e+00
3.768451000647496940e-01 0.000000000000000000e+00
3.925530633326986818e-01 0.000000000000000000e+00
4.082610266006476141e-01 0.000000000000000000e+00
4.239689898685966019e-01 0.000000000000000000e+00
4.396769531365455341e-01 0.000000000000000000e+00
4.553849164044945219e-01 0.000000000000000000e+00
4.710928796724435097e-01 0.000000000000000000e+00
4.868008429403924420e-01 0.000000000000000000e+00
5.025088062083413742e-01 0.000000000000000000e+00
5.182167694762904731e-01 0.000000000000000000e+00
5.339247327442393498e-01 0.000000000000000000e+00
5.496326960121882266e-01 0.000000000000000000e+00
5.653406592801373254e-01 0.000000000000000000e+00
5.810486225480862021e-01 0.000000000000000000e+00
5.967565858160353010e-01 0.000000000000000000e+00
6.124645490839841777e-01 0.000000000000000000e+00
6.281725123519330545e-01 0.000000000000000000e+00
6.438804756198821533e-01 0.000000000000000000e+00
6.595884388878310300e-01 0.000000000000000000e+00
6.752964021557801289e-01 0.000000000000000000e+00
6.910043654237290056e-01 0.000000000000000000e+00
7.067123286916779934e-01 0.000000000000000000e+00
7.224202919596269812e-01 0.000000000000000000e+00
7.381282552275758579e-01 0.000000000000000000e+00
7.538362184955249568e-01 0.000000000000000000e+00
7.695441817634738335e-01 0.000000000000000000e+00
7.852521450314228213e-01 0.000000000000000000e+00
8.009601082993718091e-01 0.000000000000000000e+00
8.166680715673206858e-01 0.000000000000000000e+00
8.323760348352697847e-01 0.000000000000000000e+00
8.480839981032186614e-01 0.000000000000000000e+00
8.637919613711677602e-01 0.000000000000000000e+00
8.794999246391166370e-01 0.000000000000000000e+00
8.952078879070655137e-01 0.000000000000000000e+00
9.109158511750146126e-01 0.000000000000000000e+00
9.266238144429634893e-01 0.000000000000000000e+00
9.423317777109125881e-01 0.000000000000000000e+00
9.580397409788614649e-01 1.468137740682830689e-05
9.737477042468103416e-01 2.936275481365661379e-05
9.894556675147594405e-01 6.606619833072738441e-05
1.005163630782708317e+00 1.027696418477981550e-04
1.020871594050657194e+00 1.247917079580406255e-04
1.036579557318606293e+00 1.541544627716972529e-04
1.052287520586555392e+00 2.275613498058387941e-04
1.067995483854504268e+00 2.789461707297378242e-04
1.083703447122453145e+00 3.963971899843643336e-04
1.099411410390402022e+00 5.065075205355766726e-04
1.115119373658351121e+00 6.973654268243445606e-04
1.130827336926300219e+00 9.469488427404258116e-04
1.146535300194249096e+00 1.255257768283820317e-03
1.162243263462197973e+00 1.651654958268184434e-03
1.177951226730146850e+00 2.092096280473033573e-03
1.193659189998095949e+00 2.407745894719842249e-03
1.209367153266045047e+00 2.796802396000792629e-03
1.225075116533993924e+00 3.039045123213460035e-03
1.240783079801942801e+00 3.215221652095399691e-03
1.256491043069891678e+00 3.369376114867096619e-03
1.272199006337840776e+00 3.406079558384167254e-03
1.287906969605789875e+00 3.376716803570511006e-03
1.303614932873738752e+00 3.310650605239783689e-03
1.319322896141687629e+00 3.207880963391985304e-03
1.335030859409636728e+00 3.083089255433945058e-03
1.350738822677585604e+00 2.899572037848591015e-03
1.366446785945534703e+00 2.657329310635924476e-03
1.382154749213483580e+00 2.312316941575458685e-03
1.397862712481432457e+00 2.048052148252548551e-03
1.413570675749381556e+00 1.813150109743295966e-03
1.429278639017330432e+00 1.519522561606730018e-03
1.444986602285279531e+00 1.336005344021375975e-03
1.460694565553228408e+00 1.203872947359921342e-03
1.476402528821177285e+00 1.079081239401880662e-03
1.492110492089126383e+00 1.013015041071153345e-03
1.507818455357075260e+00 8.955640218165267273e-04
1.523526418625024359e+00 8.074757573755568995e-04
1.539234381892973236e+00 8.221571347823852403e-04
1.554942345160922113e+00 7.634316251550720940e-04
1.570650308428871211e+00 7.854536912653144968e-04
1.586358271696820088e+00 7.267281816380013505e-04
1.602066234964769187e+00 8.735419557062844330e-04
1.617774198232718064e+00 9.029047105199408977e-04
1.633482161500666940e+00 1.057059173291638151e-03
1.649190124768616039e+00 1.064399861995052104e-03
1.664898088036564916e+00 1.130466060325779854e-03
1.680606051304514015e+00 1.211213636063335295e-03
1.696314014572462892e+00 1.409412231055517462e-03
1.712021977840411768e+00 1.497500495496487507e-03
1.727729941108360867e+00 1.835172175853538694e-03
1.743437904376309966e+00 1.901238374184265794e-03
1.759145867644258843e+00 2.136140412693519029e-03
1.774853830912207719e+00 2.385723828609599955e-03
1.790561794180156596e+00 2.730736197670065313e-03
1.806269757448105695e+00 3.053726500620288376e-03
1.821977720716054794e+00 3.398738869680753734e-03
1.837685683984003671e+00 3.861202257995845384e-03
1.853393647251952547e+00 4.345687712421179329e-03
1.869101610519901424e+00 4.932942808694311225e-03
1.884809573787850523e+00 5.468813084043545013e-03
1.900517537055799622e+00 5.872550962731323300e-03
1.916225500323748498e+00 6.613960521776152991e-03
1.931933463591697375e+00 7.252600438973184731e-03
1.947641426859646252e+00 7.810492780432659946e-03
1.963349390127595351e+00 8.603287160401387745e-03
1.979057353395544450e+00 9.608961512769128438e-03
1.994765316663493326e+00 1.082751583753587682e-02
2.010473279931442203e+00 1.224426875729480932e-02
2.026181243199391080e+00 1.350686721428204229e-02
2.041889206467340401e+00 1.453456363276002528e-02
2.057597169735289278e+00 1.601004206214626940e-02
2.073305133003238154e+00 1.784521423799980896e-02
2.089013096271187031e+00 1.910781269498704193e-02
2.104721059539135908e+00 2.024561944401623639e-02
2.120429022807084785e+00 2.091362211602692395e-02
2.136136986075034105e+00 2.182386751525028021e-02
2.151844949342982982e+00 2.264602465003266382e-02
2.167552912610931859e+00 2.316721354797507057e-02
2.183260875878880736e+00 2.299103701909313222e-02
2.198968839146830057e+00 2.270475015965997892e-02
2.214676802414778933e+00 2.220558332782781447e-02
2.230384765682727810e+00 2.183854889265710378e-02
2.246092728950676687e+00 2.075212696455181263e-02
2.261800692218625564e+00 2.010614635865137084e-02
2.277508655486574440e+00 1.893897685480851883e-02
2.293216618754523761e+00 1.787457699281346651e-02
2.308924582022472638e+00 1.681751781952182945e-02
2.324632545290421515e+00 1.620089996843503827e-02
2.340340508558370392e+00 1.527597319180485497e-02
2.356048471826319712e+00 1.476946567126927699e-02
2.371756435094268589e+00 1.392528647037664935e-02
2.387464398362217466e+00 1.344814170465472893e-02
2.403172361630166343e+00 1.310312933559426400e-02
2.418880324898115219e+00 1.277279834394062785e-02
2.434588288166064096e+00 1.242044528617674941e-02
2.450296251434013417e+00 1.243512666358357818e-02
2.466004214701962294e+00 1.217820255896408070e-02
2.481712177969911171e+00 1.231767564432894972e-02
2.497420141237860047e+00 1.203872947359920995e-02
2.513128104505809368e+00 1.186989363342068685e-02
2.528836067773758245e+00 1.204607016230262520e-02
2.544544031041707122e+00 1.192861914304800021e-02
2.560251994309655998e+00 1.180382743508995996e-02
2.575959957577604875e+00 1.195064120915824424e-02
2.591667920845554196e+00 1.196532258656507128e-02
2.607375884113503073e+00 1.212681773804018259e-02
2.623083847381451950e+00 1.215618049285384014e-02
2.638791810649400826e+00 1.222958737988798054e-02
2.654499773917350147e+00 1.239108253136309186e-02
2.670207737185299024e+00 1.223692806859139406e-02
2.685915700453247901e+00 1.207543291711628275e-02
2.701623663721196777e+00 1.193595983175141373e-02
2.717331626989145654e+00 1.188457501082751389e-02
2.733039590257094531e+00 1.180382743508995996e-02
2.748747553525043852e+00 1.130466060325779724e-02
2.764455516792992729e+00 1.080549377142563452e-02
2.780163480060941605e+00 1.043111864755151379e-02
2.795871443328890482e+00 9.777797352947653273e-03
2.811579406596839803e+00 9.102453992233548730e-03
2.827287369864788680e+00 8.272956168747751596e-03
2.842995333132737557e+00 7.406754901744881658e-03
2.858703296400686433e+00 6.672686031403466354e-03
2.874411259668635310e+00 5.703715122552798465e-03
2.890119222936584187e+00 4.918261431287483318e-03
2.905827186204533508e+00 4.272280825387038058e-03
2.921535149472482384e+00 3.567574709859278135e-03
2.937243112740431261e+00 2.972978924882732285e-03
2.952951076008380138e+00 2.451790026940327272e-03
2.968659039276329459e+00 2.018689393438892737e-03
2.984367002544278336e+00 1.769105977522810944e-03
3.000074965812227212e+00 1.556226005123800653e-03
3.015782929080176089e+00 1.291961211800891169e-03
3.031490892348124966e+00 1.049718484588223980e-03
3.047198855616073843e+00 8.515198895960420303e-04
3.062906818884023163e+00 6.753433607141022662e-04
3.078614782151972040e+00 5.211888979424050133e-04
3.094322745419920917e+00 3.743751238741218766e-04
3.110030708687869794e+00 2.789461707297378784e-04
3.125738671955818671e+00 2.716054820263237080e-04
