7.853981633974483484e-03 0.000000000000000000e+00
2.356194490192345045e-02 0.000000000000000000e+00
3.926990816987241395e-02 0.000000000000000000e+00
5.497787143782138786e-02 0.000000000000000000e+00
7.068583470577034789e-02 0.000000000000000000e+00
8.639379797371932179e-02 0.000000000000000000e+00
1.021017612416682818e-01 0.000000000000000000e+00
1.178097245096172557e-01 0.000000000000000000e+00
1.335176877775662296e-01 0.000000000000000000e+00
1.492256510455151619e-01 0.000000000000000000e+00
1.649336143134641497e-01 0.000000000000000000e+00
1.806415775814131375e-01 0.000000000000000000e+00
1.963495408493620697e-01 0.000000000000000000e+00
2.120575041173110575e-01 0.000000000000000000e+00
2.277654673852600453e-01 0.000000000000000000e+00
2.434734306532089776e-01 0.000000000000000000e+00
2.591813939211579654e-01 0.000000000000000000e+00
2.748893571891068976e-01 0.000000000000000000e+00
2.905973204570558854e-01 0.000000000000000000e+00
3.063052837250048732e-01 0.000000000000000000e+00
3.220132469929538055e-01 0.000000000000000000e+00
3.377212102609027933e-01 0.000000000000000000e+00
3.534291735288517255e-01 0.000000000000000000e+00
3.691371367968007133e-01 0.000000000000000000e+00
3.848451000647497011e-01 0.000000000000000000e+00
4.005530633326986889e-01 0.000000000000000000e+00
4.162610266006476212e-01 0.000000000000000000e+00
4.319689898685966090e-01 0.000000000000000000e+00
4.476769531365455412e-01 0.000000000000000000e+00
4.633849164044945290e-01 0.000000000000000000e+00
4.790928796724435168e-01 0.000000000000000000e+00
4.948008429403924491e-01 0.000000000000000000e+00
5.105088062083413813e-01 0.000000000000000000e+00
5.262167694762904802e-01 0.000000000000000000e+00
5.419247327442393569e-01 0.000000000000000000e+00
5.576326960121882337e-01 0.000000000000000000e+00
5.733406592801373325e-01 0.000000000000000000e+00
5.890486225480862092e-01 0.000000000000000000e+00
6.047565858160353081e-01 0.000000000000000000e+00
6.204645490839841848e-01 0.000000000000000000e+00
6.361725123519330616e-01 0.000000000000000000e+00
6.518804756198821604e-01 0.000000000000000000e+00
6.675884388878310371e-01 0.000000000000000000e+00
6.832964021557801360e-01 0.000000000000000000e+00
6.990043654237290127e-01 0.000000000000000000e+00
7.147123286916780005e-01 0.000000000000000000e+00
7.304202919596269883e-01 0.000000000000000000e+00
7.461282552275758650e-01 0.000000000000000000e+00
7.618362184955249639e-01 0.000000000000000000e+00
7.775441817634738406e-01 0.000000000000000000e+00
7.932521450314228284e-01 0.000000000000000000e+00
8.089601082993718162e-01 0.000000000000000000e+00
8.246680715673206929e-01 0.000000000000000000e+00
8.403760348352697918e-01 0.000000000000000000e+00
8.560839981032186685e-01 0.000000000000000000e+00
8.717919613711677673e-01 0.000000000000000000e+00
8.874999246391166441e-01 0.000000000000000000e+00
9.032078879070655208e-01 2.200002200002199367e-06
9.189158511750146197e-01 2.200002200002199367e-06
9.346238144429634964e-01 2.200002200002199367e-06
9.503317777109125952e-01 5.133338466671798805e-06
9.660397409788614720e-01 6.600006600006598948e-06
9.817477042468103487e-01 1.026667693334359930e-05
9.974556675147594476e-01 1.686668353335019825e-05
1.013163630782708324e+00 3.813337146670479693e-05
1.028871594050657201e+00 6.013339346672678552e-05
1.044579557318606300e+00 9.020009020009019183e-05
1.060287520586555399e+00 1.276001276001275785e-04
1.075995483854504275e+00 1.679335012668345926e-04
1.091703447122453152e+00 2.456669123335790341e-04
1.107411410390402029e+00 3.468670135336801965e-04
1.123119373658351128e+00 4.612671279337945398e-04
1.138827336926300227e+00 5.661338994672327060e-04
1.154535300194249103e+00 6.966673633340299526e-04
1.170243263462197980e+00 8.389341722675055461e-04
1.185951226730146857e+00 9.922009922009923134e-04
1.201659189998095956e+00 1.128601128601128571e-03
1.217367153266045054e+00 1.254001254001253871e-03
1.233075116533993931e+00 1.381601381601381667e-03
1.248783079801942808e+00 1.479134812468145717e-03
1.264491043069891685e+00 1.559068225734892192e-03
1.280199006337840784e+00 1.615534948868282191e-03
1.295906969605789882e+00 1.634601634601634546e-03
1.311614932873738759e+00 1.659534992868326019e-03
1.327322896141687636e+00 1.627268293934960430e-03
1.343030859409636735e+00 1.579601579601579110e-03
1.358738822677585611e+00 1.527534860868193884e-03
1.374446785945534710e+00 1.474734808068141377e-03
1.390154749213483587e+00 1.416801416801416816e-03
1.405862712481432464e+00 1.339068005734672401e-03
1.421570675749381563e+00 1.236401236401236297e-03
1.437278639017330439e+00 1.202667869334535927e-03
1.452986602285279538e+00 1.122734456067789235e-03
1.468694565553228415e+00 1.061867728534395114e-03
1.484402528821177292e+00 9.848676515343179807e-04
1.500110492089126391e+00 9.320675987342652569e-04
1.515818455357075267e+00 9.335342668676000367e-04
1.531526418625024366e+00 9.474676141342808786e-04
1.547234381892973243e+00 9.064009064009062849e-04
1.562942345160922120e+00 9.188675855342521301e-04
1.578650308428871218e+00 9.636009636009634565e-04
1.594358271696820095e+00 9.885343218676552555e-04
1.610066234964769194e+00 1.031801031801031585e-03
1.625774198232718071e+00 1.096334429667762981e-03
1.641482161500666948e+00 1.149134482467815705e-03
1.657190124768616046e+00 1.281134614467947840e-03
1.672898088036564923e+00 1.396268062934729465e-03
1.688606051304514022e+00 1.514334847668180866e-03
1.704314014572462899e+00 1.711601711601711245e-03
1.720021977840411775e+00 1.886135219468552645e-03
1.735729941108360874e+00 2.098802098802098753e-03
1.751437904376309973e+00 2.345935679269012947e-03
1.767145867644258850e+00 2.571069237735904792e-03
1.782853830912207727e+00 2.841669508336174595e-03
1.798561794180156603e+00 3.149669816336482693e-03
1.814269757448105702e+00 3.469403469403469029e-03
1.829977720716054801e+00 3.783270449937116246e-03
1.845685683984003678e+00 4.142604142604142288e-03
1.861393647251952554e+00 4.554004554004553555e-03
1.877101610519901431e+00 5.014538347871680922e-03
1.892809573787850530e+00 5.434738768072100434e-03
1.908517537055799629e+00 5.936339269672602503e-03
1.924225500323748506e+00 6.525206525206525381e-03
1.939933463591697382e+00 7.152940486273818947e-03
1.955641426859646259e+00 7.834941168274500017e-03
1.971349390127595358e+00 8.561675228341895233e-03
1.987057353395544457e+00 9.353676020342685873e-03
2.002765316663493333e+00 1.015301015301015367e-02
2.018473279931442210e+00 1.100661100661100636e-02
2.034181243199391087e+00 1.190567857234523831e-02
2.049889206467340408e+00 1.278787945454612149e-02
2.065597169735289285e+00 1.374121374121374181e-02
2.081305133003238161e+00 1.470628137294803864e-02
2.097013096271187038e+00 1.544474877808211036e-02
2.112721059539135915e+00 1.652934986268319445e-02
2.128429022807084792e+00 1.739468406135072712e-02
2.144136986075034113e+00 1.808035141368474763e-02
2.159844949342982989e+00 1.867215200548533877e-02
2.175552912610931866e+00 1.914368581035247666e-02
2.191260875878880743e+00 1.941208607875274592e-02
2.206968839146830064e+00 1.958148624815291700e-02
2.222676802414778940e+00 1.937321937321937609e-02
2.238384765682727817e+00 1.919575252908586188e-02
2.254092728950676694e+00 1.891708558375224808e-02
2.269800692218625571e+00 1.848148514815181262e-02
2.285508655486574447e+00 1.804588471255138063e-02
2.301216618754523768e+00 1.757728424395091013e-02
2.316924582022472645e+00 1.713948380615046979e-02
2.332632545290421522e+00 1.683221683221683071e-02
2.348340508558370399e+00 1.642448309114975455e-02
2.364048471826319719e+00 1.599181599181598995e-02
2.379756435094268596e+00 1.562441562441562772e-02
2.395464398362217473e+00 1.533548200214866764e-02
2.411172361630166350e+00 1.515434848768182005e-02
2.426880324898115227e+00 1.485808152474818976e-02
2.442588288166064103e+00 1.457574790908124432e-02
2.458296251434013424e+00 1.449068115734782405e-02
2.474004214701962301e+00 1.426334759668093123e-02
2.489712177969911178e+00 1.421494754828088111e-02
2.505420141237860054e+00 1.408148074814741593e-02
2.521128104505809375e+00 1.405728072394739001e-02
2.536836067773758252e+00 1.402354735688069245e-02
2.552544031041707129e+00 1.402648069314736158e-02
2.568251994309656006e+00 1.402868069534736126e-02
2.583959957577604882e+00 1.411521411521411348e-02
2.599667920845554203e+00 1.435648102314768769e-02
2.615375884113503080e+00 1.448921448921448862e-02
2.631083847381451957e+00 1.445988112654779389e-02
2.646791810649400833e+00 1.458381458381458398e-02
2.662499773917350154e+00 1.452441452441452507e-02
2.678207737185299031e+00 1.442028108694775636e-02
2.693915700453247908e+00 1.421274754608087797e-02
2.709623663721196785e+00 1.387761387761387785e-02
2.725331626989145661e+00 1.348821348821348763e-02
2.741039590257094538e+00 1.306581306581306411e-02
2.756747553525043859e+00 1.261627928294594900e-02
2.772455516792992736e+00 1.215354548687882022e-02
2.788163480060941612e+00 1.149427816094482704e-02
2.803871443328890489e+00 1.083134416467749703e-02
2.819579406596839810e+00 1.013541013541013544e-02
2.835287369864788687e+00 9.366876033542701277e-03
2.850995333132737564e+00 8.406941740275074987e-03
2.866703296400686440e+00 7.601007601007600360e-03
2.882411259668635317e+00 6.721740055073388911e-03
2.898119222936584194e+00 5.868139201472535350e-03
2.913827186204533515e+00 5.178805178805178863e-03
2.929535149472482392e+00 4.435204435204434872e-03
2.945243112740431268e+00 3.772270438937105289e-03
2.960951076008380145e+00 3.291936625269958720e-03
2.976659039276329466e+00 2.761002761002760621e-03
2.992367002544278343e+00 2.281402281402280900e-03
3.008074965812227219e+00 1.924268590935257570e-03
3.023782929080176096e+00 1.632401632401632484e-03
3.039490892348124973e+00 1.342734676068009243e-03
3.055198855616073850e+00 1.092667759334425923e-03
3.070906818884023171e+00 8.778008778008777532e-04
3.086614782151972047e+00 6.732006732006731503e-04
3.102322745419920924e+00 5.536672203338870776e-04
3.118030708687869801e+00 4.781338114671448329e-04
3.133738671955818678e+00 4.429337762671095753e-04
