7.853981633974483484e-03 0.000000000000000000e+00
2.356194490192345045e-02 0.000000000000000000e+00
3.926990816987241395e-02 0.000000000000000000e+00
5.497787143782138786e-02 0.000000000000000000e+00
7.068583470577034789e-02 0.000000000000000000e+00
8.639379797371932179e-02 0.000000000000000000e+00
1.021017612416682818e-01 0.000000000000000000e+00
1.178097245096172557e-01 0.000000000000000000e+00
1.335176877775662296e-01 0.000000000000000000e+00
1.492256510455151619e-01 0.000000000000000000e+00
1.649336143134641497e-01 0.000000000000000000e+00
1.806415775814131375e-01 0.000000000000000000e+00
1.963495408493620697e-01 0.000000000000000000e+00
2.120575041173110575e-01 0.000000000000000000e+00
2.277654673852600453e-01 0.000000000000000000e+00
2.434734306532089776e-01 0.000000000000000000e+00
2.591813939211579654e-01 0.000000000000000000e+00
2.748893571891068976e-01 0.000000000000000000e+00
2.905973204570558854e-01 0.000000000000000000e+00
3.063052837250048732e-01 0.000000000000000000e+00
3.220132469929538055e-01 0.000000000000000000e+00
3.377212102609027933e-01 0.000000000000000000e+00
3.534291735288517255e-01 0.000000000000000000e+00
3.691371367968007133e-01 0.000000000000000000e+00
3.848451000647497011e-01 0.000000000000000000e+00
4.005530633326986889e-01 0.000000000000000000e+00
4.162610266006476212e-01 0.000000000000000000e+00
4.319689898685966090e-01 0.000000000000000000e+00
4.476769531365455412e-01 0.000000000000000000e+00
4.633849164044945290e-01 0.000000000000000000e+00
4.790928796724435168e-01 0.000000000000000000e+00
4.948008429403924491e-01 0.000000000000000000e+00
5.105088062083413813e-01 0.000000000000000000e+00
5.262167694762904802e-01 0.000000000000000000e+00
5.419247327442393569e-01 0.000000000000000000e+00
5.576326960121882337e-01 0.000000000000000000e+00
5.733406592801373325e-01 0.000000000000000000e+00
5.890486225480862092e-01 0.000000000000000000e+00
6.047565858160353081e-01 0.000000000000000000e+00
6.204645490839841848e-01 0.000000000000000000e+00
6.361725123519330616e-01 0.000000000000000000e+00
6.518804756198821604e-01 0.000000000000000000e+00
6.675884388878310371e-01 0.000000000000000000e+00
6.832964021557801360e-01 0.000000000000000000e+00
6.990043654237290127e-01 0.000000000000000000e+00
7.147123286916780005e-01 0.000000000000000000e+00
7.304202919596269883e-01 0.000000000000000000e+00
7.461282552275758650e-01 0.000000000000000000e+00
7.618362184955249639e-01 0.000000000000000000e+00
7.775441817634738406e-01 0.000000000000000000e+00
7.932521450314228284e-01 0.000000000000000000e+00
8.089601082993718162e-01 0.000000000000000000e+00
8.246680715673206929e-01 0.000000000000000000e+00
8.403760348352697918e-01 0.000000000000000000e+00
8.560839981032186685e-01 0.000000000000000000e+00
8.717919613711677673e-01 0.000000000000000000e+00
8.874999246391166441e-01 0.000000000000000000e+00
9.032078879070655208e-01 0.000000000000000000e+00
9.189158511750146197e-01 0.000000000000000000e+00
9.346238144429634964e-01 0.000000000000000000e+00
9.503317777109125952e-01 0.000000000000000000e+00
9.660397409788614720e-01 0.000000000000000000e+00
9.817477042468103487e-01 0.000000000000000000e+00
9.974556675147594476e-01 0.000000000000000000e+00
1.013163630782708324e+00 0.000000000000000000e+00
1.028871594050657201e+00 0.000000000000000000e+00
1.044579557318606300e+00 0.000000000000000000e+00
1.060287520586555399e+00 0.000000000000000000e+00
1.075995483854504275e+00 0.000000000000000000e+00
1.091703447122453152e+00 0.000000000000000000e+00
1.107411410390402029e+00 0.000000000000000000e+00
1.123119373658351128e+00 0.000000000000000000e+00
1.138827336926300227e+00 0.000000000000000000e+00
1.154535300194249103e+00 0.000000000000000000e+00
1.170243263462197980e+00 2.200002200002199367e-06
1.185951226730146857e+00 2.200002200002199367e-06
1.201659189998095956e+00 2.933336266669599438e-06
1.217367153266045054e+00 2.933336266669599438e-06
1.233075116533993931e+00 3.666670333336999510e-06
1.248783079801942808e+00 4.400004400004399581e-06
1.264491043069891685e+00 1.026667693334359761e-05
1.280199006337840784e+00 1.026667693334359761e-05
1.295906969605789882e+00 1.466668133334799804e-05
1.311614932873738759e+00 1.760001760001759832e-05
1.327322896141687636e+00 1.980001980001979854e-05
1.343030859409636735e+00 2.420002420002419897e-05
1.358738822677585611e+00 2.786669453336120271e-05
1.374446785945534710e+00 2.420002420002419897e-05
1.390154749213483587e+00 2.786669453336120271e-05
1.405862712481432464e+00 2.640002640002639918e-05
1.421570675749381563e+00 3.006669673336339954e-05
1.437278639017330439e+00 3.300003300003299304e-05
1.452986602285279538e+00 3.446670113336779996e-05
1.468694565553228415e+00 4.400004400004399750e-05
1.484402528821177292e+00 5.866672533339199215e-05
1.500110492089126391e+00 7.260007260007260367e-05
1.515818455357075267e+00 9.753343086676418577e-05
1.531526418625024366e+00 1.217334550667883915e-04
1.547234381892973243e+00 1.430001430001430105e-04
1.562942345160922120e+00 1.598668265334931952e-04
1.578650308428871218e+00 1.899335232668566151e-04
1.594358271696820095e+00 2.090002090002089695e-04
1.610066234964769194e+00 2.442002442002442000e-04
1.625774198232718071e+00 2.720669387336053418e-04
1.641482161500666948e+00 3.175336508669842207e-04
1.657190124768616046e+00 3.666670333336999950e-04
1.672898088036564923e+00 4.253337586670920549e-04
1.688606051304514022e+00 4.869338202671535660e-04
1.704314014572462899e+00 5.954672621339287359e-04
1.720021977840411775e+00 6.930006930006930030e-04
1.735729941108360874e+00 8.154674821341488522e-04
1.751437904376309973e+00 9.401342734676068711e-04
1.767145867644258850e+00 1.137401137401137467e-03
1.782853830912207727e+00 1.323667990334657105e-03
1.798561794180156603e+00 1.539268205934872557e-03
1.814269757448105702e+00 1.839201839201839040e-03
1.829977720716054801e+00 2.114935448268781115e-03
1.845685683984003678e+00 2.510202510202510021e-03
1.861393647251952554e+00 2.902536235869568933e-03
1.877101610519901431e+00 3.339603339603339389e-03
1.892809573787850530e+00 3.826537159870493227e-03
1.908517537055799629e+00 4.427137760471093475e-03
1.924225500323748506e+00 5.120871787538453651e-03
1.939933463591697382e+00 5.915072581739248304e-03
1.955641426859646259e+00 6.759140092473424170e-03
1.971349390127595358e+00 7.686074352741019758e-03
1.987057353395544457e+00 8.706875373542038651e-03
2.002765316663493333e+00 9.796609796609796750e-03
2.018473279931442210e+00 1.102494435827769056e-02
2.034181243199391087e+00 1.226501226501226435e-02
2.049889206467340408e+00 1.343248009914676556e-02
2.065597169735289285e+00 1.464468131134797832e-02
2.081305133003238161e+00 1.609668276334943332e-02
2.097013096271187038e+00 1.724141724141724230e-02
2.112721059539135915e+00 1.862595195928529179e-02
2.128429022807084792e+00 1.965701965701965870e-02
2.144136986075034113e+00 2.065508732175399056e-02
2.159844949342982989e+00 2.133268799935466448e-02
2.175552912610931866e+00 2.203228869895536637e-02
2.191260875878880743e+00 2.226548893215559571e-02
2.206968839146830064e+00 2.241802241802241455e-02
2.222676802414778940e+00 2.229775563108896477e-02
2.238384765682727817e+00 2.212688879355545826e-02
2.254092728950676694e+00 2.159742159742159689e-02
2.269800692218625571e+00 2.108848775515441767e-02
2.285508655486574447e+00 2.045048711715378303e-02
2.301216618754523768e+00 1.968121968121968116e-02
2.316924582022472645e+00 1.895081895081894910e-02
2.332632545290421522e+00 1.813755147088480513e-02
2.348340508558370399e+00 1.739028405695072083e-02
2.364048471826319719e+00 1.682855016188349734e-02
2.379756435094268596e+00 1.623821623821623469e-02
2.395464398362217473e+00 1.555768222434888992e-02
2.411172361630166350e+00 1.519174852508185791e-02
2.426880324898115227e+00 1.481994815328148765e-02
2.442588288166064103e+00 1.454421454421454298e-02
2.458296251434013424e+00 1.435648102314768769e-02
2.474004214701962301e+00 1.398981398981398970e-02
2.489712177969911178e+00 1.417901417901417868e-02
2.505420141237860054e+00 1.437481437481437710e-02
2.521128104505809375e+00 1.442688109354775886e-02
2.536836067773758252e+00 1.452661452661452648e-02
2.552544031041707129e+00 1.471728138394804916e-02
2.568251994309656006e+00 1.486688153354819887e-02
2.583959957577604882e+00 1.508981508981508887e-02
2.599667920845554203e+00 1.532374865708198940e-02
2.615375884113503080e+00 1.548948215614882364e-02
2.631083847381451957e+00 1.580188246854913325e-02
2.646791810649400833e+00 1.603801603801604039e-02
2.662499773917350154e+00 1.611721611721611547e-02
2.678207737185299031e+00 1.619788286454952944e-02
2.693915700453247908e+00 1.615388282054948735e-02
2.709623663721196785e+00 1.587374920708254158e-02
2.725331626989145661e+00 1.546748213414879912e-02
2.741039590257094538e+00 1.504434837768170961e-02
2.756747553525043859e+00 1.440561440561440552e-02
2.772455516792992736e+00 1.375808042474709059e-02
2.788163480060941612e+00 1.298587965254631785e-02
2.803871443328890489e+00 1.210661210661210727e-02
2.819579406596839810e+00 1.118701118701118796e-02
2.835287369864788687e+00 1.021901021901021854e-02
2.850995333132737564e+00 8.958408958408957401e-03
2.866703296400686440e+00 8.046141379474713515e-03
2.882411259668635317e+00 6.934406934406933502e-03
2.898119222936584194e+00 5.929005929005928821e-03
2.913827186204533515e+00 5.066605066605066147e-03
2.929535149472482392e+00 4.180737514070846997e-03
2.945243112740431268e+00 3.442270108936775711e-03
2.960951076008380145e+00 2.903269569936236215e-03
2.976659039276329466e+00 2.326135659468992443e-03
2.992367002544278343e+00 1.901535234868568375e-03
3.008074965812227219e+00 1.439534772868106445e-03
3.023782929080176096e+00 1.142534475867809304e-03
3.039490892348124973e+00 8.851342184675517607e-04
3.055198855616073850e+00 6.570673237339903555e-04
3.070906818884023171e+00 4.642004642004642079e-04
3.086614782151972047e+00 3.351336684670018495e-04
3.102322745419920924e+00 2.486002486002485937e-04
3.118030708687869801e+00 2.141335474668808073e-04
3.133738671955818678e+00 2.038668705335371588e-04
