7.853981633974483484e-03 0.000000000000000000e+00
2.356194490192345045e-02 0.000000000000000000e+00
3.926990816987241395e-02 0.000000000000000000e+00
5.497787143782138786e-02 0.000000000000000000e+00
7.068583470577034789e-02 0.000000000000000000e+00
8.639379797371932179e-02 0.000000000000000000e+00
1.021017612416682818e-01 0.000000000000000000e+00
1.178097245096172557e-01 0.000000000000000000e+00
1.335176877775662296e-01 0.000000000000000000e+00
1.492256510455151619e-01 0.000000000000000000e+00
1.649336143134641497e-01 0.000000000000000000e+00
1.806415775814131375e-01 0.000000000000000000e+00
1.963495408493620697e-01 0.000000000000000000e+00
2.120575041173110575e-01 0.000000000000000000e+00
2.277654673852600453e-01 0.000000000000000000e+00
2.434734306532089776e-01 0.000000000000000000e+00
2.591813939211579654e-01 0.000000000000000000e+00
2.748893571891068976e-01 0.000000000000000000e+00
2.905973204570558854e-01 0.000000000000000000e+00
3.063052837250048732e-01 0.000000000000000000e+00
3.220132469929538055e-01 0.000000000000000000e+00
3.377212102609027933e-01 0.000000000000000000e+00
3.534291735288517255e-01 0.000000000000000000e+00
3.691371367968007133e-01 0.000000000000000000e+00
3.848451000647497011e-01 0.000000000000000000e+00
4.005530633326986889e-01 0.000000000000000000e+00
4.162610266006476212e-01 0.000000000000000000e+00
4.319689898685966090e-01 0.000000000000000000e+00
4.476769531365455412e-01 0.000000000000000000e+00
4.633849164044945290e-01 0.000000000000000000e+00
4.790928796724435168e-01 0.000000000000000000e+00
4.948008429403924491e-01 0.000000000000000000e+00
5.105088062083413813e-01 0.000000000000000000e+00
5.262167694762904802e-01 0.000000000000000000e+00
5.419247327442393569e-01 0.000000000000000000e+00
5.576326960121882337e-01 0.000000000000000000e+00
5.733406592801373325e-01 0.000000000000000000e+00
5.890486225480862092e-01 0.000000000000000000e+00
6.047565858160353081e-01 0.000000000000000000e+00
6.204645490839841848e-01 0.000000000000000000e+00
6.361725123519330616e-01 0.000000000000000000e+00
6.518804756198821604e-01 0.000000000000000000e+00
6.675884388878310371e-01 0.000000000000000000e+00
6.832964021557801360e-01 0.000000000000000000e+00
6.990043654237290127e-01 0.000000000000000000e+00
7.147123286916780005e-01 0.000000000000000000e+00
7.304202919596269883e-01 0.000000000000000000e+00
7.461282552275758650e-01 0.000000000000000000e+00
7.618362184955249639e-01 0.000000000000000000e+00
7.775441817634738406e-01 0.000000000000000000e+00
7.932521450314228284e-01 0.000000000000000000e+00
8.089601082993718162e-01 0.000000000000000000e+00
8.246680715673206929e-01 0.000000000000000000e+00
8.403760348352697918e-01 0.000000000000000000e+00
8.560839981032186685e-01 0.000000000000000000e+00
8.717919613711677673e-01 0.000000000000000000e+00
8.874999246391166441e-01 0.000000000000000000e+00
9.032078879070655208e-01 0.000000000000000000e+00
9.189158511750146197e-01 0.000000000000000000e+00
9.346238144429634964e-01 0.000000000000000000e+00
9.503317777109125952e-01 0.000000000000000000e+00
9.660397409788614720e-01 0.000000000000000000e+00
9.817477042468103487e-01 0.000000000000000000e+00
9.974556675147594476e-01 0.000000000000000000e+00
1.013163630782708324e+00 0.000000000000000000e+00
1.028871594050657201e+00 0.000000000000000000e+00
1.044579557318606300e+00 0.000000000000000000e+00
1.060287520586555399e+00 0.000000000000000000e+00
1.075995483854504275e+00 0.000000000000000000e+00
1.091703447122453152e+00 0.000000000000000000e+00
1.107411410390402029e+00 0.000000000000000000e+00
1.123119373658351128e+00 0.000000000000000000e+00
1.138827336926300227e+00 0.000000000000000000e+00
1.154535300194249103e+00 0.000000000000000000e+00
1.170243263462197980e+00 0.000000000000000000e+00
1.185951226730146857e+00 0.000000000000000000e+00
1.201659189998095956e+00 0.000000000000000000e+00
1.217367153266045054e+00 0.000000000000000000e+00
1.233075116533993931e+00 0.000000000000000000e+00
1.248783079801942808e+00 0.000000000000000000e+00
1.264491043069891685e+00 0.000000000000000000e+00
1.280199006337840784e+00 3.010529326318800003e-06
1.295906969605789882e+00 3.010529326318800003e-06
1.311614932873738759e+00 3.010529326318800003e-06
1.327322896141687636e+00 3.010529326318800003e-06
1.343030859409636735e+00 3.010529326318800003e-06
1.358738822677585611e+00 3.010529326318800003e-06
1.374446785945534710e+00 3.010529326318800427e-06
1.390154749213483587e+00 3.010529326318800003e-06
1.405862712481432464e+00 4.515793989478200216e-06
1.421570675749381563e+00 1.204211730527520001e-05
1.437278639017330439e+00 1.806317595791280087e-05
1.452986602285279538e+00 2.408423461055039664e-05
1.468694565553228415e+00 2.860002860002860278e-05
1.484402528821177292e+00 3.913688124214440131e-05
1.500110492089126391e+00 4.214741056846319411e-05
1.515818455357075267e+00 5.117899854741960640e-05
1.531526418625024366e+00 4.666320455794140365e-05
1.547234381892973243e+00 5.268426321057900281e-05
1.562942345160922120e+00 6.021058652637600514e-05
1.578650308428871218e+00 7.526323315796999626e-05
1.594358271696820095e+00 9.633693844220161365e-05
1.610066234964769194e+00 9.934746776852040645e-05
1.625774198232718071e+00 1.068737910843174020e-04
1.641482161500666948e+00 1.716001716001716235e-04
1.657190124768616046e+00 2.212739054844317860e-04
1.672898088036564923e+00 2.709476393686920028e-04
1.688606051304514022e+00 3.146003146003146069e-04
1.704314014572462899e+00 3.597582544950965531e-04
1.720021977840411775e+00 4.124425177056755898e-04
1.735729941108360874e+00 4.681373102425734735e-04
1.751437904376309973e+00 5.253373674426305368e-04
1.767145867644258850e+00 5.990953359374411773e-04
1.782853830912207727e+00 7.315586262954682775e-04
1.798561794180156603e+00 8.444534760324234413e-04
1.814269757448105702e+00 9.498220024535812978e-04
1.829977720716054801e+00 1.062716852190536462e-03
1.845685683984003678e+00 1.270443375706533599e-03
1.861393647251952554e+00 1.431506694664589231e-03
1.877101610519901431e+00 1.636222688854267792e-03
1.892809573787850530e+00 1.830401830401830144e-03
1.908517537055799629e+00 2.176612702928491967e-03
1.924225500323748506e+00 2.512286722813038449e-03
1.939933463591697382e+00 2.834413360729149713e-03
1.955641426859646259e+00 3.240834819782188042e-03
1.971349390127595358e+00 3.724024776656355371e-03
1.987057353395544457e+00 4.208719998193681880e-03
2.002765316663493333e+00 4.708467866362602353e-03
2.018473279931442210e+00 5.224773645826278137e-03
2.034181243199391087e+00 5.932248037511194880e-03
2.049889206467340408e+00 6.767669925564661834e-03
2.065597169735289285e+00 7.585028637660215164e-03
2.081305133003238161e+00 8.421955790376842166e-03
2.097013096271187038e+00 9.162546004651269532e-03
2.112721059539135915e+00 1.021171547487336947e-02
2.128429022807084792e+00 1.124884282779019598e-02
2.144136986075034113e+00 1.222575959418064837e-02
2.159844949342982989e+00 1.325084482979219970e-02
2.175552912610931866e+00 1.432710906395117181e-02
2.191260875878880743e+00 1.544401544401544438e-02
2.206968839146830064e+00 1.649469017890070263e-02
2.222676802414778940e+00 1.750923856187013711e-02
2.238384765682727817e+00 1.846207109365003915e-02
2.254092728950676694e+00 1.933813512760881176e-02
2.269800692218625571e+00 1.993421993421993360e-02
2.285508655486574447e+00 2.060707323865218488e-02
2.301216618754523768e+00 2.093672619988409464e-02
2.316924582022472645e+00 2.118509486930539309e-02
2.332632545290421522e+00 2.122874754453701884e-02
2.348340508558370399e+00 2.122423175054754044e-02
2.364048471826319719e+00 2.121369489790542531e-02
2.379756435094268596e+00 2.087350508403140043e-02
2.395464398362217473e+00 2.053933632881001226e-02
2.411172361630166350e+00 2.017355701566227871e-02
2.426880324898115227e+00 1.978218820324083652e-02
2.442588288166064103e+00 1.945102997734576497e-02
2.458296251434013424e+00 1.904460851829272924e-02
2.474004214701962301e+00 1.818058660163923007e-02
2.489712177969911178e+00 1.785394416973364387e-02
2.505420141237860054e+00 1.727742780374359396e-02
2.521128104505809375e+00 1.692369060790113039e-02
2.536836067773758252e+00 1.656242708874287525e-02
2.552544031041707129e+00 1.607020554388975328e-02
2.568251994309656006e+00 1.560357349831034170e-02
2.583959957577604882e+00 1.534015218225744451e-02
2.599667920845554203e+00 1.514747830537304177e-02
2.615375884113503080e+00 1.481180428548849529e-02
2.631083847381451957e+00 1.446709867762499199e-02
2.646791810649400833e+00 1.435570909255119709e-02
2.662499773917350154e+00 1.434065644591960356e-02
2.678207737185299031e+00 1.429098271203534457e-02
2.693915700453247908e+00 1.429248797669850288e-02
2.709623663721196785e+00 1.425636162478267563e-02
2.725331626989145661e+00 1.417808786229838788e-02
2.741039590257094538e+00 1.430302482934061800e-02
2.756747553525043859e+00 1.435570909255119709e-02
2.772455516792992736e+00 1.416755100965627102e-02
2.788163480060941612e+00 1.411637201110885198e-02
2.803871443328890489e+00 1.391466654624549416e-02
2.819579406596839810e+00 1.371296108138213635e-02
2.835287369864788687e+00 1.347813979392926617e-02
2.850995333132737564e+00 1.307171833487622871e-02
2.866703296400686440e+00 1.276012854960223430e-02
2.882411259668635317e+00 1.241542294173872928e-02
2.898119222936584194e+00 1.182836972310656598e-02
2.913827186204533515e+00 1.133614817825344054e-02
2.929535149472482392e+00 1.063469484522116225e-02
2.945243112740431268e+00 1.010785221311536961e-02
2.960951076008380145e+00 9.419946262051524799e-03
2.976659039276329466e+00 8.658282342492868919e-03
2.992367002544278343e+00 7.743081427291953305e-03
3.008074965812227219e+00 6.975396449080658971e-03
3.023782929080176096e+00 6.203195676879886232e-03
3.039490892348124973e+00 5.434005434005433587e-03
3.055198855616073850e+00 4.559446664709821892e-03
3.070906818884023171e+00 3.721014247330036578e-03
3.086614782151972047e+00 2.801297538139643425e-03
3.102322745419920924e+00 2.271444376707535025e-03
3.118030708687869801e+00 1.869538711643975101e-03
3.133738671955818678e+00 1.779222831854410884e-03
