7.853981633974483484e-03 0.000000000000000000e+00
2.356194490192345045e-02 0.000000000000000000e+00
3.926990816987241395e-02 0.000000000000000000e+00
5.497787143782138786e-02 0.000000000000000000e+00
7.068583470577034789e-02 0.000000000000000000e+00
8.639379797371932179e-02 0.000000000000000000e+00
1.021017612416682818e-01 0.000000000000000000e+00
1.178097245096172557e-01 0.000000000000000000e+00
1.335176877775662296e-01 0.000000000000000000e+00
1.492256510455151619e-01 0.000000000000000000e+00
1.649336143134641497e-01 0.000000000000000000e+00
1.806415775814131375e-01 0.000000000000000000e+00
1.963495408493620697e-01 0.000000000000000000e+00
2.120575041173110575e-01 0.000000000000000000e+00
2.277654673852600453e-01 0.000000000000000000e+00
2.434734306532089776e-01 0.000000000000000000e+00
2.591813939211579654e-01 0.000000000000000000e+00
2.748893571891068976e-01 0.000000000000000000e+00
2.905973204570558854e-01 0.000000000000000000e+00
3.063052837250048732e-01 0.000000000000000000e+00
3.220132469929538055e-01 0.000000000000000000e+00
3.377212102609027933e-01 0.000000000000000000e+00
3.534291735288517255e-01 0.000000000000000000e+00
3.691371367968007133e-01 0.000000000000000000e+00
3.848451000647497011e-01 0.000000000000000000e+00
4.005530633326986889e-01 0.000000000000000000e+00
4.162610266006476212e-01 0.000000000000000000e+00
4.319689898685966090e-01 0.000000000000000000e+00
4.476769531365455412e-01 0.000000000000000000e+00
4.633849164044945290e-01 0.000000000000000000e+00
4.790928796724435168e-01 0.000000000000000000e+00
4.948008429403924491e-01 0.000000000000000000e+00
5.105088062083413813e-01 0.000000000000000000e+00
5.262167694762904802e-01 0.000000000000000000e+00
5.419247327442393569e-01 0.000000000000000000e+00
5.576326960121882337e-01 0.000000000000000000e+00
5.733406592801373325e-01 0.000000000000000000e+00
5.890486225480862092e-01 0.000000000000000000e+00
6.047565858160353081e-01 0.000000000000000000e+00
6.204645490839841848e-01 0.000000000000000000e+00
6.361725123519330616e-01 0.000000000000000000e+00
6.518804756198821604e-01 0.000000000000000000e+00
6.675884388878310371e-01 0.000000000000000000e+00
6.832964021557801360e-01 0.000000000000000000e+00
6.990043654237290127e-01 0.000000000000000000e+00
7.147123286916780005e-01 0.000000000000000000e+00
7.304202919596269883e-01 0.000000000000000000e+00
7.461282552275758650e-01 0.000000000000000000e+00
7.618362184955249639e-01 0.000000000000000000e+00
7.775441817634738406e-01 0.000000000000000000e+00
7.932521450314228284e-01 0.000000000000000000e+00
8.089601082993718162e-01 0.000000000000000000e+00
8.246680715673206929e-01 0.000000000000000000e+00
8.403760348352697918e-01 0.000000000000000000e+00
8.560839981032186685e-01 0.000000000000000000e+00
8.717919613711677673e-01 0.000000000000000000e+00
8.874999246391166441e-01 0.000000000000000000e+00
9.032078879070655208e-01 0.000000000000000000e+00
9.189158511750146197e-01 0.000000000000000000e+00
9.346238144429634964e-01 0.000000000000000000e+00
9.503317777109125952e-01 0.000000000000000000e+00
9.660397409788614720e-01 0.000000000000000000e+00
9.817477042468103487e-01 0.000000000000000000e+00
9.974556675147594476e-01 0.000000000000000000e+00
1.013163630782708324e+00 0.000000000000000000e+00
1.028871594050657201e+00 0.000000000000000000e+00
1.044579557318606300e+00 0.000000000000000000e+00
1.060287520586555399e+00 0.000000000000000000e+00
1.075995483854504275e+00 0.000000000000000000e+00
1.091703447122453152e+00 0.000000000000000000e+00
1.107411410390402029e+00 0.000000000000000000e+00
1.123119373658351128e+00 0.000000000000000000e+00
1.138827336926300227e+00 0.000000000000000000e+00
1.154535300194249103e+00 0.000000000000000000e+00
1.170243263462197980e+00 0.000000000000000000e+00
1.185951226730146857e+00 0.000000000000000000e+00
1.201659189998095956e+00 0.000000000000000000e+00
1.217367153266045054e+00 0.000000000000000000e+00
1.233075116533993931e+00 0.000000000000000000e+00
1.248783079801942808e+00 0.000000000000000000e+00
1.264491043069891685e+00 0.000000000000000000e+00
1.280199006337840784e+00 0.000000000000000000e+00
1.295906969605789882e+00 0.000000000000000000e+00
1.311614932873738759e+00 0.000000000000000000e+00
1.327322896141687636e+00 0.000000000000000000e+00
1.343030859409636735e+00 0.000000000000000000e+00
1.358738822677585611e+00 4.515793989478200216e-06
1.374446785945534710e+00 6.021058652637600006e-06
1.390154749213483587e+00 7.526323315796999796e-06
1.405862712481432464e+00 1.204211730527520001e-05
1.421570675749381563e+00 1.806317595791280087e-05
1.437278639017330439e+00 2.107370528423159706e-05
1.452986602285279538e+00 3.161055792634739897e-05
1.468694565553228415e+00 3.612635191582559495e-05
1.484402528821177292e+00 3.763161657898499813e-05
1.500110492089126391e+00 4.214741056846320089e-05
1.515818455357075267e+00 4.816846922110080005e-05
1.531526418625024366e+00 6.472638051585419435e-05
1.547234381892973243e+00 7.526323315797000982e-05
1.562942345160922120e+00 8.429482113692638823e-05
1.578650308428871218e+00 9.182114445272339734e-05
1.594358271696820095e+00 1.354738196843460014e-04
1.610066234964769194e+00 1.685896422738528036e-04
1.625774198232718071e+00 1.896633475580844345e-04
1.641482161500666948e+00 1.956844062107220201e-04
1.657190124768616046e+00 2.092317881791565877e-04
1.672898088036564923e+00 2.182633761581130474e-04
1.688606051304514022e+00 2.829897566739672282e-04
1.704314014572462899e+00 3.025581972950393815e-04
1.720021977840411775e+00 3.627687838214154544e-04
1.735729941108360874e+00 4.470636049583418155e-04
1.751437904376309973e+00 5.238321027794711404e-04
1.767145867644258850e+00 6.502743344848607634e-04
1.782853830912207727e+00 7.676849782112940080e-04
1.798561794180156603e+00 8.625166519903361981e-04
1.814269757448105702e+00 1.028095764937870128e-03
1.829977720716054801e+00 1.139485350011665678e-03
1.845685683984003678e+00 1.311085521611837518e-03
1.861393647251952554e+00 1.568485779012094737e-03
1.877101610519901431e+00 1.774707037864932694e-03
1.892809573787850530e+00 2.029096765938871120e-03
1.908517537055799629e+00 2.333160227897070060e-03
1.924225500323748506e+00 2.643244748507906153e-03
1.939933463591697382e+00 2.981929297718771427e-03
1.955641426859646259e+00 3.416950785371837638e-03
1.971349390127595358e+00 3.888098624940729796e-03
1.987057353395544457e+00 4.439025491657070180e-03
2.002765316663493333e+00 4.976404976404976213e-03
2.018473279931442210e+00 5.689900426742532276e-03
2.034181243199391087e+00 6.323616849932637944e-03
2.049889206467340408e+00 7.107859739438686722e-03
2.065597169735289285e+00 7.941776362828993630e-03
2.081305133003238161e+00 8.861493072019386782e-03
2.097013096271187038e+00 9.675841254788621754e-03
2.112721059539135915e+00 1.072200019568440681e-02
2.128429022807084792e+00 1.164924322819059672e-02
2.144136986075034113e+00 1.300548668969721613e-02
2.159844949342982989e+00 1.391617181090865421e-02
2.175552912610931866e+00 1.507221507221507238e-02
2.191260875878880743e+00 1.593322645954224973e-02
2.206968839146830064e+00 1.702002754634333523e-02
2.222676802414778940e+00 1.799543904807062583e-02
2.238384765682727817e+00 1.895429263850316459e-02
2.254092728950676694e+00 1.956994588573535837e-02
2.269800692218625571e+00 2.039031512715723179e-02
2.285508655486574447e+00 2.080125238019974940e-02
2.301216618754523768e+00 2.148915833126359767e-02
2.316924582022472645e+00 2.154485312380049339e-02
2.332632545290421522e+00 2.155538997644260851e-02
2.348340508558370399e+00 2.147711621395831730e-02
2.364048471826319719e+00 2.121369489790542531e-02
2.379756435094268596e+00 2.084942084942085008e-02
2.395464398362217473e+00 2.060255744466270647e-02
2.411172361630166350e+00 1.997636734478839757e-02
2.426880324898115227e+00 1.955790376843008493e-02
2.442588288166064103e+00 1.905062957694536596e-02
2.458296251434013424e+00 1.841691315375525856e-02
2.474004214701962301e+00 1.773803879067036710e-02
2.489712177969911178e+00 1.728043833306991406e-02
2.505420141237860054e+00 1.669338511443774556e-02
2.521128104505809375e+00 1.629599524336366317e-02
2.536836067773758252e+00 1.586097375571059870e-02
2.552544031041707129e+00 1.547111020795231308e-02
2.568251994309656006e+00 1.517457306930991047e-02
2.583959957577604882e+00 1.488706751864646641e-02
2.599667920845554203e+00 1.466428834849887140e-02
2.615375884113503080e+00 1.451526714684609441e-02
2.631083847381451957e+00 1.436775120985647226e-02
2.646791810649400833e+00 1.424733003680371882e-02
2.662499773917350154e+00 1.414346677504572068e-02
2.678207737185299031e+00 1.405766668924563791e-02
2.693915700453247908e+00 1.406669827722459298e-02
2.709623663721196785e+00 1.412540359908780706e-02
2.725331626989145661e+00 1.408024565919302820e-02
2.741039590257094538e+00 1.401551927867717220e-02
2.756747553525043859e+00 1.402003507266665061e-02
2.772455516792992736e+00 1.395831922147711644e-02
2.788163480060941612e+00 1.404712983660351931e-02
2.803871443328890489e+00 1.402003507266665061e-02
2.819579406596839810e+00 1.383789804842436300e-02
2.835287369864788687e+00 1.356996093838199260e-02
2.850995333132737564e+00 1.316956053798159186e-02
2.866703296400686440e+00 1.282033913612860843e-02
2.882411259668635317e+00 1.246509667562299001e-02
2.898119222936584194e+00 1.188406451564346343e-02
2.913827186204533515e+00 1.123680071048492081e-02
2.929535149472482392e+00 1.054136843610527924e-02
2.945243112740431268e+00 9.811315074472968731e-03
2.960951076008380145e+00 9.012019538335327290e-03
2.976659039276329466e+00 8.328629381260960890e-03
2.992367002544278343e+00 7.461596935281145093e-03
3.008074965812227219e+00 6.540374961427593628e-03
3.023782929080176096e+00 5.718500455342561024e-03
3.039490892348124973e+00 4.904152272573325186e-03
3.055198855616073850e+00 4.119909383067278143e-03
3.070906818884023171e+00 3.418456050034997251e-03
3.086614782151972047e+00 2.611634190581558611e-03
3.102322745419920924e+00 2.092317881791565769e-03
3.118030708687869801e+00 1.833412359728148937e-03
3.133738671955818678e+00 1.789759684496526225e-03
