7.853981633974483484e-03 0.000000000000000000e+00
2.356194490192345045e-02 0.000000000000000000e+00
3.926990816987241395e-02 0.000000000000000000e+00
5.497787143782138786e-02 0.000000000000000000e+00
7.068583470577034789e-02 0.000000000000000000e+00
8.639379797371932179e-02 0.000000000000000000e+00
1.021017612416682818e-01 0.000000000000000000e+00
1.178097245096172557e-01 0.000000000000000000e+00
1.335176877775662296e-01 0.000000000000000000e+00
1.492256510455151619e-01 0.000000000000000000e+00
1.649336143134641497e-01 0.000000000000000000e+00
1.806415775814131375e-01 0.000000000000000000e+00
1.963495408493620697e-01 0.000000000000000000e+00
2.120575041173110575e-01 0.000000000000000000e+00
2.277654673852600453e-01 0.000000000000000000e+00
2.434734306532089776e-01 0.000000000000000000e+00
2.591813939211579654e-01 0.000000000000000000e+00
2.748893571891068976e-01 0.000000000000000000e+00
2.905973204570558854e-01 0.000000000000000000e+00
3.063052837250048732e-01 0.000000000000000000e+00
3.220132469929538055e-01 0.000000000000000000e+00
3.377212102609027933e-01 0.000000000000000000e+00
3.534291735288517255e-01 0.000000000000000000e+00
3.691371367968007133e-01 0.000000000000000000e+00
3.848451000647497011e-01 0.000000000000000000e+00
4.005530633326986889e-01 0.000000000000000000e+00
4.162610266006476212e-01 0.000000000000000000e+00
4.319689898685966090e-01 0.000000000000000000e+00
4.476769531365455412e-01 0.000000000000000000e+00
4.633849164044945290e-01 0.000000000000000000e+00
4.790928796724435168e-01 0.000000000000000000e+00
4.948008429403924491e-01 0.000000000000000000e+00
5.105088062083413813e-01 0.000000000000000000e+00
5.262167694762904802e-01 0.000000000000000000e+00
5.419247327442393569e-01 0.000000000000000000e+00
5.576326960121882337e-01 0.000000000000000000e+00
5.733406592801373325e-01 0.000000000000000000e+00
5.890486225480862092e-01 0.000000000000000000e+00
6.047565858160353081e-01 0.000000000000000000e+00
6.204645490839841848e-01 0.000000000000000000e+00
6.361725123519330616e-01 0.000000000000000000e+00
6.518804756198821604e-01 0.000000000000000000e+00
6.675884388878310371e-01 0.000000000000000000e+00
6.832964021557801360e-01 0.000000000000000000e+00
6.990043654237290127e-01 0.000000000000000000e+00
7.147123286916780005e-01 0.000000000000000000e+00
7.304202919596269883e-01 0.000000000000000000e+00
7.461282552275758650e-01 0.000000000000000000e+00
7.618362184955249639e-01 0.000000000000000000e+00
7.775441817634738406e-01 0.000000000000000000e+00
7.932521450314228284e-01 0.000000000000000000e+00
8.089601082993718162e-01 0.000000000000000000e+00
8.246680715673206929e-01 0.000000000000000000e+00
8.403760348352697918e-01 0.000000000000000000e+00
8.560839981032186685e-01 0.000000000000000000e+00
8.717919613711677673e-01 0.000000000000000000e+00
8.874999246391166441e-01 0.000000000000000000e+00
9.032078879070655208e-01 0.000000000000000000e+00
9.189158511750146197e-01 0.000000000000000000e+00
9.346238144429634964e-01 0.000000000000000000e+00
9.503317777109125952e-01 0.000000000000000000e+00
9.660397409788614720e-01 0.000000000000000000e+00
9.817477042468103487e-01 0.000000000000000000e+00
9.974556675147594476e-01 0.000000000000000000e+00
1.013163630782708324e+00 0.000000000000000000e+00
1.028871594050657201e+00 0.000000000000000000e+00
1.044579557318606300e+00 0.000000000000000000e+00
1.060287520586555399e+00 0.000000000000000000e+00
1.075995483854504275e+00 0.000000000000000000e+00
1.091703447122453152e+00 0.000000000000000000e+00
1.107411410390402029e+00 0.000000000000000000e+00
1.123119373658351128e+00 0.000000000000000000e+00
1.138827336926300227e+00 0.000000000000000000e+00
1.154535300194249103e+00 0.000000000000000000e+00
1.170243263462197980e+00 0.000000000000000000e+00
1.185951226730146857e+00 0.000000000000000000e+00
1.201659189998095956e+00 0.000000000000000000e+00
1.217367153266045054e+00 0.000000000000000000e+00
1.233075116533993931e+00 0.000000000000000000e+00
1.248783079801942808e+00 0.000000000000000000e+00
1.264491043069891685e+00 0.000000000000000000e+00
1.280199006337840784e+00 0.000000000000000000e+00
1.295906969605789882e+00 0.000000000000000000e+00
1.311614932873738759e+00 3.010529326318800003e-06
1.327322896141687636e+00 3.010529326318800003e-06
1.343030859409636735e+00 6.021058652637600006e-06
1.358738822677585611e+00 9.031587978956400433e-06
1.374446785945534710e+00 1.354738196843459980e-05
1.390154749213483587e+00 1.505264663159399959e-05
1.405862712481432464e+00 1.505264663159400129e-05
1.421570675749381563e+00 1.806317595791280087e-05
1.437278639017330439e+00 2.709476393686919960e-05
1.452986602285279538e+00 3.462108725266620533e-05
1.468694565553228415e+00 3.763161657898500491e-05
1.484402528821177292e+00 4.365267523162260407e-05
1.500110492089126391e+00 4.967373388426021000e-05
1.515818455357075267e+00 5.569479253689780916e-05
1.531526418625024366e+00 6.472638051585420790e-05
1.547234381892973243e+00 7.526323315797000982e-05
1.562942345160922120e+00 7.676849782112939267e-05
1.578650308428871218e+00 9.784220310536098295e-05
1.594358271696820095e+00 1.309580256948677851e-04
1.610066234964769194e+00 1.505264663159399925e-04
1.625774198232718071e+00 1.851475535686061911e-04
1.641482161500666948e+00 2.002002002002002093e-04
1.657190124768616046e+00 2.303054934633882187e-04
1.672898088036564923e+00 2.739581686950108498e-04
1.688606051304514022e+00 3.146003146003146069e-04
1.704314014572462899e+00 3.582529898319372109e-04
1.720021977840411775e+00 4.199688410214725718e-04
1.735729941108360874e+00 4.545899282741387433e-04
1.751437904376309973e+00 5.418952787373840056e-04
1.767145867644258850e+00 6.186637765585133305e-04
1.782853830912207727e+00 6.984428037059615567e-04
1.798561794180156603e+00 7.977902714744819360e-04
1.814269757448105702e+00 9.438009438009438206e-04
1.829977720716054801e+00 1.055190528874739480e-03
1.845685683984003678e+00 1.243348611769664247e-03
1.861393647251952554e+00 1.461611987927777159e-03
1.877101610519901431e+00 1.719012245328035027e-03
1.892809573787850530e+00 1.946307209465104101e-03
1.908517537055799629e+00 2.208223260854839075e-03
1.924225500323748506e+00 2.491213017528806466e-03
1.939933463591697382e+00 2.810329126118599370e-03
1.955641426859646259e+00 3.198687409213724943e-03
1.971349390127595358e+00 3.654782602151023137e-03
1.987057353395544457e+00 4.142488353014668438e-03
2.002765316663493333e+00 4.616646721909879389e-03
2.018473279931442210e+00 5.315089525615841921e-03
2.034181243199391087e+00 5.998479682690208321e-03
2.049889206467340408e+00 6.683375104427735636e-03
2.065597169735289285e+00 7.380312643470538121e-03
2.081305133003238161e+00 8.253366148102989769e-03
2.097013096271187038e+00 9.133945976051239049e-03
2.112721059539135915e+00 1.033364191258928123e-02
2.128429022807084792e+00 1.141592720540088833e-02
2.144136986075034113e+00 1.249821249821249716e-02
2.159844949342982989e+00 1.365275049485575876e-02
2.175552912610931866e+00 1.481330955015165360e-02
2.191260875878880743e+00 1.590011063695274257e-02
2.206968839146830064e+00 1.664822717454296150e-02
2.222676802414778940e+00 1.744601744601744636e-02
2.238384765682727817e+00 1.817607080764975166e-02
2.254092728950676694e+00 1.897988213777687325e-02
2.269800692218625571e+00 1.954134585713532962e-02
2.285508655486574447e+00 2.038429406850459508e-02
2.301216618754523768e+00 2.096984202247360179e-02
2.316924582022472645e+00 2.122724227987386053e-02
2.332632545290421522e+00 2.133110554163185346e-02
2.348340508558370399e+00 2.139733718681087124e-02
2.364048471826319719e+00 2.138830559883191443e-02
2.379756435094268596e+00 2.116101063469484275e-02
2.395464398362217473e+00 2.056643109274688269e-02
2.411172361630166350e+00 2.003657793131477516e-02
2.426880324898115227e+00 1.991013569960938673e-02
2.442588288166064103e+00 1.955037744511428643e-02
2.458296251434013424e+00 1.893923999187157106e-02
2.474004214701962301e+00 1.820015504226030895e-02
2.489712177969911178e+00 1.773051246735457206e-02
2.505420141237860054e+00 1.736021736021736012e-02
2.521128104505809375e+00 1.673854305433252615e-02
2.536836067773758252e+00 1.614697404171088618e-02
2.552544031041707129e+00 1.575108943529996211e-02
2.568251994309656006e+00 1.549820497188917831e-02
2.583959957577604882e+00 1.509328877749930263e-02
2.599667920845554203e+00 1.501501501501501488e-02
2.615375884113503080e+00 1.478019372756214991e-02
2.631083847381451957e+00 1.460106723264618066e-02
2.646791810649400833e+00 1.469890943575154207e-02
2.662499773917350154e+00 1.465826728984623815e-02
2.678207737185299031e+00 1.456494088073035341e-02
2.693915700453247908e+00 1.455891982207771843e-02
2.709623663721196785e+00 1.438581438581438242e-02
2.725331626989145661e+00 1.435570909255119709e-02
2.741039590257094538e+00 1.426087741877215577e-02
2.756747553525043859e+00 1.399294030872978191e-02
2.772455516792992736e+00 1.383338225443488459e-02
2.788163480060941612e+00 1.377768746189798540e-02
2.803871443328890489e+00 1.368285578811894408e-02
2.819579406596839810e+00 1.354136090978196386e-02
2.835287369864788687e+00 1.332610806295016735e-02
2.850995333132737564e+00 1.308526571684466219e-02
2.866703296400686440e+00 1.291667607457081327e-02
2.882411259668635317e+00 1.243499138235980295e-02
2.898119222936584194e+00 1.191718033823297059e-02
2.913827186204533515e+00 1.145355882197987216e-02
2.929535149472482392e+00 1.091467407256880781e-02
2.945243112740431268e+00 1.028095764937870041e-02
2.960951076008380145e+00 9.561441140388506760e-03
2.976659039276329466e+00 8.783219309535097302e-03
2.992367002544278343e+00 8.001986949355371220e-03
3.008074965812227219e+00 7.097322886796569863e-03
3.023782929080176096e+00 6.191153559574611928e-03
3.039490892348124973e+00 5.259394733078943604e-03
3.055198855616073850e+00 4.249362144098986667e-03
3.070906818884023171e+00 3.447056078635026867e-03
3.086614782151972047e+00 2.583034161981530730e-03
3.102322745419920924e+00 2.012538854644117976e-03
3.118030708687869801e+00 1.705464863359600460e-03
3.133738671955818678e+00 1.603106866264760854e-03
