-1.460183660255166826e-04 0.000000000000000000e+00
1.556194490192345029e-02 0.000000000000000000e+00
3.126990816987241378e-02 0.000000000000000000e+00
4.697787143782138769e-02 0.000000000000000000e+00
6.268583470577035466e-02 0.000000000000000000e+00
7.839379797371931469e-02 0.000000000000000000e+00
9.410176124166827472e-02 0.000000000000000000e+00
1.098097245096172625e-01 0.000000000000000000e+00
1.255176877775662225e-01 0.000000000000000000e+00
1.412256510455151548e-01 0.000000000000000000e+00
1.569336143134641426e-01 0.000000000000000000e+00
1.726415775814131304e-01 0.000000000000000000e+00
1.883495408493620626e-01 0.000000000000000000e+00
2.040575041173110504e-01 0.000000000000000000e+00
2.197654673852600382e-01 0.000000000000000000e+00
2.354734306532089705e-01 0.000000000000000000e+00
2.511813939211579583e-01 0.000000000000000000e+00
2.668893571891068905e-01 0.000000000000000000e+00
2.825973204570558783e-01 0.000000000000000000e+00
2.983052837250048661e-01 0.000000000000000000e+00
3.140132469929537984e-01 0.000000000000000000e+00
3.297212102609027862e-01 0.000000000000000000e+00
3.454291735288517184e-01 0.000000000000000000e+00
3.611371367968007062e-01 0.000000000000000000e+00
3.768451000647496940e-01 0.000000000000000000e+00
3.925530633326986818e-01 0.000000000000000000e+00
4.082610266006476141e-01 0.000000000000000000e+00
4.239689898685966019e-01 0.000000000000000000e+00
4.396769531365455341e-01 0.000000000000000000e+00
4.553849164044945219e-01 0.000000000000000000e+00
4.710928796724435097e-01 0.000000000000000000e+00
4.868008429403924420e-01 0.000000000000000000e+00
5.025088062083413742e-01 0.000000000000000000e+00
5.182167694762904731e-01 0.000000000000000000e+00
5.339247327442393498e-01 0.000000000000000000e+00
5.496326960121882266e-01 0.000000000000000000e+00
5.653406592801373254e-01 0.000000000000000000e+00
5.810486225480862021e-01 0.000000000000000000e+00
5.967565858160353010e-01 0.000000000000000000e+00
6.124645490839841777e-01 0.000000000000000000e+00
6.281725123519330545e-01 0.000000000000000000e+00
6.438804756198821533e-01 0.000000000000000000e+00
6.595884388878310300e-01 0.000000000000000000e+00
6.752964021557801289e-01 0.000000000000000000e+00
6.910043654237290056e-01 0.000000000000000000e+00
7.067123286916779934e-01 0.000000000000000000e+00
7.224202919596269812e-01 0.000000000000000000e+00
7.381282552275758579e-01 0.000000000000000000e+00
7.538362184955249568e-01 0.000000000000000000e+00
7.695441817634738335e-01 0.000000000000000000e+00
7.852521450314228213e-01 0.000000000000000000e+00
8.009601082993718091e-01 0.000000000000000000e+00
8.166680715673206858e-01 0.000000000000000000e+00
8.323760348352697847e-01 0.000000000000000000e+00
8.480839981032186614e-01 0.000000000000000000e+00
8.637919613711677602e-01 7.340688703414153447e-06
8.794999246391166370e-01 7.340688703414153447e-06
8.952078879070655137e-01 7.340688703414153447e-06
9.109158511750146126e-01 2.202206611024246034e-05
9.266238144429634893e-01 4.404413222048492746e-05
9.423317777109125881e-01 4.404413222048492746e-05
9.580397409788614649e-01 4.404413222048492746e-05
9.737477042468103416e-01 4.404413222048492746e-05
9.894556675147594405e-01 5.872550962731323435e-05
1.005163630782708317e+00 8.808826444096985492e-05
1.020871594050657194e+00 1.174510192546264687e-04
1.036579557318606293e+00 1.908579062887679964e-04
1.052287520586555392e+00 2.642647933229095377e-04
1.067995483854504268e+00 4.110785673911926202e-04
1.083703447122453145e+00 4.844854544253342156e-04
1.099411410390402022e+00 6.239585397902030735e-04
1.115119373658351121e+00 7.707723138584861560e-04
1.130827336926300219e+00 9.542895314438400904e-04
1.146535300194249096e+00 1.123125371622365684e-03
1.162243263462197973e+00 1.255257768283820317e-03
1.177951226730146850e+00 1.468137740682830825e-03
1.193659189998095949e+00 1.761765288819396990e-03
1.209367153266045047e+00 1.886556996777437453e-03
1.225075116533993924e+00 2.048052148252548985e-03
1.240783079801942801e+00 2.084755591769620053e-03
1.256491043069891678e+00 2.194865922320831959e-03
1.272199006337840776e+00 2.326998318982286592e-03
1.287906969605789875e+00 2.194865922320831959e-03
1.303614932873738752e+00 2.011348704735478349e-03
1.319322896141687629e+00 1.974645261218407714e-03
1.335030859409636728e+00 1.849853553260366818e-03
1.350738822677585604e+00 1.725061845302326355e-03
1.366446785945534703e+00 1.497500495496487290e-03
1.382154749213483580e+00 1.299301900504305340e-03
1.397862712481432457e+00 1.189191569953093001e-03
1.413570675749381556e+00 1.123125371622365684e-03
1.429278639017330432e+00 9.175860879267691301e-04
1.444986602285279531e+00 7.854536912653142799e-04
1.460694565553228408e+00 7.267281816380011337e-04
1.476402528821177285e+00 6.606619833072737086e-04
1.492110492089126383e+00 6.019364736799605623e-04
1.507818455357075260e+00 5.652330301628899272e-04
1.523526418625024359e+00 4.771447657219200994e-04
1.539234381892973236e+00 4.844854544253342698e-04
1.554942345160922113e+00 4.771447657219200452e-04
1.570650308428871211e+00 4.918261431287484402e-04
1.586358271696820088e+00 5.358702753492332457e-04
1.602066234964769187e+00 4.844854544253342156e-04
1.617774198232718064e+00 5.065075205355765641e-04
1.633482161500666940e+00 6.092771623833747327e-04
1.649190124768616039e+00 6.533212946038596466e-04
1.664898088036564916e+00 7.047061155277587309e-04
1.680606051304514015e+00 8.148164460789709615e-04
1.696314014572462892e+00 8.588605782994557670e-04
1.712021977840411768e+00 1.057059173291638151e-03
1.727729941108360867e+00 1.233235702173577589e-03
1.743437904376309966e+00 1.409412231055517679e-03
1.759145867644258843e+00 1.717721156598911968e-03
1.774853830912207719e+00 1.857194241963780988e-03
1.790561794180156596e+00 2.106777657879862348e-03
1.806269757448105695e+00 2.488493470457398341e-03
1.821977720716054794e+00 2.826165150814448877e-03
1.837685683984003671e+00 3.259265784315884713e-03
1.853393647251952547e+00 3.655662974300248613e-03
1.869101610519901424e+00 4.052060164284613381e-03
1.884809573787850523e+00 4.874217299066998729e-03
1.900517537055799622e+00 5.505516527560615214e-03
1.916225500323748498e+00 6.305651596232758269e-03
1.931933463591697375e+00 7.164512174532214686e-03
1.947641426859646252e+00 8.250934102637507567e-03
1.963349390127595351e+00 9.410762917776946054e-03
1.979057353395544450e+00 1.096698892290074757e-02
1.994765316663493326e+00 1.205341085100604046e-02
2.010473279931442203e+00 1.371974718668105345e-02
2.026181243199391080e+00 1.526129181439802619e-02
2.041889206467340401e+00 1.695699090488669500e-02
2.057597169735289278e+00 1.842512864556952734e-02
2.073305133003238154e+00 1.994465120717625606e-02
2.089013096271187031e+00 2.146417376878298824e-02
2.104721059539135908e+00 2.360031418147650467e-02
2.120429022807084785e+00 2.488493470457397994e-02
2.136136986075034105e+00 2.614753316156121637e-02
2.151844949342982982e+00 2.674212894653776179e-02
2.167552912610931859e+00 2.716788889133578411e-02
2.183260875878880736e+00 2.725597715577675328e-02
2.198968839146830057e+00 2.641179795488412738e-02
2.214676802414778933e+00 2.543548635733004423e-02
2.230384765682727810e+00 2.483354988365008009e-02
2.246092728950676687e+00 2.384989759739258516e-02
2.261800692218625564e+00 2.251389225337121006e-02
2.277508655486574440e+00 2.151555858970688462e-02
2.293216618754523761e+00 2.032636701975379032e-02
2.308924582022472638e+00 1.948952850756457966e-02
2.324632545290421515e+00 1.822693005057734322e-02
2.340340508558370392e+00 1.676613299859792960e-02
2.356048471826319712e+00 1.543012765457655103e-02
2.371756435094268589e+00 1.498968633237170167e-02
2.387464398362217466e+00 1.394730853648688991e-02
2.403172361630166343e+00 1.317653622262840440e-02
2.418880324898115219e+00 1.262598456987234358e-02
2.434588288166064096e+00 1.219288393637090948e-02
2.450296251434013417e+00 1.178180536897971593e-02
2.466004214701962294e+00 1.145881506602949504e-02
2.481712177969911171e+00 1.095230754549391707e-02
2.497420141237860047e+00 1.106241787604513027e-02
2.513128104505809368e+00 1.126795715974072618e-02
2.528836067773758245e+00 1.123125371622365684e-02
2.544544031041707122e+00 1.143679299991925274e-02
2.560251994309655998e+00 1.154690333047046422e-02
2.575959957577604875e+00 1.146615575473290682e-02
2.591667920845554196e+00 1.174510192546264487e-02
2.607375884113503073e+00 1.156158470787729126e-02
2.623083847381451950e+00 1.156158470787729299e-02
2.638791810649400826e+00 1.141477093380900872e-02
2.654499773917350147e+00 1.135604542418169535e-02
2.670207737185299024e+00 1.110646200826561486e-02
2.685915700453247901e+00 1.105507718734171675e-02
2.701623663721196777e+00 1.071006481828125183e-02
2.717331626989145654e+00 1.067336137476417902e-02
2.733039590257094531e+00 1.029164556218664303e-02
2.748747553525043852e+00 9.946633193126178107e-03
2.764455516792992729e+00 9.227245700191592445e-03
2.780163480060941605e+00 8.823507821503814158e-03
2.795871443328890482e+00 8.515198895960418568e-03
2.811579406596839803e+00 7.839855535246317494e-03
2.827287369864788680e+00 6.753433607141022012e-03
2.842995333132737557e+00 5.953298538468878957e-03
2.858703296400686433e+00 5.292636555161605791e-03
2.874411259668635310e+00 4.543886307413361712e-03
2.890119222936584187e+00 3.890565012809501632e-03
2.905827186204533508e+00 3.002341679696389400e-03
2.921535149472482384e+00 2.495834159160812728e-03
2.937243112740431261e+00 2.194865922320832392e-03
2.952951076008380138e+00 1.754424600115982820e-03
2.968659039276329459e+00 1.365368098835032440e-03
2.984367002544278336e+00 1.130466060325779638e-03
3.000074965812227212e+00 8.368385121892136895e-04
3.015782929080176089e+00 6.680026720106879874e-04
3.031490892348124966e+00 5.432109640526474161e-04
3.047198855616073843e+00 4.184192560946067905e-04
3.062906818884023163e+00 3.303309916536369085e-04
3.078614782151972040e+00 2.716054820263237080e-04
3.094322745419920917e+00 2.055392836955963372e-04
3.110030708687869794e+00 1.614951514751113691e-04
3.125738671955818671e+00 2.055392836955963101e-04
