-1.460183660255166826e-04 0.000000000000000000e+00
1.556194490192345029e-02 0.000000000000000000e+00
3.126990816987241378e-02 0.000000000000000000e+00
4.697787143782138769e-02 0.000000000000000000e+00
6.268583470577035466e-02 0.000000000000000000e+00
7.839379797371931469e-02 0.000000000000000000e+00
9.410176124166827472e-02 0.000000000000000000e+00
1.098097245096172625e-01 0.000000000000000000e+00
1.255176877775662225e-01 0.000000000000000000e+00
1.412256510455151548e-01 0.000000000000000000e+00
1.569336143134641426e-01 0.000000000000000000e+00
1.726415775814131304e-01 0.000000000000000000e+00
1.883495408493620626e-01 0.000000000000000000e+00
2.040575041173110504e-01 0.000000000000000000e+00
2.197654673852600382e-01 0.000000000000000000e+00
2.354734306532089705e-01 0.000000000000000000e+00
2.511813939211579583e-01 0.000000000000000000e+00
2.668893571891068905e-01 0.000000000000000000e+00
2.825973204570558783e-01 0.000000000000000000e+00
2.983052837250048661e-01 0.000000000000000000e+00
3.140132469929537984e-01 0.000000000000000000e+00
3.297212102609027862e-01 0.000000000000000000e+00
3.454291735288517184e-01 0.000000000000000000e+00
3.611371367968007062e-01 0.000000000000000000e+00
3.768451000647496940e-01 0.000000000000000000e+00
3.925530633326986818e-01 0.000000000000000000e+00
4.082610266006476141e-01 0.000000000000000000e+00
4.239689898685966019e-01 0.000000000000000000e+00
4.396769531365455341e-01 0.000000000000000000e+00
4.553849164044945219e-01 0.000000000000000000e+00
4.710928796724435097e-01 0.000000000000000000e+00
4.868008429403924420e-01 0.000000000000000000e+00
5.025088062083413742e-01 0.000000000000000000e+00
5.182167694762904731e-01 0.000000000000000000e+00
5.339247327442393498e-01 0.000000000000000000e+00
5.496326960121882266e-01 0.000000000000000000e+00
5.653406592801373254e-01 0.000000000000000000e+00
5.810486225480862021e-01 0.000000000000000000e+00
5.967565858160353010e-01 0.000000000000000000e+00
6.124645490839841777e-01 0.000000000000000000e+00
6.281725123519330545e-01 0.000000000000000000e+00
6.438804756198821533e-01 0.000000000000000000e+00
6.595884388878310300e-01 0.000000000000000000e+00
6.752964021557801289e-01 0.000000000000000000e+00
6.910043654237290056e-01 0.000000000000000000e+00
7.067123286916779934e-01 0.000000000000000000e+00
7.224202919596269812e-01 0.000000000000000000e+00
7.381282552275758579e-01 0.000000000000000000e+00
7.538362184955249568e-01 0.000000000000000000e+00
7.695441817634738335e-01 0.000000000000000000e+00
7.852521450314228213e-01 0.000000000000000000e+00
8.009601082993718091e-01 0.000000000000000000e+00
8.166680715673206858e-01 0.000000000000000000e+00
8.323760348352697847e-01 0.000000000000000000e+00
8.480839981032186614e-01 0.000000000000000000e+00
8.637919613711677602e-01 0.000000000000000000e+00
8.794999246391166370e-01 0.000000000000000000e+00
8.952078879070655137e-01 0.000000000000000000e+00
9.109158511750146126e-01 0.000000000000000000e+00
9.266238144429634893e-01 0.000000000000000000e+00
9.423317777109125881e-01 0.000000000000000000e+00
9.580397409788614649e-01 0.000000000000000000e+00
9.737477042468103416e-01 1.468137740682830689e-05
9.894556675147594405e-01 2.202206611024246034e-05
1.005163630782708317e+00 5.872550962731322758e-05
1.020871594050657194e+00 8.074757573755568453e-05
1.036579557318606293e+00 1.174510192546264552e-04
1.052287520586555392e+00 1.468137740682830825e-04
1.067995483854504268e+00 2.202206611024246237e-04
1.083703447122453145e+00 2.862868594331520488e-04
1.099411410390402022e+00 3.743751238741218766e-04
1.115119373658351121e+00 4.551226996116775341e-04
1.130827336926300219e+00 5.578923414594756484e-04
1.146535300194249096e+00 7.193874929345870717e-04
1.162243263462197973e+00 8.735419557062843246e-04
1.177951226730146850e+00 9.983336636643250044e-04
1.193659189998095949e+00 1.174510192546264660e-03
1.209367153266045047e+00 1.313983277911133681e-03
1.225075116533993924e+00 1.526863250310143971e-03
1.240783079801942801e+00 1.607610826047699629e-03
1.256491043069891678e+00 1.688358401785255503e-03
1.272199006337840776e+00 1.666336335675012992e-03
1.287906969605789875e+00 1.681017713081841333e-03
1.303614932873738752e+00 1.614951514751113799e-03
1.319322896141687629e+00 1.541544627716972312e-03
1.335030859409636728e+00 1.409412231055517462e-03
1.350738822677585604e+00 1.387390164945274951e-03
1.366446785945534703e+00 1.247917079580406364e-03
1.382154749213483580e+00 1.225895013470163636e-03
1.397862712481432457e+00 1.079081239401880662e-03
1.413570675749381556e+00 9.469488427404259201e-04
1.429278639017330432e+00 8.588605782994562007e-04
1.444986602285279531e+00 7.267281816380012421e-04
1.460694565553228408e+00 6.312992284936171355e-04
1.476402528821177285e+00 5.358702753492332457e-04
1.492110492089126383e+00 4.404413222048492475e-04
1.507818455357075260e+00 4.257599447980209067e-04
1.523526418625024359e+00 4.331006335014350771e-04
1.539234381892973236e+00 4.331006335014350771e-04
1.554942345160922113e+00 4.624633883150917044e-04
1.570650308428871211e+00 4.477820109082633637e-04
1.586358271696820088e+00 4.991668318321625022e-04
1.602066234964769187e+00 5.285295866458190753e-04
1.617774198232718064e+00 6.166178510867890115e-04
1.633482161500666940e+00 6.753433607141021578e-04
1.649190124768616039e+00 6.680026720106880958e-04
1.664898088036564916e+00 6.239585397902030735e-04
1.680606051304514015e+00 7.340688703414154125e-04
1.696314014572462892e+00 8.882233331131126654e-04
1.712021977840411768e+00 1.020355729774567299e-03
1.727729941108360867e+00 1.101103305512123173e-03
1.743437904376309966e+00 1.196532258656506954e-03
1.759145867644258843e+00 1.446115674572588314e-03
1.774853830912207719e+00 1.761765288819396773e-03
1.790561794180156596e+00 2.011348704735477916e-03
1.806269757448105695e+00 2.194865922320831959e-03
1.821977720716054794e+00 2.598603801008610246e-03
1.837685683984003671e+00 2.987660302289560192e-03
1.853393647251952547e+00 3.736410550037803837e-03
1.869101610519901424e+00 4.154829806132411332e-03
1.884809573787850523e+00 4.580589750930431914e-03
1.900517537055799622e+00 5.226570356830877173e-03
1.916225500323748498e+00 6.129475067350819047e-03
1.931933463591697375e+00 6.819499805471748895e-03
1.947641426859646252e+00 7.656338317660963018e-03
1.963349390127595351e+00 8.676694047435529883e-03
1.979057353395544450e+00 9.858544928685208930e-03
1.994765316663493326e+00 1.118720958400317052e-02
2.010473279931442203e+00 1.244980804099040522e-02
2.026181243199391080e+00 1.413082575407224699e-02
2.041889206467340401e+00 1.584120622196774630e-02
2.057597169735289278e+00 1.760297151078714026e-02
2.073305133003238154e+00 1.925462646905532621e-02
2.089013096271187031e+00 2.082553385158595477e-02
2.104721059539135908e+00 2.263134327262583678e-02
2.120429022807084785e+00 2.399671137146086944e-02
2.136136986075034105e+00 2.489227539327739866e-02
2.151844949342982982e+00 2.524462845104127884e-02
2.167552912610931859e+00 2.578783941509392441e-02
2.183260875878880736e+00 2.572911390546661278e-02
2.198968839146830057e+00 2.538410153640614439e-02
2.214676802414778933e+00 2.470875817569204158e-02
2.230384765682727810e+00 2.376915002165502777e-02
2.246092728950676687e+00 2.269740947095656367e-02
2.261800692218625564e+00 2.166237236377516889e-02
2.277508655486574440e+00 2.067137938881425871e-02
2.293216618754523761e+00 1.976113398959090245e-02
2.308924582022472638e+00 1.852055759871391177e-02
2.324632545290421515e+00 1.720657432080277549e-02
2.340340508558370392e+00 1.648718682786819156e-02
2.356048471826319712e+00 1.542278696587313924e-02
2.371756435094268589e+00 1.479882842608293454e-02
2.387464398362217466e+00 1.380783545112202262e-02
2.403172361630166343e+00 1.276545765523721433e-02
2.418880324898115219e+00 1.261864388116893006e-02
2.434588288166064096e+00 1.222958737988798054e-02
2.450296251434013417e+00 1.175978330286947537e-02
2.466004214701962294e+00 1.146615575473291029e-02
2.481712177969911171e+00 1.137072680158852413e-02
2.497420141237860047e+00 1.132668266936803954e-02
2.513128104505809368e+00 1.135604542418169709e-02
2.528836067773758245e+00 1.117986889529975700e-02
2.544544031041707122e+00 1.167169503842850620e-02
2.560251994309655998e+00 1.186989363342068685e-02
2.575959957577604875e+00 1.212681773804018259e-02
2.591667920845554196e+00 1.239842322006650885e-02
2.607375884113503073e+00 1.255991837154161843e-02
2.623083847381451950e+00 1.300770038244988130e-02
2.638791810649400826e+00 1.311781071300109278e-02
2.654499773917350147e+00 1.297833762763622549e-02
2.670207737185299024e+00 1.302238175985671181e-02
2.685915700453247901e+00 1.316919553392499435e-02
2.701623663721196777e+00 1.301504107115329482e-02
2.717331626989145654e+00 1.286088660838159876e-02
2.733039590257094531e+00 1.242778597488016119e-02
2.748747553525043852e+00 1.222224669118456702e-02
2.764455516792992729e+00 1.168637641583533324e-02
2.780163480060941605e+00 1.095230754549391707e-02
2.795871443328890482e+00 1.002004008016032198e-02
2.811579406596839803e+00 9.256608455005248259e-03
2.827287369864788680e+00 8.309659612264822665e-03
2.842995333132737557e+00 7.296644571193669319e-03
2.858703296400686433e+00 6.452465370301040809e-03
2.874411259668635310e+00 5.534879282374271896e-03
2.890119222936584187e+00 4.756766279812372003e-03
2.905827186204533508e+00 4.037378786877784606e-03
2.921535149472482384e+00 3.259265784315884713e-03
2.937243112740431261e+00 2.649988621932509655e-03
2.952951076008380138e+00 2.070074214362791713e-03
2.968659039276329459e+00 1.556226005123800653e-03
2.984367002544278336e+00 1.174510192546264660e-03
3.000074965812227212e+00 9.542895314438399820e-04
3.015782929080176089e+00 7.634316251550720940e-04
3.031490892348124966e+00 6.386399171970314143e-04
3.047198855616073843e+00 4.918261431287483318e-04
3.062906818884023163e+00 4.184192560946067905e-04
3.078614782151972040e+00 3.083089255433945058e-04
3.094322745419920917e+00 2.642647933229095377e-04
3.110030708687869794e+00 2.055392836955963372e-04
3.125738671955818671e+00 2.202206611024245966e-04
