-1.460183660255166826e-04 0.000000000000000000e+00
1.556194490192345029e-02 0.000000000000000000e+00
3.126990816987241378e-02 0.000000000000000000e+00
4.697787143782138769e-02 0.000000000000000000e+00
6.268583470577035466e-02 0.000000000000000000e+00
7.839379797371931469e-02 0.000000000000000000e+00
9.410176124166827472e-02 0.000000000000000000e+00
1.098097245096172625e-01 0.000000000000000000e+00
1.255176877775662225e-01 0.000000000000000000e+00
1.412256510455151548e-01 0.000000000000000000e+00
1.569336143134641426e-01 0.000000000000000000e+00
1.726415775814131304e-01 0.000000000000000000e+00
1.883495408493620626e-01 0.000000000000000000e+00
2.040575041173110504e-01 0.000000000000000000e+00
2.197654673852600382e-01 0.000000000000000000e+00
2.354734306532089705e-01 0.000000000000000000e+00
2.511813939211579583e-01 0.000000000000000000e+00
2.668893571891068905e-01 0.000000000000000000e+00
2.825973204570558783e-01 0.000000000000000000e+00
2.983052837250048661e-01 0.000000000000000000e+00
3.140132469929537984e-01 0.000000000000000000e+00
3.297212102609027862e-01 0.000000000000000000e+00
3.454291735288517184e-01 0.000000000000000000e+00
3.611371367968007062e-01 0.000000000000000000e+00
3.768451000647496940e-01 0.000000000000000000e+00
3.925530633326986818e-01 0.000000000000000000e+00
4.082610266006476141e-01 0.000000000000000000e+00
4.239689898685966019e-01 0.000000000000000000e+00
4.396769531365455341e-01 0.000000000000000000e+00
4.553849164044945219e-01 0.000000000000000000e+00
4.710928796724435097e-01 0.000000000000000000e+00
4.868008429403924420e-01 0.000000000000000000e+00
5.025088062083413742e-01 0.000000000000000000e+00
5.182167694762904731e-01 0.000000000000000000e+00
5.339247327442393498e-01 0.000000000000000000e+00
5.496326960121882266e-01 0.000000000000000000e+00
5.653406592801373254e-01 0.000000000000000000e+00
5.810486225480862021e-01 0.000000000000000000e+00
5.967565858160353010e-01 0.000000000000000000e+00
6.124645490839841777e-01 0.000000000000000000e+00
6.281725123519330545e-01 0.000000000000000000e+00
6.438804756198821533e-01 0.000000000000000000e+00
6.595884388878310300e-01 0.000000000000000000e+00
6.752964021557801289e-01 0.000000000000000000e+00
6.910043654237290056e-01 0.000000000000000000e+00
7.067123286916779934e-01 0.000000000000000000e+00
7.224202919596269812e-01 0.000000000000000000e+00
7.381282552275758579e-01 0.000000000000000000e+00
7.538362184955249568e-01 0.000000000000000000e+00
7.695441817634738335e-01 0.000000000000000000e+00
7.852521450314228213e-01 0.000000000000000000e+00
8.009601082993718091e-01 0.000000000000000000e+00
8.166680715673206858e-01 0.000000000000000000e+00
8.323760348352697847e-01 0.000000000000000000e+00
8.480839981032186614e-01 0.000000000000000000e+00
8.637919613711677602e-01 0.000000000000000000e+00
8.794999246391166370e-01 0.000000000000000000e+00
8.952078879070655137e-01 0.000000000000000000e+00
9.109158511750146126e-01 0.000000000000000000e+00
9.266238144429634893e-01 7.340688703414153447e-06
9.423317777109125881e-01 7.340688703414153447e-06
9.580397409788614649e-01 7.340688703414153447e-06
9.737477042468103416e-01 1.468137740682830689e-05
9.894556675147594405e-01 1.468137740682830689e-05
1.005163630782708317e+00 2.202206611024246034e-05
1.020871594050657194e+00 3.670344351707077062e-05
1.036579557318606293e+00 5.138482092389907752e-05
1.052287520586555392e+00 6.606619833072738441e-05
1.067995483854504268e+00 1.394730853648689121e-04
1.083703447122453145e+00 1.541544627716972258e-04
1.099411410390402022e+00 2.422427272126670807e-04
1.115119373658351121e+00 3.376716803570510789e-04
1.130827336926300219e+00 3.963971899843642794e-04
1.146535300194249096e+00 5.138482092389908430e-04
1.162243263462197973e+00 7.340688703414154125e-04
1.177951226730146850e+00 8.001350686721427291e-04
1.193659189998095949e+00 9.836522862574964467e-04
1.209367153266045047e+00 1.064399861995052104e-03
1.225075116533993924e+00 1.203872947359921342e-03
1.240783079801942801e+00 1.365368098835032656e-03
1.256491043069891678e+00 1.497500495496487290e-03
1.272199006337840776e+00 1.526863250310143971e-03
1.287906969605789875e+00 1.563566693827214823e-03
1.303614932873738752e+00 1.563566693827214823e-03
1.319322896141687629e+00 1.570907382530628994e-03
1.335030859409636728e+00 1.504841184199901460e-03
1.350738822677585604e+00 1.402071542352103508e-03
1.366446785945534703e+00 1.211213636063335512e-03
1.382154749213483580e+00 1.057059173291637934e-03
1.397862712481432457e+00 9.836522862574966636e-04
1.413570675749381556e+00 8.515198895960418134e-04
1.429278639017330432e+00 7.707723138584861560e-04
1.444986602285279531e+00 6.386399171970314143e-04
1.460694565553228408e+00 6.019364736799606708e-04
1.476402528821177285e+00 6.019364736799605623e-04
1.492110492089126383e+00 5.358702753492332457e-04
1.507818455357075260e+00 5.505516527560615865e-04
1.523526418625024359e+00 5.211888979424050133e-04
1.539234381892973236e+00 5.065075205355765641e-04
1.554942345160922113e+00 5.432109640526474161e-04
1.570650308428871211e+00 5.138482092389908430e-04
1.586358271696820088e+00 5.211888979424050133e-04
1.602066234964769187e+00 5.799144075697182680e-04
1.617774198232718064e+00 5.505516527560615865e-04
1.633482161500666940e+00 6.459806059004455847e-04
1.649190124768616039e+00 6.973654268243445606e-04
1.664898088036564916e+00 7.560909364516578152e-04
1.680606051304514015e+00 8.148164460789709615e-04
1.696314014572462892e+00 9.542895314438398736e-04
1.712021977840411768e+00 1.013015041071153128e-03
1.727729941108360867e+00 1.196532258656507171e-03
1.743437904376309966e+00 1.284620523097476999e-03
1.759145867644258843e+00 1.438774985869174360e-03
1.774853830912207719e+00 1.695699090488669673e-03
1.790561794180156596e+00 2.033370770845720644e-03
1.806269757448105695e+00 2.231569365837903027e-03
1.821977720716054794e+00 2.561900357491539611e-03
1.837685683984003671e+00 3.009682368399802920e-03
1.853393647251952547e+00 3.523530577638793980e-03
1.869101610519901424e+00 4.198873938352895921e-03
1.884809573787850523e+00 4.764106968515786390e-03
1.900517537055799622e+00 5.395406197009403743e-03
1.916225500323748498e+00 6.158837822164475728e-03
1.931933463591697375e+00 7.171852863235628206e-03
1.947641426859646252e+00 7.949965865797528966e-03
1.963349390127595351e+00 9.161179501860865562e-03
1.979057353395544450e+00 1.017419454293201804e-02
1.994765316663493326e+00 1.126061647103731266e-02
2.010473279931442203e+00 1.272875421172014326e-02
2.026181243199391080e+00 1.429232090554735657e-02
2.041889206467340401e+00 1.560630418345848938e-02
2.057597169735289278e+00 1.747083911412568649e-02
2.073305133003238154e+00 1.918121958202118407e-02
2.089013096271187031e+00 2.037775184067769016e-02
2.104721059539135908e+00 2.207345093116636070e-02
2.120429022807084785e+00 2.321125768019555169e-02
2.136136986075034105e+00 2.432704236311450732e-02
2.151844949342982982e+00 2.503174847864226768e-02
2.167552912610931859e+00 2.543548635733004423e-02
2.183260875878880736e+00 2.529601327196517521e-02
2.198968839146830057e+00 2.520792500752420603e-02
2.214676802414778933e+00 2.502440778993885243e-02
2.230384765682727810e+00 2.455460371292034205e-02
2.246092728950676687e+00 2.346818178481504744e-02
2.261800692218625564e+00 2.211015437468343003e-02
2.277508655486574440e+00 2.084755591769619706e-02
2.293216618754523761e+00 1.967304572514993327e-02
2.308924582022472638e+00 1.871875619370609589e-02
2.324632545290421515e+00 1.703773848062425239e-02
2.340340508558370392e+00 1.570173313660287728e-02
2.356048471826319712e+00 1.514384079514340120e-02
2.371756435094268589e+00 1.487223531311707495e-02
2.387464398362217466e+00 1.405007817833469133e-02
2.403172361630166343e+00 1.359495547872301320e-02
2.418880324898115219e+00 1.313249209040792155e-02
2.434588288166064096e+00 1.305174451467036589e-02
2.450296251434013417e+00 1.286822729708501228e-02
2.466004214701962294e+00 1.254523699413478965e-02
2.481712177969911171e+00 1.238374184265967834e-02
2.497420141237860047e+00 1.241310459747333415e-02
2.513128104505809368e+00 1.211213636063335382e-02
2.528836067773758245e+00 1.198000396397189832e-02
2.544544031041707122e+00 1.189925638823434093e-02
2.560251994309655998e+00 1.206809222841287096e-02
2.575959957577604875e+00 1.186989363342068858e-02
2.591667920845554196e+00 1.204607016230262694e-02
2.607375884113503073e+00 1.214883980415042489e-02
2.623083847381451950e+00 1.235437908784602079e-02
2.638791810649400826e+00 1.251587423932113037e-02
2.654499773917350147e+00 1.268471007949965867e-02
2.670207737185299024e+00 1.256725906024503195e-02
2.685915700453247901e+00 1.260396250376210475e-02
2.701623663721196777e+00 1.242778597488016293e-02
2.717331626989145654e+00 1.236906046525284783e-02
2.733039590257094531e+00 1.206075153970945397e-02
2.748747553525043852e+00 1.173776123675923135e-02
2.764455516792992729e+00 1.124593509363048388e-02
2.780163480060941605e+00 1.065133930865393673e-02
2.795871443328890482e+00 9.858544928685208930e-03
2.811579406596839803e+00 8.962980906868683179e-03
2.827287369864788680e+00 7.957306554500942486e-03
2.842995333132737557e+00 7.003017023057102504e-03
2.858703296400686433e+00 6.217563331791789091e-03
2.874411259668635310e+00 5.299977243865019311e-03
2.890119222936584187e+00 4.477820109082633962e-03
2.905827186204533508e+00 3.795136059665118067e-03
2.921535149472482384e+00 3.229903029502228032e-03
2.937243112740431261e+00 2.752758263780307607e-03
2.952951076008380138e+00 2.363701762499357661e-03
2.968659039276329459e+00 1.908579062887680181e-03
2.984367002544278336e+00 1.556226005123800870e-03
3.000074965812227212e+00 1.328664655317962021e-03
3.015782929080176089e+00 1.115784682918951297e-03
3.031490892348124966e+00 8.882233331131126654e-04
3.047198855616073843e+00 6.386399171970315227e-04
3.062906818884023163e+00 4.991668318321625022e-04
3.078614782151972040e+00 3.817158125775359928e-04
3.094322745419920917e+00 2.789461707297378242e-04
3.110030708687869794e+00 1.835172175853538531e-04
3.125738671955818671e+00 1.761765288819397098e-04
