-1.460183660255166826e-04 0.000000000000000000e+00
1.556194490192345029e-02 0.000000000000000000e+00
3.126990816987241378e-02 0.000000000000000000e+00
4.697787143782138769e-02 0.000000000000000000e+00
6.268583470577035466e-02 0.000000000000000000e+00
7.839379797371931469e-02 0.000000000000000000e+00
9.410176124166827472e-02 0.000000000000000000e+00
1.098097245096172625e-01 0.000000000000000000e+00
1.255176877775662225e-01 0.000000000000000000e+00
1.412256510455151548e-01 0.000000000000000000e+00
1.569336143134641426e-01 0.000000000000000000e+00
1.726415775814131304e-01 0.000000000000000000e+00
1.883495408493620626e-01 0.000000000000000000e+00
2.040575041173110504e-01 0.000000000000000000e+00
2.197654673852600382e-01 0.000000000000000000e+00
2.354734306532089705e-01 0.000000000000000000e+00
2.511813939211579583e-01 0.000000000000000000e+00
2.668893571891068905e-01 0.000000000000000000e+00
2.825973204570558783e-01 0.000000000000000000e+00
2.983052837250048661e-01 0.000000000000000000e+00
3.140132469929537984e-01 0.000000000000000000e+00
3.297212102609027862e-01 0.000000000000000000e+00
3.454291735288517184e-01 0.000000000000000000e+00
3.611371367968007062e-01 0.000000000000000000e+00
3.768451000647496940e-01 0.000000000000000000e+00
3.925530633326986818e-01 0.000000000000000000e+00
4.082610266006476141e-01 0.000000000000000000e+00
4.239689898685966019e-01 0.000000000000000000e+00
4.396769531365455341e-01 0.000000000000000000e+00
4.553849164044945219e-01 0.000000000000000000e+00
4.710928796724435097e-01 0.000000000000000000e+00
4.868008429403924420e-01 0.000000000000000000e+00
5.025088062083413742e-01 0.000000000000000000e+00
5.182167694762904731e-01 0.000000000000000000e+00
5.339247327442393498e-01 0.000000000000000000e+00
5.496326960121882266e-01 0.000000000000000000e+00
5.653406592801373254e-01 0.000000000000000000e+00
5.810486225480862021e-01 0.000000000000000000e+00
5.967565858160353010e-01 0.000000000000000000e+00
6.124645490839841777e-01 0.000000000000000000e+00
6.281725123519330545e-01 0.000000000000000000e+00
6.438804756198821533e-01 0.000000000000000000e+00
6.595884388878310300e-01 0.000000000000000000e+00
6.752964021557801289e-01 0.000000000000000000e+00
6.910043654237290056e-01 0.000000000000000000e+00
7.067123286916779934e-01 0.000000000000000000e+00
7.224202919596269812e-01 0.000000000000000000e+00
7.381282552275758579e-01 0.000000000000000000e+00
7.538362184955249568e-01 0.000000000000000000e+00
7.695441817634738335e-01 0.000000000000000000e+00
7.852521450314228213e-01 0.000000000000000000e+00
8.009601082993718091e-01 0.000000000000000000e+00
8.166680715673206858e-01 0.000000000000000000e+00
8.323760348352697847e-01 7.340688703414153447e-06
8.480839981032186614e-01 1.468137740682830689e-05
8.637919613711677602e-01 1.468137740682830689e-05
8.794999246391166370e-01 2.202206611024246034e-05
8.952078879070655137e-01 3.670344351707077062e-05
9.109158511750146126e-01 5.138482092389907752e-05
9.266238144429634893e-01 5.872550962731322758e-05
9.423317777109125881e-01 6.606619833072737086e-05
9.580397409788614649e-01 1.027696418477981686e-04
9.737477042468103416e-01 1.101103305512123254e-04
9.894556675147594405e-01 1.321323966614547688e-04
1.005163630782708317e+00 1.468137740682830825e-04
1.020871594050657194e+00 1.835172175853538802e-04
1.036579557318606293e+00 2.202206611024246237e-04
1.052287520586555392e+00 3.083089255433943974e-04
1.067995483854504268e+00 3.596937464672934816e-04
1.083703447122453145e+00 4.698040770185058748e-04
1.099411410390402022e+00 6.166178510867890115e-04
1.115119373658351121e+00 7.781130025619003264e-04
1.130827336926300219e+00 8.808826444096984950e-04
1.146535300194249096e+00 1.020355729774567516e-03
1.162243263462197973e+00 1.262598456987234488e-03
1.177951226730146850e+00 1.372708787538446827e-03
1.193659189998095949e+00 1.490159806793073336e-03
1.209367153266045047e+00 1.688358401785255503e-03
1.225075116533993924e+00 1.798468732336467842e-03
1.240783079801942801e+00 1.945282506404750599e-03
1.256491043069891678e+00 2.011348704735478349e-03
1.272199006337840776e+00 1.930601128997922258e-03
1.287906969605789875e+00 1.967304572514993327e-03
1.303614932873738752e+00 2.077414903066205666e-03
1.319322896141687629e+00 1.879216308074023066e-03
1.335030859409636728e+00 1.805809421039882012e-03
1.350738822677585604e+00 1.703039779192083844e-03
1.366446785945534703e+00 1.622292203454527969e-03
1.382154749213483580e+00 1.468137740682830825e-03
1.397862712481432457e+00 1.343346032724790362e-03
1.413570675749381556e+00 1.071740550698466491e-03
1.429278639017330432e+00 9.689709088506683228e-04
1.444986602285279531e+00 7.707723138584860476e-04
1.460694565553228408e+00 6.166178510867889031e-04
1.476402528821177285e+00 5.065075205355766726e-04
1.492110492089126383e+00 4.477820109082634179e-04
1.507818455357075260e+00 3.817158125775359928e-04
1.523526418625024359e+00 3.523530577638793655e-04
1.539234381892973236e+00 3.743751238741218224e-04
1.554942345160922113e+00 4.184192560946067905e-04
1.570650308428871211e+00 4.331006335014350771e-04
1.586358271696820088e+00 4.624633883150916502e-04
1.602066234964769187e+00 5.065075205355766726e-04
1.617774198232718064e+00 5.285295866458191837e-04
1.633482161500666940e+00 5.578923414594757569e-04
1.649190124768616039e+00 5.578923414594757569e-04
1.664898088036564916e+00 6.092771623833747327e-04
1.680606051304514015e+00 6.900247381209304986e-04
1.696314014572462892e+00 7.854536912653144968e-04
1.712021977840411768e+00 8.735419557062842162e-04
1.727729941108360867e+00 9.542895314438399820e-04
1.743437904376309966e+00 1.086421928105294832e-03
1.759145867644258843e+00 1.380049476241860997e-03
1.774853830912207719e+00 1.556226005123800653e-03
1.790561794180156596e+00 1.776446666226225331e-03
1.806269757448105695e+00 2.121459035286690255e-03
1.821977720716054794e+00 2.415086583423256637e-03
1.837685683984003671e+00 2.855527905628105559e-03
1.853393647251952547e+00 3.435442313197823935e-03
1.869101610519901424e+00 3.890565012809501198e-03
1.884809573787850523e+00 4.426435288158734119e-03
1.900517537055799622e+00 4.984327629618210201e-03
1.916225500323748498e+00 5.733077877366454279e-03
1.931933463591697375e+00 6.393739860673727446e-03
1.947641426859646252e+00 7.245259750269769476e-03
1.963349390127595351e+00 8.287637546154580370e-03
1.979057353395544450e+00 9.711731154616924655e-03
1.994765316663493326e+00 1.119455027270658577e-02
2.010473279931442203e+00 1.294163418411915442e-02
2.026181243199391080e+00 1.429966159425077356e-02
2.041889206467340401e+00 1.578982140104384646e-02
2.057597169735289278e+00 1.753690531245641337e-02
2.073305133003238154e+00 1.946016575275092558e-02
2.089013096271187031e+00 2.066403870011084692e-02
2.104721059539135908e+00 2.196334060061515270e-02
2.120429022807084785e+00 2.315253217056824353e-02
2.136136986075034105e+00 2.420959134385988060e-02
2.151844949342982982e+00 2.543548635733004076e-02
2.167552912610931859e+00 2.611082971804414357e-02
2.183260875878880736e+00 2.587592767953489359e-02
2.198968839146830057e+00 2.531803533807541751e-02
2.214676802414778933e+00 2.512717743178664864e-02
2.230384765682727810e+00 2.443715269366571879e-02
2.246092728950676687e+00 2.368840244591747385e-02
2.261800692218625564e+00 2.221292401653122972e-02
2.277508655486574440e+00 2.063467594529718591e-02
2.293216618754523761e+00 1.919590095942801111e-02
2.308924582022472638e+00 1.833704038112855469e-02
2.324632545290421515e+00 1.708178261284473351e-02
2.340340508558370392e+00 1.598067930733261185e-02
2.356048471826319712e+00 1.490893875663414775e-02
2.371756435094268589e+00 1.403539680092786256e-02
2.387464398362217466e+00 1.366836236575715534e-02
2.403172361630166343e+00 1.316919553392499262e-02
2.418880324898115219e+00 1.261864388116893179e-02
2.434588288166064096e+00 1.207543291711628448e-02
2.450296251434013417e+00 1.167903572713191972e-02
2.466004214701962294e+00 1.154690333047046595e-02
2.481712177969911171e+00 1.164233228361484865e-02
2.497420141237860047e+00 1.137806749029194112e-02
2.513128104505809368e+00 1.137806749029193765e-02
2.528836067773758245e+00 1.153956264176704896e-02
2.544544031041707122e+00 1.181116812379337522e-02
2.560251994309655998e+00 1.181850881249678874e-02
2.575959957577604875e+00 1.178914605768313119e-02
2.591667920845554196e+00 1.203872947359921168e-02
2.607375884113503073e+00 1.223692806859139406e-02
2.623083847381451950e+00 1.250119286191430333e-02
2.638791810649400826e+00 1.269205076820307393e-02
2.654499773917350147e+00 1.246448941839723400e-02
2.670207737185299024e+00 1.261130319246551654e-02
2.685915700453247901e+00 1.269205076820307219e-02
2.701623663721196777e+00 1.272875421172014326e-02
2.717331626989145654e+00 1.262598456987234531e-02
2.733039590257094531e+00 1.243512666358357645e-02
2.748747553525043852e+00 1.195798189786165602e-02
2.764455516792992729e+00 1.164967297231826390e-02
2.780163480060941605e+00 1.109178063085878782e-02
2.795871443328890482e+00 1.027696418477981773e-02
2.811579406596839803e+00 9.315333964632561622e-03
2.827287369864788680e+00 8.148164460789711350e-03
2.842995333132737557e+00 7.061742532684416734e-03
2.858703296400686433e+00 6.276288841419101587e-03
2.874411259668635310e+00 5.402746885712817262e-03
2.890119222936584187e+00 4.558567684820189619e-03
2.905827186204533508e+00 3.831839503182188269e-03
2.921535149472482384e+00 3.156496142468086328e-03
2.937243112740431261e+00 2.752758263780308041e-03
2.952951076008380138e+00 2.326998318982287459e-03
2.968659039276329459e+00 1.864534930667195159e-03
2.984367002544278336e+00 1.526863250310143971e-03
3.000074965812227212e+00 1.189191569953092784e-03
3.015782929080176089e+00 9.763115975540823848e-04
3.031490892348124966e+00 7.781130025619003264e-04
3.047198855616073843e+00 6.166178510867889031e-04
3.062906818884023163e+00 4.991668318321625022e-04
3.078614782151972040e+00 3.670344351707077605e-04
3.094322745419920917e+00 2.349020385092529103e-04
3.110030708687869794e+00 1.761765288819396827e-04
3.125738671955818671e+00 1.908579062887679964e-04
