-1.460183660255166826e-04 0.000000000000000000e+00
1.556194490192345029e-02 0.000000000000000000e+00
3.126990816987241378e-02 0.000000000000000000e+00
4.697787143782138769e-02 0.000000000000000000e+00
6.268583470577035466e-02 0.000000000000000000e+00
7.839379797371931469e-02 0.000000000000000000e+00
9.410176124166827472e-02 0.000000000000000000e+00
1.098097245096172625e-01 0.000000000000000000e+00
1.255176877775662225e-01 0.000000000000000000e+00
1.412256510455151548e-01 0.000000000000000000e+00
1.569336143134641426e-01 0.000000000000000000e+00
1.726415775814131304e-01 0.000000000000000000e+00
1.883495408493620626e-01 0.000000000000000000e+00
2.040575041173110504e-01 0.000000000000000000e+00
2.197654673852600382e-01 0.000000000000000000e+00
2.354734306532089705e-01 0.000000000000000000e+00
2.511813939211579583e-01 0.000000000000000000e+00
2.668893571891068905e-01 0.000000000000000000e+00
2.825973204570558783e-01 0.000000000000000000e+00
2.983052837250048661e-01 0.000000000000000000e+00
3.140132469929537984e-01 0.000000000000000000e+00
3.297212102609027862e-01 0.000000000000000000e+00
3.454291735288517184e-01 0.000000000000000000e+00
3.611371367968007062e-01 0.000000000000000000e+00
3.768451000647496940e-01 0.000000000000000000e+00
3.925530633326986818e-01 0.000000000000000000e+00
4.082610266006476141e-01 0.000000000000000000e+00
4.239689898685966019e-01 0.000000000000000000e+00
4.396769531365455341e-01 0.000000000000000000e+00
4.553849164044945219e-01 0.000000000000000000e+00
4.710928796724435097e-01 0.000000000000000000e+00
4.868008429403924420e-01 0.000000000000000000e+00
5.025088062083413742e-01 0.000000000000000000e+00
5.182167694762904731e-01 0.000000000000000000e+00
5.339247327442393498e-01 0.000000000000000000e+00
5.496326960121882266e-01 0.000000000000000000e+00
5.653406592801373254e-01 0.000000000000000000e+00
5.810486225480862021e-01 0.000000000000000000e+00
5.967565858160353010e-01 0.000000000000000000e+00
6.124645490839841777e-01 0.000000000000000000e+00
6.281725123519330545e-01 0.000000000000000000e+00
6.438804756198821533e-01 0.000000000000000000e+00
6.595884388878310300e-01 0.000000000000000000e+00
6.752964021557801289e-01 0.000000000000000000e+00
6.910043654237290056e-01 0.000000000000000000e+00
7.067123286916779934e-01 0.000000000000000000e+00
7.224202919596269812e-01 0.000000000000000000e+00
7.381282552275758579e-01 0.000000000000000000e+00
7.538362184955249568e-01 0.000000000000000000e+00
7.695441817634738335e-01 0.000000000000000000e+00
7.852521450314228213e-01 0.000000000000000000e+00
8.009601082993718091e-01 0.000000000000000000e+00
8.166680715673206858e-01 0.000000000000000000e+00
8.323760348352697847e-01 0.000000000000000000e+00
8.480839981032186614e-01 0.000000000000000000e+00
8.637919613711677602e-01 0.000000000000000000e+00
8.794999246391166370e-01 7.340688703414153447e-06
8.952078879070655137e-01 7.340688703414153447e-06
9.109158511750146126e-01 7.340688703414153447e-06
9.266238144429634893e-01 7.340688703414153447e-06
9.423317777109125881e-01 7.340688703414153447e-06
9.580397409788614649e-01 7.340688703414153447e-06
9.737477042468103416e-01 1.468137740682830859e-05
9.894556675147594405e-01 2.936275481365661718e-05
1.005163630782708317e+00 5.138482092389908430e-05
1.020871594050657194e+00 6.606619833072739797e-05
1.036579557318606293e+00 9.542895314438401176e-05
1.052287520586555392e+00 1.614951514751113962e-04
1.067995483854504268e+00 2.349020385092529374e-04
1.083703447122453145e+00 3.596937464672935901e-04
1.099411410390402022e+00 5.065075205355766726e-04
1.115119373658351121e+00 6.900247381209304986e-04
1.130827336926300219e+00 8.735419557062843246e-04
1.146535300194249096e+00 1.159828815139436319e-03
1.162243263462197973e+00 1.372708787538446827e-03
1.177951226730146850e+00 1.673677024378427162e-03
1.193659189998095949e+00 1.952623195108164986e-03
1.209367153266045047e+00 2.172843856210589231e-03
1.225075116533993924e+00 2.363701762499357661e-03
1.240783079801942801e+00 2.488493470457398341e-03
1.256491043069891678e+00 2.495834159160812294e-03
1.272199006337840776e+00 2.554559668788125657e-03
1.287906969605789875e+00 2.415086583423257070e-03
1.303614932873738752e+00 2.282954186761802437e-03
1.319322896141687629e+00 2.158162478803761324e-03
1.335030859409636728e+00 2.048052148252548985e-03
1.350738822677585604e+00 1.981985949921821668e-03
1.366446785945534703e+00 1.857194241963780771e-03
1.382154749213483580e+00 1.673677024378426945e-03
1.397862712481432457e+00 1.534203939013558142e-03
1.413570675749381556e+00 1.416752919758931632e-03
1.429278639017330432e+00 1.255257768283820317e-03
1.444986602285279531e+00 1.035037107181395856e-03
1.460694565553228408e+00 8.221571347823853487e-04
1.476402528821177285e+00 7.267281816380013505e-04
1.492110492089126383e+00 6.092771623833747327e-04
1.507818455357075260e+00 5.652330301628898188e-04
1.523526418625024359e+00 4.698040770185057664e-04
1.539234381892973236e+00 4.257599447980209067e-04
1.554942345160922113e+00 4.551226996116774799e-04
1.570650308428871211e+00 4.918261431287482234e-04
1.586358271696820088e+00 5.065075205355766726e-04
1.602066234964769187e+00 5.285295866458190753e-04
1.617774198232718064e+00 5.725737188663039892e-04
1.633482161500666940e+00 6.312992284936172439e-04
1.649190124768616039e+00 6.973654268243445606e-04
1.664898088036564916e+00 7.267281816380011337e-04
1.680606051304514015e+00 8.001350686721427291e-04
1.696314014572462892e+00 8.515198895960418134e-04
1.712021977840411768e+00 9.836522862574966636e-04
1.727729941108360867e+00 1.115784682918951514e-03
1.743437904376309966e+00 1.277279834394062829e-03
1.759145867644258843e+00 1.526863250310143971e-03
1.774853830912207719e+00 1.842512864556952647e-03
1.790561794180156596e+00 2.202206611024245912e-03
1.806269757448105695e+00 2.547218980084711270e-03
1.821977720716054794e+00 2.892231349145176628e-03
1.837685683984003671e+00 3.369376114867096185e-03
1.853393647251952547e+00 3.743751238741218658e-03
1.869101610519901424e+00 4.140148428725583425e-03
1.884809573787850523e+00 4.602611817040675075e-03
1.900517537055799622e+00 5.219229668127463653e-03
1.916225500323748498e+00 5.916595094951807021e-03
1.931933463591697375e+00 6.782796361954678693e-03
1.947641426859646252e+00 7.744426582101933063e-03
1.963349390127595351e+00 8.816167132800398903e-03
1.979057353395544450e+00 1.024760142996615844e-02
1.994765316663493326e+00 1.163499159491143339e-02
2.010473279931442203e+00 1.283152385356794122e-02
2.026181243199391080e+00 1.462265189720099445e-02
2.041889206467340401e+00 1.596599792992578482e-02
2.057597169735289278e+00 1.775712597355883979e-02
2.073305133003238154e+00 1.931335197868264131e-02
2.089013096271187031e+00 2.078883040806888197e-02
2.104721059539135908e+00 2.225696814875171431e-02
2.120429022807084785e+00 2.376180933295161252e-02
2.136136986075034105e+00 2.448119682588619991e-02
2.151844949342982982e+00 2.558964082010174029e-02
2.167552912610931859e+00 2.602274145360317786e-02
2.183260875878880736e+00 2.611082971804414704e-02
2.198968839146830057e+00 2.559698150880515208e-02
2.214676802414778933e+00 2.499504503512519488e-02
2.230384765682727810e+00 2.421693203256329585e-02
2.246092728950676687e+00 2.326264250111945153e-02
2.261800692218625564e+00 2.180918613784344970e-02
2.277508655486574440e+00 2.032636701975379379e-02
2.293216618754523761e+00 1.928398922386898376e-02
2.308924582022472638e+00 1.802139076688175079e-02
2.324632545290421515e+00 1.678815506470817190e-02
2.340340508558370392e+00 1.565034831567897744e-02
2.356048471826319712e+00 1.477680635997269225e-02
2.371756435094268589e+00 1.388858302685957828e-02
2.387464398362217466e+00 1.312515140170450630e-02
2.403172361630166343e+00 1.249385217321089155e-02
2.418880324898115219e+00 1.210479567192994030e-02
2.434588288166064096e+00 1.193595983175141373e-02
2.450296251434013417e+00 1.145147437732607978e-02
2.466004214701962294e+00 1.119455027270658404e-02
2.481712177969911171e+00 1.121657233881682807e-02
2.497420141237860047e+00 1.132668266936803954e-02
2.513128104505809368e+00 1.148083713213973733e-02
2.528836067773758245e+00 1.144413368862266453e-02
2.544544031041707122e+00 1.159094746269094880e-02
2.560251994309655998e+00 1.186989363342068685e-02
2.575959957577604875e+00 1.200936671878555587e-02
2.591667920845554196e+00 1.244246735228698997e-02
2.607375884113503073e+00 1.252321492802454563e-02
2.623083847381451950e+00 1.225160944599822457e-02
2.638791810649400826e+00 1.250853355061771859e-02
2.654499773917350147e+00 1.244980804099040696e-02
2.670207737185299024e+00 1.228097220081188039e-02
2.685915700453247901e+00 1.220022462507432473e-02
2.701623663721196777e+00 1.200936671878555587e-02
2.717331626989145654e+00 1.184053087860702930e-02
2.733039590257094531e+00 1.173042054805581783e-02
2.748747553525043852e+00 1.128263853714755495e-02
2.764455516792992729e+00 1.065867999735735372e-02
2.780163480060941605e+00 1.011546903330470641e-02
2.795871443328890482e+00 9.425444295183773094e-03
2.811579406596839803e+00 8.507858207257003313e-03
2.827287369864788680e+00 7.502183854889266090e-03
2.842995333132737557e+00 6.613960521776152124e-03
2.858703296400686433e+00 5.828506830510837844e-03
2.874411259668635310e+00 5.021031073135282137e-03
2.890119222936584187e+00 4.404413222048491824e-03
2.905827186204533508e+00 3.663003663003663000e-03
2.921535149472482384e+00 3.068407878027116717e-03
2.937243112740431261e+00 2.576581734898368385e-03
2.952951076008380138e+00 2.128799723990104642e-03
2.968659039276329459e+00 1.783787354929639067e-03
2.984367002544278336e+00 1.490159806793073336e-03
3.000074965812227212e+00 1.189191569953093001e-03
3.015782929080176089e+00 9.689709088506682144e-04
3.031490892348124966e+00 7.047061155277587309e-04
3.047198855616073843e+00 6.019364736799606708e-04
3.062906818884023163e+00 4.844854544253341614e-04
3.078614782151972040e+00 3.303309916536369085e-04
3.094322745419920917e+00 2.349020385092529103e-04
3.110030708687869794e+00 2.202206611024246237e-04
3.125738671955818671e+00 1.761765288819397098e-04
