-1.460183660255166826e-04 0.000000000000000000e+00
1.556194490192345029e-02 0.000000000000000000e+00
3.126990816987241378e-02 0.000000000000000000e+00
4.697787143782138769e-02 0.000000000000000000e+00
6.268583470577035466e-02 0.000000000000000000e+00
7.839379797371931469e-02 0.000000000000000000e+00
9.410176124166827472e-02 0.000000000000000000e+00
1.098097245096172625e-01 0.000000000000000000e+00
1.255176877775662225e-01 0.000000000000000000e+00
1.412256510455151548e-01 0.000000000000000000e+00
1.569336143134641426e-01 0.000000000000000000e+00
1.726415775814131304e-01 0.000000000000000000e+00
1.883495408493620626e-01 0.000000000000000000e+00
2.040575041173110504e-01 0.000000000000000000e+00
2.197654673852600382e-01 0.000000000000000000e+00
2.354734306532089705e-01 0.000000000000000000e+00
2.511813939211579583e-01 0.000000000000000000e+00
2.668893571891068905e-01 0.000000000000000000e+00
2.825973204570558783e-01 0.000000000000000000e+00
2.983052837250048661e-01 0.000000000000000000e+00
3.140132469929537984e-01 0.000000000000000000e+00
3.297212102609027862e-01 0.000000000000000000e+00
3.454291735288517184e-01 0.000000000000000000e+00
3.611371367968007062e-01 0.000000000000000000e+00
3.768451000647496940e-01 0.000000000000000000e+00
3.925530633326986818e-01 0.000000000000000000e+00
4.082610266006476141e-01 0.000000000000000000e+00
4.239689898685966019e-01 0.000000000000000000e+00
4.396769531365455341e-01 0.000000000000000000e+00
4.553849164044945219e-01 0.000000000000000000e+00
4.710928796724435097e-01 0.000000000000000000e+00
4.868008429403924420e-01 0.000000000000000000e+00
5.025088062083413742e-01 0.000000000000000000e+00
5.182167694762904731e-01 0.000000000000000000e+00
5.339247327442393498e-01 0.000000000000000000e+00
5.496326960121882266e-01 0.000000000000000000e+00
5.653406592801373254e-01 0.000000000000000000e+00
5.810486225480862021e-01 0.000000000000000000e+00
5.967565858160353010e-01 0.000000000000000000e+00
6.124645490839841777e-01 0.000000000000000000e+00
6.281725123519330545e-01 0.000000000000000000e+00
6.438804756198821533e-01 0.000000000000000000e+00
6.595884388878310300e-01 0.000000000000000000e+00
6.752964021557801289e-01 0.000000000000000000e+00
6.910043654237290056e-01 0.000000000000000000e+00
7.067123286916779934e-01 0.000000000000000000e+00
7.224202919596269812e-01 0.000000000000000000e+00
7.381282552275758579e-01 0.000000000000000000e+00
7.538362184955249568e-01 0.000000000000000000e+00
7.695441817634738335e-01 0.000000000000000000e+00
7.852521450314228213e-01 0.000000000000000000e+00
8.009601082993718091e-01 0.000000000000000000e+00
8.166680715673206858e-01 0.000000000000000000e+00
8.323760348352697847e-01 0.000000000000000000e+00
8.480839981032186614e-01 0.000000000000000000e+00
8.637919613711677602e-01 0.000000000000000000e+00
8.794999246391166370e-01 0.000000000000000000e+00
8.952078879070655137e-01 0.000000000000000000e+00
9.109158511750146126e-01 7.340688703414153447e-06
9.266238144429634893e-01 7.340688703414153447e-06
9.423317777109125881e-01 1.468137740682830689e-05
9.580397409788614649e-01 1.468137740682830689e-05
9.737477042468103416e-01 1.468137740682830689e-05
9.894556675147594405e-01 2.202206611024246034e-05
1.005163630782708317e+00 2.936275481365661718e-05
1.020871594050657194e+00 5.872550962731322758e-05
1.036579557318606293e+00 7.340688703414154125e-05
1.052287520586555392e+00 8.808826444096985492e-05
1.067995483854504268e+00 1.247917079580406255e-04
1.083703447122453145e+00 1.541544627716972529e-04
1.099411410390402022e+00 1.835172175853538531e-04
1.115119373658351121e+00 2.275613498058387399e-04
1.130827336926300219e+00 2.202206611024246237e-04
1.146535300194249096e+00 2.716054820263237080e-04
1.162243263462197973e+00 3.303309916536369627e-04
1.177951226730146850e+00 3.303309916536369085e-04
1.193659189998095949e+00 3.817158125775360470e-04
1.209367153266045047e+00 4.184192560946068448e-04
1.225075116533993924e+00 5.065075205355766726e-04
1.240783079801942801e+00 5.945957849765465004e-04
1.256491043069891678e+00 6.312992284936172439e-04
1.272199006337840776e+00 6.533212946038596466e-04
1.287906969605789875e+00 7.120468042311729013e-04
1.303614932873738752e+00 7.854536912653144968e-04
1.319322896141687629e+00 8.148164460789711783e-04
1.335030859409636728e+00 7.193874929345870717e-04
1.350738822677585604e+00 6.680026720106880958e-04
1.366446785945534703e+00 6.606619833072739255e-04
1.382154749213483580e+00 6.239585397902031819e-04
1.397862712481432457e+00 6.312992284936172439e-04
1.413570675749381556e+00 5.432109640526474161e-04
1.429278639017330432e+00 4.844854544253341072e-04
1.444986602285279531e+00 4.991668318321623938e-04
1.460694565553228408e+00 4.477820109082633637e-04
1.476402528821177285e+00 4.037378786877784498e-04
1.492110492089126383e+00 3.670344351707076520e-04
1.507818455357075260e+00 2.862868594331519946e-04
1.523526418625024359e+00 2.569241046194954215e-04
1.539234381892973236e+00 3.156496142468086219e-04
1.554942345160922113e+00 2.862868594331519946e-04
1.570650308428871211e+00 3.450123690604652493e-04
1.586358271696820088e+00 3.229903029502227923e-04
1.602066234964769187e+00 3.523530577638794197e-04
1.617774198232718064e+00 3.963971899843642794e-04
1.633482161500666940e+00 4.698040770185058206e-04
1.649190124768616039e+00 4.624633883150917044e-04
1.664898088036564916e+00 5.211888979424049049e-04
1.680606051304514015e+00 6.166178510867890115e-04
1.696314014572462892e+00 7.487502477482437533e-04
1.712021977840411768e+00 8.294978234857995191e-04
1.727729941108360867e+00 9.616302201472541524e-04
1.743437904376309966e+00 1.108443994215537343e-03
1.759145867644258843e+00 1.262598456987234488e-03
1.774853830912207719e+00 1.416752919758931632e-03
1.790561794180156596e+00 1.695699090488669240e-03
1.806269757448105695e+00 1.864534930667194942e-03
1.821977720716054794e+00 2.070074214362791713e-03
1.837685683984003671e+00 2.393064517313014342e-03
1.853393647251952547e+00 2.818824462111034924e-03
1.869101610519901424e+00 3.354694737460268278e-03
1.884809573787850523e+00 3.927268456326572267e-03
1.900517537055799622e+00 4.595271128337259821e-03
1.916225500323748498e+00 5.424768951823059557e-03
1.931933463591697375e+00 6.393739860673728313e-03
1.947641426859646252e+00 7.568250053219992973e-03
1.963349390127595351e+00 8.706056802249187432e-03
1.979057353395544450e+00 9.946633193126179842e-03
1.994765316663493326e+00 1.128997922585096847e-02
2.010473279931442203e+00 1.254523699413479139e-02
2.026181243199391080e+00 1.413082575407224699e-02
2.041889206467340401e+00 1.581184346715408875e-02
2.057597169735289278e+00 1.750020186893934404e-02
2.073305133003238154e+00 1.917387889331777229e-02
2.089013096271187031e+00 2.100171038046789312e-02
2.104721059539135908e+00 2.257995845170193694e-02
2.120429022807084785e+00 2.408479963590183515e-02
2.136136986075034105e+00 2.539144222510955964e-02
2.151844949342982982e+00 2.600806007619635082e-02
2.167552912610931859e+00 2.661733723857971981e-02
2.183260875878880736e+00 2.688894272060604607e-02
2.198968839146830057e+00 2.629434693562949718e-02
2.214676802414778933e+00 2.589060905694172063e-02
2.230384765682727810e+00 2.514185880919347915e-02
2.246092728950676687e+00 2.426097616478378044e-02
2.261800692218625564e+00 2.333604938815359714e-02
2.277508655486574440e+00 2.174311993951272282e-02
2.293216618754523761e+00 2.012816842476160967e-02
2.308924582022472638e+00 1.886556996777437670e-02
2.324632545290421515e+00 1.766169702041445189e-02
2.340340508558370392e+00 1.664868197934329941e-02
2.356048471826319712e+00 1.546683109809362210e-02
2.371756435094268589e+00 1.457126707627709461e-02
2.387464398362217466e+00 1.388858302685958002e-02
2.403172361630166343e+00 1.382251682852885313e-02
2.418880324898115219e+00 1.356559272390935739e-02
2.434588288166064096e+00 1.326462448706937705e-02
2.450296251434013417e+00 1.272875421172014326e-02
2.466004214701962294e+00 1.222958737988798054e-02
2.481712177969911171e+00 1.200202603008214061e-02
2.497420141237860047e+00 1.186989363342068685e-02
2.513128104505809368e+00 1.135604542418169709e-02
2.528836067773758245e+00 1.146615575473290856e-02
2.544544031041707122e+00 1.126061647103731266e-02
2.560251994309655998e+00 1.159828815139436232e-02
2.575959957577604875e+00 1.200202603008214061e-02
2.591667920845554196e+00 1.215618049285383667e-02
2.607375884113503073e+00 1.275077627783038556e-02
2.623083847381451950e+00 1.319121760003523491e-02
2.638791810649400826e+00 1.300770038244988130e-02
2.654499773917350147e+00 1.340409757243424607e-02
2.670207737185299024e+00 1.347750445946838821e-02
2.685915700453247901e+00 1.350686721428204229e-02
2.701623663721196777e+00 1.374910994149471273e-02
2.717331626989145654e+00 1.326462448706937705e-02
2.733039590257094531e+00 1.294163418411915269e-02
2.748747553525043852e+00 1.268471007949965867e-02
2.764455516792992729e+00 1.206075153970945571e-02
2.780163480060941605e+00 1.153222195306363544e-02
2.795871443328890482e+00 1.060729517643345214e-02
2.811579406596839803e+00 9.535554625734986300e-03
2.827287369864788680e+00 8.603287160401387745e-03
2.842995333132737557e+00 7.582931430626820013e-03
2.858703296400686433e+00 6.635982587886394418e-03
2.874411259668635310e+00 5.733077877366454279e-03
2.890119222936584187e+00 4.624633883150917370e-03
2.905827186204533508e+00 3.934609145029986654e-03
2.921535149472482384e+00 3.237243718205641985e-03
2.937243112740431261e+00 2.598603801008610679e-03
2.952951076008380138e+00 2.121459035286690688e-03
2.968659039276329459e+00 1.769105977522811377e-03
2.984367002544278336e+00 1.358027410131618486e-03
3.000074965812227212e+00 1.086421928105294832e-03
3.015782929080176089e+00 8.221571347823852403e-04
3.031490892348124966e+00 6.900247381209304986e-04
3.047198855616073843e+00 5.872550962731324384e-04
3.062906818884023163e+00 3.963971899843642794e-04
3.078614782151972040e+00 3.009682368399803354e-04
3.094322745419920917e+00 2.495834159160812511e-04
3.110030708687869794e+00 1.908579062887679964e-04
3.125738671955818671e+00 2.055392836955963101e-04
