0.000000000000000000e+00 2.170522924363162360e+02 1.542237163983376824e+01
1.578689775673262907e-02 2.168088210320718474e+02 3.084474327966663409e+01
3.157379551346525814e-02 2.160784068193387100e+02 6.168948655933237291e+01
4.736069327019788722e-02 2.148610497981168237e+02 9.253422983899901055e+01
6.314759102693051629e-02 2.131567499684061602e+02 1.079566014788327664e+02
7.893448878366314536e-02 2.114524501386954967e+02 1.079566014788327664e+02
9.472138654039577443e-02 2.097481503089848331e+02 1.079566014788318711e+02
1.105082842971284035e-01 2.080438504792741981e+02 1.079566014788318711e+02
1.262951820538610326e-01 2.063395506495635345e+02 1.079566014788327664e+02
1.420820798105936755e-01 2.046352508198528710e+02 1.079566014788327664e+02
1.578689775673262907e-01 2.029309509901422075e+02 1.079566014788336759e+02
1.736558753240589059e-01 2.012266511604315156e+02 1.079566014788327664e+02
1.894427730807915489e-01 1.995223513307208805e+02 1.079566014788318711e+02
2.052296708375241918e-01 1.978180515010102170e+02 1.079566014788327664e+02
2.210165685942568070e-01 1.961137516712995534e+02 1.079566014788327664e+02
2.368034663509894222e-01 1.944094518415888899e+02 1.079566014788327664e+02
2.525903641077220652e-01 1.927051520118782264e+02 1.079566014788318711e+02
2.683772618644547081e-01 1.910008521821675913e+02 1.079566014788318711e+02
2.841641596211873511e-01 1.892965523524569278e+02 1.079566014788327664e+02
2.999510573779199385e-01 1.875922525227462643e+02 1.079566014788327664e+02
3.157379551346525814e-01 1.858879526930356008e+02 1.079566014788327664e+02
3.315248528913852244e-01 1.841836528633249372e+02 1.079566014788318711e+02
3.473117506481178118e-01 1.824793530336143021e+02 1.079566014788318711e+02
3.630986484048504548e-01 1.807750532039036386e+02 1.079566014788327664e+02
3.788855461615830977e-01 1.790707533741929751e+02 1.079566014788318711e+02
3.946724439183157407e-01 1.773664535444823400e+02 1.079566014788318711e+02
4.104593416750483836e-01 1.756621537147716765e+02 1.079566014788327664e+02
4.262462394317809711e-01 1.739578538850610130e+02 1.079566014788318711e+02
4.420331371885136140e-01 1.722535540553503779e+02 1.079566014788327664e+02
4.578200349452462570e-01 1.705492542256396860e+02 1.079566014788327664e+02
4.736069327019788444e-01 1.688449543959290509e+02 1.079566014788318711e+02
4.893938304587114874e-01 1.671406545662183873e+02 1.079566014788327664e+02
5.051807282154441303e-01 1.654363547365077238e+02 1.079566014788327664e+02
5.209676259721767178e-01 1.637320549067970603e+02 1.079566014788327664e+02
5.367545237289094162e-01 1.620277550770863968e+02 1.079566014788318711e+02
5.525414214856420037e-01 1.603234552473757617e+02 1.079566014788327664e+02
5.683283192423747021e-01 1.586191554176650698e+02 1.079566014788327664e+02
5.841152169991072896e-01 1.569148555879544347e+02 1.079566014788318711e+02
5.999021147558398770e-01 1.552105557582437712e+02 1.079566014788327664e+02
6.156890125125725755e-01 1.535062559285331076e+02 1.079566014788318711e+02
6.314759102693051629e-01 1.518019560988224725e+02 1.079566014788318711e+02
6.472628080260377503e-01 1.500976562691118090e+02 1.079566014788327664e+02
6.630497057827704488e-01 1.483933564394011455e+02 1.079566014788327664e+02
6.788366035395030362e-01 1.466890566096904820e+02 1.079566014788327664e+02
6.946235012962356237e-01 1.449847567799798185e+02 1.079566014788318711e+02
7.104103990529683221e-01 1.432804569502691834e+02 1.079566014788327664e+02
7.261972968097009096e-01 1.415761571205584914e+02 1.079566014788327664e+02
7.419841945664336080e-01 1.398718572908478563e+02 1.079566014788327664e+02
7.577710923231661955e-01 1.381675574611371644e+02 1.079566014788327664e+02
7.735579900798987829e-01 1.364632576314265293e+02 1.079566014788318711e+02
7.893448878366314814e-01 1.347589578017158658e+02 1.079566014788327664e+02
8.051317855933640688e-01 1.330546579720052023e+02 1.079566014788327664e+02
8.209186833500967673e-01 1.313503581422945388e+02 1.079566014788327664e+02
8.367055811068293547e-01 1.296460583125838752e+02 1.079566014788323258e+02
8.524924788635619421e-01 1.279417584828732259e+02 1.079566014788323258e+02
8.682793766202946406e-01 1.262374586531625624e+02 1.079566014788323258e+02
8.840662743770272280e-01 1.245331588234519131e+02 1.079566014788318711e+02
8.998531721337598155e-01 1.228288589937412638e+02 1.079566014788323258e+02
9.156400698904925139e-01 1.211245591640306003e+02 1.079566014788327664e+02
9.314269676472251014e-01 1.194202593343199368e+02 1.079566014788327664e+02
9.472138654039576888e-01 1.177159595046092733e+02 1.079566014788327664e+02
9.630007631606903873e-01 1.160116596748986098e+02 1.079566014788323258e+02
9.787876609174229747e-01 1.143073598451879604e+02 1.079566014788323258e+02
9.945745586741556732e-01 1.126030600154772969e+02 1.079566014788318711e+02
1.010361456430888261e+00 1.108987601857666618e+02 1.079566014788318711e+02
1.026148354187620848e+00 1.091944603560559983e+02 1.079566014788332211e+02
1.041935251944353436e+00 1.074901605263453206e+02 1.079566014788323258e+02
1.057722149701086245e+00 1.057858606966346855e+02 1.079566014788323258e+02
1.073509047457818832e+00 1.040815608669240078e+02 1.079566014788327664e+02
1.089295945214551420e+00 1.023772610372133585e+02 1.079566014788323258e+02
1.105082842971284007e+00 1.006729612075026949e+02 1.079566014788323258e+02
1.120869740728016595e+00 9.896866137779204564e+01 1.079566014788323258e+02
1.136656638484749404e+00 9.726436154808138213e+01 1.079566014788327664e+02
1.152443536241481992e+00 9.556006171837071861e+01 1.079566014788323258e+02
1.168230433998214579e+00 9.385576188866006930e+01 1.079566014788323258e+02
1.184017331754947167e+00 9.215146205894940579e+01 1.079566014788327664e+02
1.199804229511679754e+00 9.044716222923874227e+01 1.079566014788327664e+02
1.215591127268412341e+00 8.874286239952807875e+01 1.079566014788318711e+02
1.231378025025145151e+00 8.703856256981744366e+01 1.079566014788323258e+02
1.247164922781877738e+00 8.533426274010676593e+01 1.079566014788332211e+02
1.262951820538610326e+00 8.362996291039610242e+01 1.079566014788327664e+02
1.278738718295342913e+00 8.192566308068543890e+01 1.101494682540580925e+02
1.294525616052075501e+00 8.015212612382553914e+01 9.991998008079542615e+01
1.310312513808808310e+00 7.877081006190488210e+01 9.772711330557011422e+01
1.326099411565540898e+00 7.706651023219421859e+01 1.275925282440056350e+02
1.341886309322273485e+00 7.474222966608260776e+01 1.557014761232584021e+02
1.357673207079006072e+00 7.215042366393376483e+01 1.688923897037960842e+02
1.373460104835738660e+00 6.940965588979446466e+01 1.838236834250577090e+02
1.389247002592471247e+00 6.634641227293901977e+01 2.020576191594395539e+02
1.405033900349204057e+00 6.302992994051668063e+01 2.094513488613170580e+02
1.420820798105936644e+00 5.973323821397232081e+01 1.852206688355045969e+02
1.436607695862669232e+00 5.718181041783719110e+01 1.301162581707602897e+02
1.452394593619401819e+00 5.562497408551148226e+01 7.881732381497212714e+01
1.468181491376134407e+00 5.469324835278468555e+01 5.876665029000753293e+01
1.483968389132867216e+00 5.376948788624346065e+01 4.258561490174724184e+01
1.499755286889599804e+00 5.334865885606173919e+01 1.830099182671890290e+01
1.515542184646332391e+00 5.319165611261303894e+01 2.595201594445749294e+01
1.531329082403064978e+00 5.252925521146924837e+01 5.946985926450040694e+01
1.547115980159797566e+00 5.131396693698114575e+01 8.900857756585415359e+01
1.562902877916530375e+00 4.971891658446055828e+01 1.091587691641893940e+02
1.578689775673262963e+00 4.786741028088947303e+01 1.103077146329353582e+02
1.594476673429995550e+00 4.623608335908257772e+01 1.077191604309011694e+02
1.610263571186728138e+00 4.446630753656204149e+01 1.083554188302167347e+02
1.626050468943460725e+00 4.281489152216143168e+01 9.711923126538958684e+01
1.641837366700193535e+00 4.139988478816368911e+01 7.841222990011623040e+01
1.657624264456926122e+00 4.033911980954033538e+01 6.387510511740104846e+01
1.673411162213658709e+00 3.938310528078577022e+01 6.371245288042081967e+01
1.689198059970391297e+00 3.832747585063263784e+01 6.771193524474209369e+01
1.704984957727123884e+00 3.724518248354728200e+01 6.867145520487484589e+01
1.720771855483856472e+00 3.615925736638182997e+01 7.088158831621547051e+01
1.736558753240589281e+00 3.500718170838146648e+01 7.696153297609153299e+01
1.752345650997321869e+00 3.372928966179190269e+01 8.893288673982921466e+01
1.768132548754054456e+00 3.219923292803593284e+01 9.943698627098777365e+01
1.783919446510787044e+00 3.058968659079648234e+01 9.829191759961436503e+01
1.799706344267519631e+00 2.909578402111933215e+01 9.477389993780373345e+01
1.815493242024252440e+00 2.759731485414664931e+01 9.494297148216529081e+01
1.831280139780985028e+00 2.609807405410068171e+01 9.266522921641792720e+01
1.847067037537717615e+00 2.467152185565908340e+01 8.820877546260615532e+01
1.862853935294450203e+00 2.331298821515118291e+01 8.306286050722427206e+01
1.878640833051182790e+00 2.204891208324049501e+01 7.845695335185433805e+01
1.894427730807915378e+00 2.083580441341025136e+01 7.863818763421073754e+01
1.910214628564648187e+00 1.956600602732841310e+01 7.911988358193140414e+01
1.926001526321380775e+00 1.833768938814517213e+01 7.597212229203938705e+01
1.941788424078113362e+00 1.716727777335558613e+01 7.310154033323713918e+01
1.957575321834845949e+00 1.602959630194420981e+01 7.179002942415624489e+01
1.973362219591578537e+00 1.490059406441162260e+01 7.059751720758819715e+01
1.989149117348311346e+00 1.380056472987347504e+01 6.872431859138882260e+01
2.004936015105043712e+00 1.273070648240487301e+01 6.616316733941221173e+01
2.020722912861776521e+00 1.171154241377569072e+01 6.344666056846083535e+01
2.036509810618509331e+00 1.072745459560405124e+01 6.076686101258294315e+01
2.052296708375241696e+00 9.792901970169232584e+00 5.755386525025652134e+01
2.068083606131974506e+00 8.910260623182917783e+00 5.364461361289192354e+01
2.083870503888706871e+00 8.099137909556928250e+00 4.816400718876318621e+01
2.099657401645439680e+00 7.389540109095838361e+00 4.158367179454491946e+01
2.115444299402172490e+00 6.786183559616913996e+00 3.475195042477729146e+01
2.131231197158904855e+00 6.292289132689838027e+00 2.762796714596733594e+01
2.147018094915637665e+00 5.913863774497404968e+00 2.083869814713778723e+01
2.162804992672370030e+00 5.634332338625282155e+00 1.434454591795302569e+01
2.178591890429102840e+00 5.460952014950443356e+00 7.592415177758345735e+00
2.194378788185835649e+00 5.394610974349410171e+00 1.556365201096484796e+00
2.210165685942568015e+00 5.411811658346749709e+00 -3.943844325177235266e+00
2.225952583699300824e+00 5.519133108609496574e+00 -9.512115840586227833e+00
2.241739481456033189e+00 5.712145258797812986e+00 -1.391805264240772111e+01
2.257526379212765999e+00 5.958578856686522762e+00 -1.769276407082245228e+01
2.273313276969498808e+00 6.270772973637946279e+00 -2.171664288235220397e+01
2.289100174726231174e+00 6.644255698292862000e+00 -2.489140097472872526e+01
2.304887072482963983e+00 7.056688978057700901e+00 -2.681807037808399485e+01
2.320673970239696349e+00 7.491003968476205976e+00 -2.699107429771002487e+01
2.336460867996429158e+00 7.908899638622345130e+00 -2.544345289880132910e+01
2.352247765753161524e+00 8.294350347459443995e+00 -2.410648231845893008e+01
2.368034663509894333e+00 8.670032781894333240e+00 -2.207224893208312366e+01
2.383821561266627143e+00 8.991255021763338462e+00 -1.813041034229167181e+01
2.399608459023359508e+00 9.242478650617066194e+00 -1.375839221821458125e+01
2.415395356780092317e+00 9.425659684255297321e+00 -9.021857721206689718e+00
2.431182254536824683e+00 9.527332941458023896e+00 -4.428202392487277095e+00
2.446969152293557492e+00 9.565474841087928226e+00 -1.161475438903902146e+00
2.462756050050290302e+00 9.564005129459888011e+00 2.807268673925098934e+00
2.478542947807022667e+00 9.476838714026060373e+00 7.224686253678787473e+00
2.494329845563755477e+00 9.335894363037290589e+00 1.049099173408174579e+01
2.510116743320487842e+00 9.145598286280709033e+00 1.332827011324270927e+01
2.525903641077220652e+00 8.915070287933534843e+00 1.505931985191974576e+01
2.541690538833953461e+00 8.670118400704327044e+00 1.603119464988548870e+01
2.557477436590685826e+00 8.408904626221492151e+00 1.814273455193267992e+01
2.573264334347418636e+00 8.097283409906523843e+00 1.939740315395817660e+01
2.589051232104151001e+00 7.796454985546170668e+00 1.939001829842792191e+01
2.604838129860883811e+00 7.485066937149611022e+00 1.954574890668684617e+01
2.620625027617616620e+00 7.179321506408903097e+00 1.982334923139704941e+01
2.636411925374348986e+00 6.859168562125471880e+00 2.068658831841550949e+01
2.652198823131081795e+00 6.526167396972012646e+00 2.070793874913908184e+01
2.667985720887814161e+00 6.205340338554790947e+00 1.914237271597037449e+01
2.683772618644546970e+00 5.921770035195427440e+00 1.724702271802673792e+01
2.699559516401279780e+00 5.660786370039724957e+00 1.463913066388754380e+01
2.715346414158012145e+00 5.459557117118943204e+00 1.150844167111590188e+01
2.731133311914744954e+00 5.297421186037269081e+00 7.339535218802142325e+00
2.746920209671477320e+00 5.227820132956607857e+00 1.037165310357401227e+00
2.762707107428210129e+00 5.264673940614384762e+00 -5.155410582548916487e+00
2.778494005184942495e+00 5.390596012477962162e+00 -1.076640017271417626e+01
2.794280902941675304e+00 5.604610058083799196e+00 -1.659391320576181883e+01
2.810067800698408114e+00 5.914528834804876567e+00 -2.262161767264755952e+01
2.825854698455140479e+00 6.318860388663765093e+00 -2.970087131202094000e+01
2.841641596211873289e+00 6.852298072182372302e+00 -3.608823236237804366e+01
2.857428493968605654e+00 7.458302857715908729e+00 -4.114724613833308098e+01
2.873215391725338463e+00 8.151472807696324097e+00 -4.737871937360981889e+01
2.889002289482071273e+00 8.954228854908119928e+00 -5.483602443942884719e+01
2.904789187238803638e+00 9.882854230118233829e+00 -6.123290855392140486e+01
2.920576084995536448e+00 1.088758418828435204e+01 -6.685982526914565938e+01
2.936362982752268813e+00 1.199387268123225603e+01 -7.262743736866877953e+01
2.952149880509001623e+00 1.318070804442970534e+01 -8.027367104534975795e+01
2.967936778265734432e+00 1.452841715593330640e+01 -8.677678096630279470e+01
2.983723676022466798e+00 1.592058038197651371e+01 -8.744545891384456127e+01
2.999510573779199607e+00 1.728940219426016256e+01 -9.008912482966702839e+01
3.015297471535931972e+00 1.876503598733546596e+01 -9.549344754751277264e+01
3.031084369292664782e+00 2.030449278000115143e+01 -9.751599723303148437e+01
3.046871267049397591e+00 2.184398614326284616e+01 -9.289709503311966898e+01
3.062658164806129957e+00 2.323760666237182093e+01 -8.490841367966572761e+01
3.078445062562862766e+00 2.452486703415732805e+01 -7.913569320879297209e+01
3.094231960319595132e+00 2.573622085756257150e+01 -7.566586085497141312e+01
3.110018858076327941e+00 2.691392545214251086e+01 -7.037085073358802845e+01
3.125805755833060751e+00 2.795809570873346672e+01 -6.108508887779796481e+01
3.141592653589793116e+00 2.884261355729195486e+01 -5.602860436473456929e+01
