-1.460183660255166826e-04 0.000000000000000000e+00
1.556194490192345029e-02 0.000000000000000000e+00
3.126990816987241378e-02 0.000000000000000000e+00
4.697787143782138769e-02 0.000000000000000000e+00
6.268583470577035466e-02 0.000000000000000000e+00
7.839379797371931469e-02 0.000000000000000000e+00
9.410176124166827472e-02 0.000000000000000000e+00
1.098097245096172625e-01 0.000000000000000000e+00
1.255176877775662225e-01 0.000000000000000000e+00
1.412256510455151548e-01 0.000000000000000000e+00
1.569336143134641426e-01 0.000000000000000000e+00
1.726415775814131304e-01 0.000000000000000000e+00
1.883495408493620626e-01 0.000000000000000000e+00
2.040575041173110504e-01 0.000000000000000000e+00
2.197654673852600382e-01 0.000000000000000000e+00
2.354734306532089705e-01 0.000000000000000000e+00
2.511813939211579583e-01 0.000000000000000000e+00
2.668893571891068905e-01 0.000000000000000000e+00
2.825973204570558783e-01 0.000000000000000000e+00
2.983052837250048661e-01 0.000000000000000000e+00
3.140132469929537984e-01 0.000000000000000000e+00
3.297212102609027862e-01 0.000000000000000000e+00
3.454291735288517184e-01 0.000000000000000000e+00
3.611371367968007062e-01 0.000000000000000000e+00
3.768451000647496940e-01 0.000000000000000000e+00
3.925530633326986818e-01 0.000000000000000000e+00
4.082610266006476141e-01 0.000000000000000000e+00
4.239689898685966019e-01 0.000000000000000000e+00
4.396769531365455341e-01 0.000000000000000000e+00
4.553849164044945219e-01 0.000000000000000000e+00
4.710928796724435097e-01 0.000000000000000000e+00
4.868008429403924420e-01 0.000000000000000000e+00
5.025088062083413742e-01 0.000000000000000000e+00
5.182167694762904731e-01 0.000000000000000000e+00
5.339247327442393498e-01 0.000000000000000000e+00
5.496326960121882266e-01 0.000000000000000000e+00
5.653406592801373254e-01 0.000000000000000000e+00
5.810486225480862021e-01 0.000000000000000000e+00
5.967565858160353010e-01 0.000000000000000000e+00
6.124645490839841777e-01 0.000000000000000000e+00
6.281725123519330545e-01 0.000000000000000000e+00
6.438804756198821533e-01 0.000000000000000000e+00
6.595884388878310300e-01 0.000000000000000000e+00
6.752964021557801289e-01 0.000000000000000000e+00
6.910043654237290056e-01 0.000000000000000000e+00
7.067123286916779934e-01 0.000000000000000000e+00
7.224202919596269812e-01 0.000000000000000000e+00
7.381282552275758579e-01 0.000000000000000000e+00
7.538362184955249568e-01 0.000000000000000000e+00
7.695441817634738335e-01 0.000000000000000000e+00
7.852521450314228213e-01 0.000000000000000000e+00
8.009601082993718091e-01 0.000000000000000000e+00
8.166680715673206858e-01 0.000000000000000000e+00
8.323760348352697847e-01 0.000000000000000000e+00
8.480839981032186614e-01 0.000000000000000000e+00
8.637919613711677602e-01 0.000000000000000000e+00
8.794999246391166370e-01 0.000000000000000000e+00
8.952078879070655137e-01 0.000000000000000000e+00
9.109158511750146126e-01 0.000000000000000000e+00
9.266238144429634893e-01 0.000000000000000000e+00
9.423317777109125881e-01 0.000000000000000000e+00
9.580397409788614649e-01 7.340688703414153447e-06
9.737477042468103416e-01 2.202206611024246034e-05
9.894556675147594405e-01 2.936275481365661379e-05
1.005163630782708317e+00 5.872550962731322758e-05
1.020871594050657194e+00 8.808826444096984137e-05
1.036579557318606293e+00 1.688358401785255395e-04
1.052287520586555392e+00 2.495834159160812511e-04
1.067995483854504268e+00 3.523530577638793655e-04
1.083703447122453145e+00 5.872550962731323300e-04
1.099411410390402022e+00 7.927943799687286672e-04
1.115119373658351121e+00 1.145147437732607978e-03
1.130827336926300219e+00 1.460797051979416438e-03
1.146535300194249096e+00 1.827831487150124307e-03
1.162243263462197973e+00 2.363701762499357661e-03
1.177951226730146850e+00 2.892231349145176628e-03
1.193659189998095949e+00 3.259265784315884280e-03
1.209367153266045047e+00 3.817158125775359928e-03
1.225075116533993924e+00 4.118126362615340263e-03
1.240783079801942801e+00 4.389731844641663917e-03
1.256491043069891678e+00 4.742084902405543229e-03
1.272199006337840776e+00 4.881557987770412249e-03
1.287906969605789875e+00 4.866876610363583475e-03
1.303614932873738752e+00 4.925602119990896838e-03
1.319322896141687629e+00 4.712722147591885680e-03
1.335030859409636728e+00 4.492501486489461002e-03
1.350738822677585604e+00 4.242918070573380510e-03
1.366446785945534703e+00 3.912587078919744360e-03
1.382154749213483580e+00 3.369376114867096185e-03
1.397862712481432457e+00 3.105111321544186918e-03
1.413570675749381556e+00 2.789461707297378676e-03
1.429278639017330432e+00 2.437108649533499365e-03
1.444986602285279531e+00 2.172843856210589231e-03
1.460694565553228408e+00 1.937941817701336646e-03
1.476402528821177285e+00 1.636973580861356310e-03
1.492110492089126383e+00 1.548885316420386699e-03
1.507818455357075260e+00 1.380049476241860997e-03
1.523526418625024359e+00 1.108443994215537343e-03
1.539234381892973236e+00 1.101103305512122956e-03
1.554942345160922113e+00 9.689709088506683228e-04
1.570650308428871211e+00 9.763115975540824932e-04
1.586358271696820088e+00 9.836522862574966636e-04
1.602066234964769187e+00 1.027696418477981686e-03
1.617774198232718064e+00 1.027696418477981469e-03
1.633482161500666940e+00 1.218554324766749465e-03
1.649190124768616039e+00 1.306642589207719293e-03
1.664898088036564916e+00 1.497500495496487290e-03
1.680606051304514015e+00 1.585588759937457118e-03
1.696314014572462892e+00 1.776446666226225331e-03
1.712021977840411768e+00 1.945282506404750599e-03
1.727729941108360867e+00 2.202206611024245912e-03
1.743437904376309966e+00 2.400405206016428296e-03
1.759145867644258843e+00 2.738076886373479266e-03
1.774853830912207719e+00 3.024363745806631261e-03
1.790561794180156596e+00 3.413420247087581641e-03
1.806269757448105695e+00 3.839180191885602656e-03
1.821977720716054794e+00 4.213555315759724695e-03
1.837685683984003671e+00 4.617293194447502983e-03
1.853393647251952547e+00 5.145822781093322383e-03
1.869101610519901424e+00 5.534879282374271896e-03
1.884809573787850523e+00 6.070749557723504816e-03
1.900517537055799622e+00 6.496509502521527132e-03
1.916225500323748498e+00 6.863543937692234351e-03
1.931933463591697375e+00 7.604953496737064909e-03
1.947641426859646252e+00 8.361044433188722508e-03
1.963349390127595351e+00 9.124476058343794493e-03
1.979057353395544450e+00 9.990677325346662696e-03
1.994765316663493326e+00 1.095230754549391880e-02
2.010473279931442203e+00 1.206809222841287096e-02
2.026181243199391080e+00 1.339675688373083255e-02
2.041889206467340401e+00 1.441711261350540028e-02
2.057597169735289278e+00 1.559162280605166408e-02
2.073305133003238154e+00 1.663400060193647584e-02
2.089013096271187031e+00 1.765435633171104010e-02
2.104721059539135908e+00 1.860130517445146570e-02
2.120429022807084785e+00 1.981985949921821408e-02
2.136136986075034105e+00 2.039977390678793245e-02
2.151844949342982982e+00 2.096500693695082379e-02
2.167552912610931859e+00 2.121459035286690428e-02
2.183260875878880736e+00 2.153758065581712344e-02
2.198968839146830057e+00 2.124395310768055836e-02
2.214676802414778933e+00 2.116320553194300444e-02
2.230384765682727810e+00 2.050988423733914393e-02
2.246092728950676687e+00 2.003273947161722870e-02
2.261800692218625564e+00 1.919590095942801458e-02
2.277508655486574440e+00 1.868939343889243834e-02
2.293216618754523761e+00 1.775712597355883979e-02
2.308924582022472638e+00 1.721391500950619421e-02
2.324632545290421515e+00 1.642846131824087993e-02
2.340340508558370392e+00 1.550353454161069663e-02
2.356048471826319712e+00 1.482819118089659383e-02
2.371756435094268589e+00 1.424093608462346019e-02
2.387464398362217466e+00 1.361697754483325723e-02
2.403172361630166343e+00 1.324994310966254828e-02
2.418880324898115219e+00 1.277279834394062785e-02
2.434588288166064096e+00 1.240576390876991890e-02
2.450296251434013417e+00 1.228097220081187865e-02
2.466004214701962294e+00 1.173042054805581783e-02
2.481712177969911171e+00 1.164233228361484865e-02
2.497420141237860047e+00 1.131934198066462602e-02
2.513128104505809368e+00 1.120923165011341281e-02
2.528836067773758245e+00 1.117252820659634348e-02
2.544544031041707122e+00 1.114316545178268593e-02
2.560251994309655998e+00 1.115050614048610118e-02
2.575959957577604875e+00 1.118720958400317225e-02
2.591667920845554196e+00 1.122391302752024332e-02
2.607375884113503073e+00 1.139274886769876642e-02
2.623083847381451950e+00 1.137072680158852586e-02
2.638791810649400826e+00 1.138540817899535290e-02
2.654499773917350147e+00 1.134870473547828183e-02
2.670207737185299024e+00 1.127529784844414143e-02
2.685915700453247901e+00 1.141477093380901045e-02
2.701623663721196777e+00 1.115050614048610118e-02
2.717331626989145654e+00 1.095964823419733405e-02
2.733039590257094531e+00 1.072474619568807887e-02
2.748747553525043852e+00 1.035037107181395639e-02
2.764455516792992729e+00 9.961314570533006882e-03
2.780163480060941605e+00 9.388740851666702025e-03
2.795871443328890482e+00 8.662012670028702843e-03
2.811579406596839803e+00 8.375725810595549548e-03
2.827287369864788680e+00 7.568250053219992973e-03
2.842995333132737557e+00 6.628641899182981766e-03
2.858703296400686433e+00 6.078090246426920071e-03
2.874411259668635310e+00 5.255933111644534722e-03
2.890119222936584187e+00 4.646655949261159664e-03
2.905827186204533508e+00 4.154829806132411332e-03
2.921535149472482384e+00 3.435442313197823935e-03
2.937243112740431261e+00 2.914253415255418488e-03
2.952951076008380138e+00 2.605944489712024633e-03
2.968659039276329459e+00 2.106777657879862348e-03
2.984367002544278336e+00 1.732402534005740525e-03
3.000074965812227212e+00 1.416752919758931849e-03
3.015782929080176089e+00 1.159828815139436319e-03
3.031490892348124966e+00 9.616302201472542608e-04
3.047198855616073843e+00 7.560909364516580321e-04
3.062906818884023163e+00 5.432109640526474161e-04
3.078614782151972040e+00 4.184192560946067363e-04
3.094322745419920917e+00 3.376716803570510789e-04
3.110030708687869794e+00 2.495834159160812511e-04
3.125738671955818671e+00 2.789461707297378784e-04
