-1.460183660255166826e-04 0.000000000000000000e+00
1.556194490192345029e-02 0.000000000000000000e+00
3.126990816987241378e-02 0.000000000000000000e+00
4.697787143782138769e-02 0.000000000000000000e+00
6.268583470577035466e-02 0.000000000000000000e+00
7.839379797371931469e-02 0.000000000000000000e+00
9.410176124166827472e-02 0.000000000000000000e+00
1.098097245096172625e-01 0.000000000000000000e+00
1.255176877775662225e-01 0.000000000000000000e+00
1.412256510455151548e-01 0.000000000000000000e+00
1.569336143134641426e-01 0.000000000000000000e+00
1.726415775814131304e-01 0.000000000000000000e+00
1.883495408493620626e-01 0.000000000000000000e+00
2.040575041173110504e-01 0.000000000000000000e+00
2.197654673852600382e-01 0.000000000000000000e+00
2.354734306532089705e-01 0.000000000000000000e+00
2.511813939211579583e-01 0.000000000000000000e+00
2.668893571891068905e-01 0.000000000000000000e+00
2.825973204570558783e-01 0.000000000000000000e+00
2.983052837250048661e-01 0.000000000000000000e+00
3.140132469929537984e-01 0.000000000000000000e+00
3.297212102609027862e-01 0.000000000000000000e+00
3.454291735288517184e-01 0.000000000000000000e+00
3.611371367968007062e-01 0.000000000000000000e+00
3.768451000647496940e-01 0.000000000000000000e+00
3.925530633326986818e-01 0.000000000000000000e+00
4.082610266006476141e-01 0.000000000000000000e+00
4.239689898685966019e-01 0.000000000000000000e+00
4.396769531365455341e-01 0.000000000000000000e+00
4.553849164044945219e-01 0.000000000000000000e+00
4.710928796724435097e-01 0.000000000000000000e+00
4.868008429403924420e-01 0.000000000000000000e+00
5.025088062083413742e-01 0.000000000000000000e+00
5.182167694762904731e-01 0.000000000000000000e+00
5.339247327442393498e-01 0.000000000000000000e+00
5.496326960121882266e-01 0.000000000000000000e+00
5.653406592801373254e-01 0.000000000000000000e+00
5.810486225480862021e-01 0.000000000000000000e+00
5.967565858160353010e-01 0.000000000000000000e+00
6.124645490839841777e-01 0.000000000000000000e+00
6.281725123519330545e-01 0.000000000000000000e+00
6.438804756198821533e-01 0.000000000000000000e+00
6.595884388878310300e-01 0.000000000000000000e+00
6.752964021557801289e-01 0.000000000000000000e+00
6.910043654237290056e-01 0.000000000000000000e+00
7.067123286916779934e-01 0.000000000000000000e+00
7.224202919596269812e-01 0.000000000000000000e+00
7.381282552275758579e-01 0.000000000000000000e+00
7.538362184955249568e-01 0.000000000000000000e+00
7.695441817634738335e-01 0.000000000000000000e+00
7.852521450314228213e-01 0.000000000000000000e+00
8.009601082993718091e-01 0.000000000000000000e+00
8.166680715673206858e-01 0.000000000000000000e+00
8.323760348352697847e-01 0.000000000000000000e+00
8.480839981032186614e-01 0.000000000000000000e+00
8.637919613711677602e-01 0.000000000000000000e+00
8.794999246391166370e-01 0.000000000000000000e+00
8.952078879070655137e-01 0.000000000000000000e+00
9.109158511750146126e-01 0.000000000000000000e+00
9.266238144429634893e-01 0.000000000000000000e+00
9.423317777109125881e-01 0.000000000000000000e+00
9.580397409788614649e-01 0.000000000000000000e+00
9.737477042468103416e-01 0.000000000000000000e+00
9.894556675147594405e-01 0.000000000000000000e+00
1.005163630782708317e+00 1.468137740682830689e-05
1.020871594050657194e+00 2.202206611024246034e-05
1.036579557318606293e+00 5.872550962731322758e-05
1.052287520586555392e+00 1.247917079580406255e-04
1.067995483854504268e+00 2.055392836955963372e-04
1.083703447122453145e+00 3.450123690604652493e-04
1.099411410390402022e+00 4.844854544253341614e-04
1.115119373658351121e+00 6.459806059004454763e-04
1.130827336926300219e+00 8.735419557062843246e-04
1.146535300194249096e+00 1.086421928105294832e-03
1.162243263462197973e+00 1.409412231055517462e-03
1.177951226730146850e+00 1.703039779192083627e-03
1.193659189998095949e+00 1.981985949921821668e-03
1.209367153266045047e+00 2.349020385092529320e-03
1.225075116533993924e+00 2.672010688042751950e-03
1.240783079801942801e+00 2.906912726552005402e-03
1.256491043069891678e+00 3.266606473019298667e-03
1.272199006337840776e+00 3.464805068011480617e-03
1.287906969605789875e+00 3.508849200231965639e-03
1.303614932873738752e+00 3.523530577638793546e-03
1.319322896141687629e+00 3.479486445418308524e-03
1.335030859409636728e+00 3.428101624494409548e-03
1.350738822677585604e+00 3.215221652095399257e-03
1.366446785945534703e+00 2.928934792662247263e-03
1.382154749213483580e+00 2.605944489712024633e-03
1.397862712481432457e+00 2.385723828609600389e-03
1.413570675749381556e+00 2.158162478803761324e-03
1.429278639017330432e+00 1.879216308074023499e-03
1.444986602285279531e+00 1.636973580861356310e-03
1.460694565553228408e+00 1.512181872903315847e-03
1.476402528821177285e+00 1.336005344021375975e-03
1.492110492089126383e+00 1.211213636063335295e-03
1.507818455357075260e+00 1.247917079580406364e-03
1.523526418625024359e+00 1.181850881249678614e-03
1.539234381892973236e+00 1.203872947359921342e-03
1.554942345160922113e+00 1.130466060325779638e-03
1.570650308428871211e+00 1.167169503842850490e-03
1.586358271696820088e+00 1.203872947359921125e-03
1.602066234964769187e+00 1.240576390876991977e-03
1.617774198232718064e+00 1.152488126436021932e-03
1.633482161500666940e+00 1.189191569953093001e-03
1.649190124768616039e+00 1.255257768283820317e-03
1.664898088036564916e+00 1.402071542352103508e-03
1.680606051304514015e+00 1.512181872903315630e-03
1.696314014572462892e+00 1.644314269564770481e-03
1.712021977840411768e+00 1.864534930667195159e-03
1.727729941108360867e+00 2.143481101396932983e-03
1.743437904376309966e+00 2.488493470457398341e-03
1.759145867644258843e+00 2.804143084704207017e-03
1.774853830912207719e+00 3.075748566730530670e-03
1.790561794180156596e+00 3.413420247087582075e-03
1.806269757448105695e+00 3.743751238741219092e-03
1.821977720716054794e+00 4.081422919098270062e-03
1.837685683984003671e+00 4.485160797786048349e-03
1.853393647251952547e+00 4.881557987770412249e-03
1.869101610519901424e+00 5.402746885712817262e-03
1.884809573787850523e+00 6.092771623833747978e-03
1.900517537055799622e+00 6.709389474920537423e-03
1.916225500323748498e+00 7.487502477482438183e-03
1.931933463591697375e+00 8.148164460789711350e-03
1.947641426859646252e+00 8.867551953724298747e-03
1.963349390127595351e+00 9.909929749609108773e-03
1.979057353395544450e+00 1.086421928105294962e-02
1.994765316663493326e+00 1.140743024510559693e-02
2.010473279931442203e+00 1.261864388116893179e-02
2.026181243199391080e+00 1.360963685612984198e-02
2.041889206467340401e+00 1.471808085034538062e-02
2.057597169735289278e+00 1.617887790232479597e-02
2.073305133003238154e+00 1.730934396265057518e-02
2.089013096271187031e+00 1.797734663466126620e-02
2.104721059539135908e+00 1.941612162053043752e-02
2.120429022807084785e+00 2.011348704735478263e-02
2.136136986075034105e+00 2.063467594529718591e-02
2.151844949342982982e+00 2.110448002231569281e-02
2.167552912610931859e+00 2.117788690934983495e-02
2.183260875878880736e+00 2.106777657879862001e-02
2.198968839146830057e+00 2.139810757045225789e-02
2.214676802414778933e+00 2.090628142732351216e-02
2.230384765682727810e+00 2.038509252938110541e-02
2.246092728950676687e+00 1.994465120717625606e-02
2.261800692218625564e+00 1.929867060127581080e-02
2.277508655486574440e+00 1.843246933427293913e-02
2.293216618754523761e+00 1.742679498190520190e-02
2.308924582022472638e+00 1.647250545046136105e-02
2.324632545290421515e+00 1.565034831567897744e-02
2.340340508558370392e+00 1.480616911478634806e-02
2.356048471826319712e+00 1.428498021684394305e-02
2.371756435094268589e+00 1.365368098835032656e-02
2.387464398362217466e+00 1.314717346781474859e-02
2.403172361630166343e+00 1.300035969374646605e-02
2.418880324898115219e+00 1.264800663598258761e-02
2.434588288166064096e+00 1.239842322006650711e-02
2.450296251434013417e+00 1.248651148450747629e-02
2.466004214701962294e+00 1.209745498322652678e-02
2.481712177969911171e+00 1.214149911544701137e-02
2.497420141237860047e+00 1.229565357821870916e-02
2.513128104505809368e+00 1.209011429452311326e-02
2.528836067773758245e+00 1.178914605768313119e-02
2.544544031041707122e+00 1.208277360581969627e-02
2.560251994309655998e+00 1.181850881249678700e-02
2.575959957577604875e+00 1.200202603008214235e-02
2.591667920845554196e+00 1.214149911544700963e-02
2.607375884113503073e+00 1.218554324766749596e-02
2.623083847381451950e+00 1.242044528617674767e-02
2.638791810649400826e+00 1.269939145690648571e-02
2.654499773917350147e+00 1.255991837154161669e-02
2.670207737185299024e+00 1.272141352301672974e-02
2.685915700453247901e+00 1.247183010710064925e-02
2.701623663721196777e+00 1.223692806859139580e-02
2.717331626989145654e+00 1.189191569953092914e-02
2.733039590257094531e+00 1.134136404677486658e-02
2.748747553525043852e+00 1.082751583753587682e-02
2.764455516792992729e+00 1.029164556218664303e-02
2.780163480060941605e+00 9.608961512769126703e-03
2.795871443328890482e+00 9.014365727792581287e-03
2.811579406596839803e+00 8.346363055781893733e-03
2.827287369864788680e+00 7.465480411372194154e-03
2.842995333132737557e+00 6.900247381209304552e-03
2.858703296400686433e+00 6.283629530122515974e-03
2.874411259668635310e+00 5.564242037187928577e-03
2.890119222936584187e+00 4.984327629618210201e-03
2.905827186204533508e+00 4.463138731675805188e-03
2.921535149472482384e+00 3.831839503182188269e-03
2.937243112740431261e+00 3.508849200231965639e-03
2.952951076008380138e+00 2.980319613586146239e-03
2.968659039276329459e+00 2.561900357491539611e-03
2.984367002544278336e+00 2.128799723990104642e-03
3.000074965812227212e+00 1.769105977522810944e-03
3.015782929080176089e+00 1.446115674572588314e-03
3.031490892348124966e+00 1.137806749029193808e-03
3.047198855616073843e+00 8.148164460789709615e-04
3.062906818884023163e+00 6.386399171970313059e-04
3.078614782151972040e+00 4.771447657219199368e-04
3.094322745419920917e+00 3.890565012809501632e-04
3.110030708687869794e+00 2.862868594331519946e-04
3.125738671955818671e+00 2.422427272126670807e-04
