-1.460183660255166826e-04 0.000000000000000000e+00
1.556194490192345029e-02 0.000000000000000000e+00
3.126990816987241378e-02 0.000000000000000000e+00
4.697787143782138769e-02 0.000000000000000000e+00
6.268583470577035466e-02 0.000000000000000000e+00
7.839379797371931469e-02 0.000000000000000000e+00
9.410176124166827472e-02 0.000000000000000000e+00
1.098097245096172625e-01 0.000000000000000000e+00
1.255176877775662225e-01 0.000000000000000000e+00
1.412256510455151548e-01 0.000000000000000000e+00
1.569336143134641426e-01 0.000000000000000000e+00
1.726415775814131304e-01 0.000000000000000000e+00
1.883495408493620626e-01 0.000000000000000000e+00
2.040575041173110504e-01 0.000000000000000000e+00
2.197654673852600382e-01 0.000000000000000000e+00
2.354734306532089705e-01 0.000000000000000000e+00
2.511813939211579583e-01 0.000000000000000000e+00
2.668893571891068905e-01 0.000000000000000000e+00
2.825973204570558783e-01 0.000000000000000000e+00
2.983052837250048661e-01 0.000000000000000000e+00
3.140132469929537984e-01 0.000000000000000000e+00
3.297212102609027862e-01 0.000000000000000000e+00
3.454291735288517184e-01 0.000000000000000000e+00
3.611371367968007062e-01 0.000000000000000000e+00
3.768451000647496940e-01 0.000000000000000000e+00
3.925530633326986818e-01 0.000000000000000000e+00
4.082610266006476141e-01 0.000000000000000000e+00
4.239689898685966019e-01 0.000000000000000000e+00
4.396769531365455341e-01 0.000000000000000000e+00
4.553849164044945219e-01 0.000000000000000000e+00
4.710928796724435097e-01 0.000000000000000000e+00
4.868008429403924420e-01 0.000000000000000000e+00
5.025088062083413742e-01 0.000000000000000000e+00
5.182167694762904731e-01 0.000000000000000000e+00
5.339247327442393498e-01 0.000000000000000000e+00
5.496326960121882266e-01 0.000000000000000000e+00
5.653406592801373254e-01 0.000000000000000000e+00
5.810486225480862021e-01 0.000000000000000000e+00
5.967565858160353010e-01 0.000000000000000000e+00
6.124645490839841777e-01 0.000000000000000000e+00
6.281725123519330545e-01 0.000000000000000000e+00
6.438804756198821533e-01 0.000000000000000000e+00
6.595884388878310300e-01 0.000000000000000000e+00
6.752964021557801289e-01 0.000000000000000000e+00
6.910043654237290056e-01 0.000000000000000000e+00
7.067123286916779934e-01 0.000000000000000000e+00
7.224202919596269812e-01 0.000000000000000000e+00
7.381282552275758579e-01 0.000000000000000000e+00
7.538362184955249568e-01 0.000000000000000000e+00
7.695441817634738335e-01 0.000000000000000000e+00
7.852521450314228213e-01 0.000000000000000000e+00
8.009601082993718091e-01 0.000000000000000000e+00
8.166680715673206858e-01 0.000000000000000000e+00
8.323760348352697847e-01 0.000000000000000000e+00
8.480839981032186614e-01 7.340688703414153447e-06
8.637919613711677602e-01 7.340688703414153447e-06
8.794999246391166370e-01 7.340688703414153447e-06
8.952078879070655137e-01 7.340688703414153447e-06
9.109158511750146126e-01 7.340688703414153447e-06
9.266238144429634893e-01 1.468137740682830689e-05
9.423317777109125881e-01 1.468137740682830859e-05
9.580397409788614649e-01 7.340688703414153447e-06
9.737477042468103416e-01 5.138482092389908430e-05
9.894556675147594405e-01 5.872550962731324113e-05
1.005163630782708317e+00 1.247917079580406255e-04
1.020871594050657194e+00 1.688358401785255395e-04
1.036579557318606293e+00 2.128799723990104534e-04
1.052287520586555392e+00 2.789461707297378242e-04
1.067995483854504268e+00 3.670344351707076520e-04
1.083703447122453145e+00 5.065075205355765641e-04
1.099411410390402022e+00 6.386399171970314143e-04
1.115119373658351121e+00 6.753433607141021578e-04
1.130827336926300219e+00 8.368385121892134727e-04
1.146535300194249096e+00 1.064399861995052321e-03
1.162243263462197973e+00 1.291961211800890953e-03
1.177951226730146850e+00 1.526863250310143971e-03
1.193659189998095949e+00 1.769105977522810944e-03
1.209367153266045047e+00 2.128799723990104642e-03
1.225075116533993924e+00 2.547218980084711270e-03
1.240783079801942801e+00 2.708714131559822585e-03
1.256491043069891678e+00 2.884890660441762674e-03
1.272199006337840776e+00 3.053726500620287942e-03
1.287906969605789875e+00 3.178518208578328622e-03
1.303614932873738752e+00 3.097770632840772965e-03
1.319322896141687629e+00 2.972978924882732285e-03
1.335030859409636728e+00 2.723395508966650926e-03
1.350738822677585604e+00 2.569241046194953564e-03
1.366446785945534703e+00 2.393064517313013909e-03
1.382154749213483580e+00 2.209547299727660299e-03
1.397862712481432457e+00 1.923260440294508305e-03
1.413570675749381556e+00 1.761765288819396990e-03
1.429278639017330432e+00 1.563566693827214606e-03
1.444986602285279531e+00 1.482819118089659166e-03
1.460694565553228408e+00 1.387390164945275168e-03
1.476402528821177285e+00 1.240576390876992193e-03
1.492110492089126383e+00 1.130466060325779854e-03
1.507818455357075260e+00 1.115784682918951297e-03
1.523526418625024359e+00 1.064399861995052321e-03
1.539234381892973236e+00 1.005674352367739175e-03
1.554942345160922113e+00 9.102453992233549597e-04
1.570650308428871211e+00 8.955640218165268358e-04
1.586358271696820088e+00 9.763115975540824932e-04
1.602066234964769187e+00 9.322674653335975793e-04
1.617774198232718064e+00 9.469488427404258116e-04
1.633482161500666940e+00 1.027696418477981686e-03
1.649190124768616039e+00 1.101103305512123173e-03
1.664898088036564916e+00 1.196532258656507171e-03
1.680606051304514015e+00 1.394730853648689338e-03
1.696314014572462892e+00 1.490159806793073336e-03
1.712021977840411768e+00 1.673677024378427379e-03
1.727729941108360867e+00 1.908579062887680181e-03
1.743437904376309966e+00 2.143481101396932983e-03
1.759145867644258843e+00 2.459130715643741659e-03
1.774853830912207719e+00 2.664669999339337996e-03
1.790561794180156596e+00 2.928934792662247696e-03
1.806269757448105695e+00 3.281287850426127008e-03
1.821977720716054794e+00 3.626300219486592365e-03
1.837685683984003671e+00 4.081422919098270062e-03
1.853393647251952547e+00 4.536545618709947325e-03
1.869101610519901424e+00 5.101778648872836927e-03
1.884809573787850523e+00 5.608286169408414033e-03
1.900517537055799622e+00 6.063408869020092164e-03
1.916225500323748498e+00 6.569916389555668403e-03
1.931933463591697375e+00 7.142490108421972392e-03
1.947641426859646252e+00 7.979328620611186515e-03
1.963349390127595351e+00 8.860211265020883492e-03
1.979057353395544450e+00 9.542895314438399820e-03
1.994765316663493326e+00 1.050452553458565419e-02
2.010473279931442203e+00 1.171573917064898905e-02
2.026181243199391080e+00 1.311047002429767752e-02
2.041889206467340401e+00 1.420423264110638739e-02
2.057597169735289278e+00 1.534938007883899537e-02
2.073305133003238154e+00 1.639909856342722239e-02
2.089013096271187031e+00 1.746349842542227124e-02
2.104721059539135908e+00 1.860864586315488095e-02
2.120429022807084785e+00 1.932069266738605309e-02
2.136136986075034105e+00 1.980517812181138704e-02
2.151844949342982982e+00 2.046584010511865934e-02
2.167552912610931859e+00 2.063467594529718938e-02
2.183260875878880736e+00 2.088425936121326987e-02
2.198968839146830057e+00 2.069340145492450100e-02
2.214676802414778933e+00 2.030434495364355149e-02
2.230384765682727810e+00 2.009880566994795559e-02
2.246092728950676687e+00 1.970240847996358735e-02
2.261800692218625564e+00 1.912983476109728423e-02
2.277508655486574440e+00 1.830033693761148536e-02
2.293216618754523761e+00 1.757360875597348271e-02
2.308924582022472638e+00 1.714784881117546386e-02
2.324632545290421515e+00 1.663400060193647584e-02
2.340340508558370392e+00 1.604674550566333874e-02
2.356048471826319712e+00 1.539342421105948169e-02
2.371756435094268589e+00 1.493096082274439004e-02
2.387464398362217466e+00 1.482819118089659036e-02
2.403172361630166343e+00 1.445381605702246962e-02
2.418880324898115219e+00 1.391060509296982231e-02
2.434588288166064096e+00 1.368304374316398411e-02
2.450296251434013417e+00 1.328664655317961935e-02
2.466004214701962294e+00 1.306642589207719293e-02
2.481712177969911171e+00 1.288290867449183932e-02
2.497420141237860047e+00 1.276545765523721433e-02
2.513128104505809368e+00 1.247183010710064752e-02
2.528836067773758245e+00 1.222224669118456529e-02
2.544544031041707122e+00 1.202404809619238464e-02
2.560251994309655998e+00 1.205341085100604219e-02
2.575959957577604875e+00 1.227363151210846513e-02
2.591667920845554196e+00 1.225160944599822284e-02
2.607375884113503073e+00 1.233969771043919375e-02
2.623083847381451950e+00 1.247917079580406277e-02
2.638791810649400826e+00 1.291961211800891039e-02
2.654499773917350147e+00 1.323526173225571950e-02
2.670207737185299024e+00 1.335271275151034623e-02
2.685915700453247901e+00 1.322792104355230598e-02
2.701623663721196777e+00 1.308110726948402171e-02
2.717331626989145654e+00 1.248651148450747456e-02
2.733039590257094531e+00 1.241310459747333242e-02
2.748747553525043852e+00 1.192127845434458495e-02
2.764455516792992729e+00 1.135604542418169709e-02
2.780163480060941605e+00 1.095964823419733232e-02
2.795871443328890482e+00 1.015217247682177575e-02
2.811579406596839803e+00 9.425444295183773094e-03
2.827287369864788680e+00 8.779463689283329569e-03
2.842995333132737557e+00 7.766448648212175357e-03
2.858703296400686433e+00 7.047061155277587960e-03
2.874411259668635310e+00 6.158837822164475728e-03
2.890119222936584187e+00 5.109119337576251314e-03
2.905827186204533508e+00 4.338347023717764941e-03
2.921535149472482384e+00 3.795136059665117634e-03
2.937243112740431261e+00 3.347354048756853891e-03
2.952951076008380138e+00 2.811483773407620970e-03
2.968659039276329459e+00 2.400405206016428296e-03
2.984367002544278336e+00 2.026030082142306690e-03
3.000074965812227212e+00 1.681017713081841333e-03
3.015782929080176089e+00 1.490159806793073336e-03
3.031490892348124966e+00 1.269939145690648658e-03
3.047198855616073843e+00 9.469488427404259201e-04
3.062906818884023163e+00 7.634316251550720940e-04
3.078614782151972040e+00 5.505516527560615865e-04
3.094322745419920917e+00 4.037378786877783956e-04
3.110030708687869794e+00 3.229903029502227381e-04
3.125738671955818671e+00 3.229903029502227381e-04
