-1.460183660255166826e-04 0.000000000000000000e+00
1.556194490192345029e-02 0.000000000000000000e+00
3.126990816987241378e-02 0.000000000000000000e+00
4.697787143782138769e-02 0.000000000000000000e+00
6.268583470577035466e-02 0.000000000000000000e+00
7.839379797371931469e-02 0.000000000000000000e+00
9.410176124166827472e-02 0.000000000000000000e+00
1.098097245096172625e-01 0.000000000000000000e+00
1.255176877775662225e-01 0.000000000000000000e+00
1.412256510455151548e-01 0.000000000000000000e+00
1.569336143134641426e-01 0.000000000000000000e+00
1.726415775814131304e-01 0.000000000000000000e+00
1.883495408493620626e-01 0.000000000000000000e+00
2.040575041173110504e-01 0.000000000000000000e+00
2.197654673852600382e-01 0.000000000000000000e+00
2.354734306532089705e-01 0.000000000000000000e+00
2.511813939211579583e-01 0.000000000000000000e+00
2.668893571891068905e-01 0.000000000000000000e+00
2.825973204570558783e-01 0.000000000000000000e+00
2.983052837250048661e-01 0.000000000000000000e+00
3.140132469929537984e-01 0.000000000000000000e+00
3.297212102609027862e-01 0.000000000000000000e+00
3.454291735288517184e-01 0.000000000000000000e+00
3.611371367968007062e-01 0.000000000000000000e+00
3.768451000647496940e-01 0.000000000000000000e+00
3.925530633326986818e-01 0.000000000000000000e+00
4.082610266006476141e-01 0.000000000000000000e+00
4.239689898685966019e-01 0.000000000000000000e+00
4.396769531365455341e-01 0.000000000000000000e+00
4.553849164044945219e-01 0.000000000000000000e+00
4.710928796724435097e-01 0.000000000000000000e+00
4.868008429403924420e-01 0.000000000000000000e+00
5.025088062083413742e-01 0.000000000000000000e+00
5.182167694762904731e-01 0.000000000000000000e+00
5.339247327442393498e-01 0.000000000000000000e+00
5.496326960121882266e-01 0.000000000000000000e+00
5.653406592801373254e-01 0.000000000000000000e+00
5.810486225480862021e-01 0.000000000000000000e+00
5.967565858160353010e-01 0.000000000000000000e+00
6.124645490839841777e-01 0.000000000000000000e+00
6.281725123519330545e-01 0.000000000000000000e+00
6.438804756198821533e-01 0.000000000000000000e+00
6.595884388878310300e-01 0.000000000000000000e+00
6.752964021557801289e-01 0.000000000000000000e+00
6.910043654237290056e-01 0.000000000000000000e+00
7.067123286916779934e-01 0.000000000000000000e+00
7.224202919596269812e-01 0.000000000000000000e+00
7.381282552275758579e-01 0.000000000000000000e+00
7.538362184955249568e-01 0.000000000000000000e+00
7.695441817634738335e-01 0.000000000000000000e+00
7.852521450314228213e-01 0.000000000000000000e+00
8.009601082993718091e-01 0.000000000000000000e+00
8.166680715673206858e-01 0.000000000000000000e+00
8.323760348352697847e-01 0.000000000000000000e+00
8.480839981032186614e-01 0.000000000000000000e+00
8.637919613711677602e-01 0.000000000000000000e+00
8.794999246391166370e-01 2.202206611024246373e-05
8.952078879070655137e-01 2.936275481365661718e-05
9.109158511750146126e-01 3.670344351707077062e-05
9.266238144429634893e-01 3.670344351707077062e-05
9.423317777109125881e-01 3.670344351707077062e-05
9.580397409788614649e-01 3.670344351707077062e-05
9.737477042468103416e-01 3.670344351707077062e-05
9.894556675147594405e-01 2.936275481365661379e-05
1.005163630782708317e+00 4.404413222048492746e-05
1.020871594050657194e+00 5.872550962731323435e-05
1.036579557318606293e+00 1.541544627716972529e-04
1.052287520586555392e+00 2.349020385092529645e-04
1.067995483854504268e+00 3.523530577638794197e-04
1.083703447122453145e+00 4.991668318321625022e-04
1.099411410390402022e+00 6.826840494175163282e-04
1.115119373658351121e+00 9.249267766301833005e-04
1.130827336926300219e+00 1.225895013470163853e-03
1.146535300194249096e+00 1.512181872903315847e-03
1.162243263462197973e+00 1.908579062887680181e-03
1.177951226730146850e+00 2.349020385092529320e-03
1.193659189998095949e+00 2.774780329890549901e-03
1.209367153266045047e+00 3.215221652095399257e-03
1.225075116533993924e+00 3.604278153376349204e-03
1.240783079801942801e+00 3.780454682258288859e-03
1.256491043069891678e+00 4.008016032064127925e-03
1.272199006337840776e+00 4.169511183539238372e-03
1.287906969605789875e+00 4.235577381869966122e-03
1.303614932873738752e+00 4.198873938352895921e-03
1.319322896141687629e+00 4.022697409470956699e-03
1.335030859409636728e+00 3.685025729113905295e-03
1.350738822677585604e+00 3.450123690604652710e-03
1.366446785945534703e+00 3.171177519874914669e-03
1.382154749213483580e+00 2.818824462111035357e-03
1.397862712481432457e+00 2.422427272126671024e-03
1.413570675749381556e+00 2.077414903066205666e-03
1.429278639017330432e+00 1.827831487150124523e-03
1.444986602285279531e+00 1.658995646971599038e-03
1.460694565553228408e+00 1.614951514751114016e-03
1.476402528821177285e+00 1.453456363276002484e-03
1.492110492089126383e+00 1.358027410131618486e-03
1.507818455357075260e+00 1.262598456987234488e-03
1.523526418625024359e+00 1.189191569953093001e-03
1.539234381892973236e+00 1.115784682918951297e-03
1.554942345160922113e+00 1.093762616808708786e-03
1.570650308428871211e+00 1.005674352367739175e-03
1.586358271696820088e+00 1.035037107181395639e-03
1.602066234964769187e+00 1.049718484588223980e-03
1.617774198232718064e+00 1.079081239401880445e-03
1.633482161500666940e+00 1.123125371622365684e-03
1.649190124768616039e+00 1.130466060325779638e-03
1.664898088036564916e+00 1.218554324766749682e-03
1.680606051304514015e+00 1.336005344021375975e-03
1.696314014572462892e+00 1.358027410131618486e-03
1.712021977840411768e+00 1.504841184199901677e-03
1.727729941108360867e+00 1.651654958268184868e-03
1.743437904376309966e+00 1.842512864556952647e-03
1.759145867644258843e+00 2.216887988431074687e-03
1.774853830912207719e+00 2.613285178415438587e-03
1.790561794180156596e+00 2.980319613586146672e-03
1.806269757448105695e+00 3.538211955045622321e-03
1.821977720716054794e+00 3.956631211140228949e-03
1.837685683984003671e+00 4.367709778531421623e-03
1.853393647251952547e+00 4.954964874804554387e-03
1.869101610519901424e+00 5.439450329229887464e-03
1.884809573787850523e+00 5.872550962731323300e-03
1.900517537055799622e+00 6.599279144369325084e-03
1.916225500323748498e+00 7.201215618049284888e-03
1.931933463591697375e+00 7.759107959508760102e-03
1.947641426859646252e+00 8.845529887614056452e-03
1.963349390127595351e+00 9.623642890175955478e-03
1.979057353395544450e+00 1.048984415717882542e-02
1.994765316663493326e+00 1.132668266936804127e-02
2.010473279931442203e+00 1.225160944599822457e-02
2.026181243199391080e+00 1.313249209040791982e-02
2.041889206467340401e+00 1.416752919758931806e-02
2.057597169735289278e+00 1.488691669052390545e-02
2.073305133003238154e+00 1.573109589141653136e-02
2.089013096271187031e+00 1.640643925213063417e-02
2.104721059539135908e+00 1.755158668986324388e-02
2.120429022807084785e+00 1.854257966482415060e-02
2.136136986075034105e+00 1.952623195108164900e-02
2.151844949342982982e+00 1.994465120717625606e-02
2.167552912610931859e+00 2.064201663400060463e-02
2.183260875878880736e+00 2.103841382398496593e-02
2.198968839146830057e+00 2.131001930601128871e-02
2.214676802414778933e+00 2.097234762565423905e-02
2.230384765682727810e+00 2.035572977456745133e-02
2.246092728950676687e+00 1.967304572514993327e-02
2.261800692218625564e+00 1.928398922386898029e-02
2.277508655486574440e+00 1.852789828741732356e-02
2.293216618754523761e+00 1.769105977522811290e-02
2.308924582022472638e+00 1.679549575341158368e-02
2.324632545290421515e+00 1.624494410065552286e-02
2.340340508558370392e+00 1.543746834327996628e-02
2.356048471826319712e+00 1.481350980348976332e-02
2.371756435094268589e+00 1.410880368796200296e-02
2.387464398362217466e+00 1.338941619502741730e-02
2.403172361630166343e+00 1.295631556152598146e-02
2.418880324898115219e+00 1.268471007949965694e-02
2.434588288166064096e+00 1.212681773804018259e-02
2.450296251434013417e+00 1.212681773804018086e-02
2.466004214701962294e+00 1.153956264176704896e-02
2.481712177969911171e+00 1.170105779324216028e-02
2.497420141237860047e+00 1.154690333047046422e-02
2.513128104505809368e+00 1.167169503842850446e-02
2.528836067773758245e+00 1.162765090620801814e-02
2.544544031041707122e+00 1.171573917064899079e-02
2.560251994309655998e+00 1.156892539658070651e-02
2.575959957577604875e+00 1.208277360581969800e-02
2.591667920845554196e+00 1.209011429452311326e-02
2.607375884113503073e+00 1.222958737988797881e-02
2.623083847381451950e+00 1.212681773804018259e-02
2.638791810649400826e+00 1.203138878489579816e-02
2.654499773917350147e+00 1.200936671878555587e-02
2.670207737185299024e+00 1.213415842674359611e-02
2.685915700453247901e+00 1.198734465267531357e-02
2.701623663721196777e+00 1.211947704933676734e-02
2.717331626989145654e+00 1.207543291711628275e-02
2.733039590257094531e+00 1.206809222841286923e-02
2.748747553525043852e+00 1.195798189786165776e-02
2.764455516792992729e+00 1.172307985935240431e-02
2.780163480060941605e+00 1.115050614048610118e-02
2.795871443328890482e+00 1.040909658144127149e-02
2.811579406596839803e+00 9.447466361294017123e-03
2.827287369864788680e+00 8.522539584663833823e-03
2.842995333132737557e+00 7.582931430626820880e-03
2.858703296400686433e+00 6.885566003802476645e-03
2.874411259668635310e+00 6.041386802909848135e-03
2.890119222936584187e+00 5.175185535906978197e-03
2.905827186204533508e+00 4.587930439633846301e-03
2.921535149472482384e+00 3.890565012809502066e-03
2.937243112740431261e+00 3.376716803570511440e-03
2.952951076008380138e+00 2.818824462111035357e-03
2.968659039276329459e+00 2.356361073795943274e-03
2.984367002544278336e+00 1.989326638625235621e-03
3.000074965812227212e+00 1.717721156598911968e-03
3.015782929080176089e+00 1.468137740682831042e-03
3.031490892348124966e+00 1.225895013470163853e-03
3.047198855616073843e+00 1.027696418477981469e-03
3.062906818884023163e+00 8.515198895960418134e-04
3.078614782151972040e+00 6.092771623833747327e-04
3.094322745419920917e+00 4.404413222048492475e-04
3.110030708687869794e+00 3.890565012809502174e-04
3.125738671955818671e+00 3.376716803570510789e-04
