-1.460183660255166826e-04 0.000000000000000000e+00
1.556194490192345029e-02 0.000000000000000000e+00
3.126990816987241378e-02 0.000000000000000000e+00
4.697787143782138769e-02 0.000000000000000000e+00
6.268583470577035466e-02 0.000000000000000000e+00
7.839379797371931469e-02 0.000000000000000000e+00
9.410176124166827472e-02 0.000000000000000000e+00
1.098097245096172625e-01 0.000000000000000000e+00
1.255176877775662225e-01 0.000000000000000000e+00
1.412256510455151548e-01 0.000000000000000000e+00
1.569336143134641426e-01 0.000000000000000000e+00
1.726415775814131304e-01 0.000000000000000000e+00
1.883495408493620626e-01 0.000000000000000000e+00
2.040575041173110504e-01 0.000000000000000000e+00
2.197654673852600382e-01 0.000000000000000000e+00
2.354734306532089705e-01 0.000000000000000000e+00
2.511813939211579583e-01 0.000000000000000000e+00
2.668893571891068905e-01 0.000000000000000000e+00
2.825973204570558783e-01 0.000000000000000000e+00
2.983052837250048661e-01 0.000000000000000000e+00
3.140132469929537984e-01 0.000000000000000000e+00
3.297212102609027862e-01 0.000000000000000000e+00
3.454291735288517184e-01 0.000000000000000000e+00
3.611371367968007062e-01 0.000000000000000000e+00
3.768451000647496940e-01 0.000000000000000000e+00
3.925530633326986818e-01 0.000000000000000000e+00
4.082610266006476141e-01 0.000000000000000000e+00
4.239689898685966019e-01 0.000000000000000000e+00
4.396769531365455341e-01 0.000000000000000000e+00
4.553849164044945219e-01 0.000000000000000000e+00
4.710928796724435097e-01 0.000000000000000000e+00
4.868008429403924420e-01 0.000000000000000000e+00
5.025088062083413742e-01 0.000000000000000000e+00
5.182167694762904731e-01 0.000000000000000000e+00
5.339247327442393498e-01 0.000000000000000000e+00
5.496326960121882266e-01 0.000000000000000000e+00
5.653406592801373254e-01 0.000000000000000000e+00
5.810486225480862021e-01 0.000000000000000000e+00
5.967565858160353010e-01 0.000000000000000000e+00
6.124645490839841777e-01 0.000000000000000000e+00
6.281725123519330545e-01 0.000000000000000000e+00
6.438804756198821533e-01 0.000000000000000000e+00
6.595884388878310300e-01 0.000000000000000000e+00
6.752964021557801289e-01 0.000000000000000000e+00
6.910043654237290056e-01 0.000000000000000000e+00
7.067123286916779934e-01 0.000000000000000000e+00
7.224202919596269812e-01 0.000000000000000000e+00
7.381282552275758579e-01 0.000000000000000000e+00
7.538362184955249568e-01 0.000000000000000000e+00
7.695441817634738335e-01 0.000000000000000000e+00
7.852521450314228213e-01 0.000000000000000000e+00
8.009601082993718091e-01 0.000000000000000000e+00
8.166680715673206858e-01 0.000000000000000000e+00
8.323760348352697847e-01 0.000000000000000000e+00
8.480839981032186614e-01 0.000000000000000000e+00
8.637919613711677602e-01 0.000000000000000000e+00
8.794999246391166370e-01 0.000000000000000000e+00
8.952078879070655137e-01 0.000000000000000000e+00
9.109158511750146126e-01 0.000000000000000000e+00
9.266238144429634893e-01 0.000000000000000000e+00
9.423317777109125881e-01 0.000000000000000000e+00
9.580397409788614649e-01 0.000000000000000000e+00
9.737477042468103416e-01 0.000000000000000000e+00
9.894556675147594405e-01 1.468137740682830689e-05
1.005163630782708317e+00 7.340688703414154125e-05
1.020871594050657194e+00 1.101103305512123119e-04
1.036579557318606293e+00 1.688358401785255395e-04
1.052287520586555392e+00 2.422427272126670807e-04
1.067995483854504268e+00 3.596937464672935359e-04
1.083703447122453145e+00 4.771447657219199910e-04
1.099411410390402022e+00 6.386399171970314143e-04
1.115119373658351121e+00 8.588605782994559838e-04
1.130827336926300219e+00 1.013015041071153345e-03
1.146535300194249096e+00 1.269939145690648658e-03
1.162243263462197973e+00 1.644314269564770697e-03
1.177951226730146850e+00 1.893897685480851623e-03
1.193659189998095949e+00 2.444449338236913318e-03
1.209367153266045047e+00 2.958297547475903944e-03
1.225075116533993924e+00 3.237243718205641552e-03
1.240783079801942801e+00 3.538211955045622321e-03
1.256491043069891678e+00 3.751091927444632611e-03
1.272199006337840776e+00 3.919927767623157880e-03
1.287906969605789875e+00 3.912587078919744360e-03
1.303614932873738752e+00 3.721729172630976364e-03
1.319322896141687629e+00 3.413420247087581641e-03
1.335030859409636728e+00 3.266606473019298667e-03
1.350738822677585604e+00 3.009682368399803354e-03
1.366446785945534703e+00 2.708714131559822585e-03
1.382154749213483580e+00 2.297635564168630344e-03
1.397862712481432457e+00 2.121459035286690688e-03
1.413570675749381556e+00 1.864534930667195375e-03
1.429278639017330432e+00 1.629632892157942357e-03
1.444986602285279531e+00 1.446115674572588531e-03
1.460694565553228408e+00 1.409412231055517679e-03
1.476402528821177285e+00 1.291961211800891169e-03
1.492110492089126383e+00 1.189191569953093001e-03
1.507818455357075260e+00 1.115784682918951514e-03
1.523526418625024359e+00 1.035037107181395639e-03
1.539234381892973236e+00 1.020355729774567516e-03
1.554942345160922113e+00 9.469488427404259201e-04
1.570650308428871211e+00 8.808826444096983866e-04
1.586358271696820088e+00 9.616302201472541524e-04
1.602066234964769187e+00 1.064399861995052321e-03
1.617774198232718064e+00 1.101103305512122956e-03
1.633482161500666940e+00 1.174510192546264443e-03
1.649190124768616039e+00 1.277279834394062612e-03
1.664898088036564916e+00 1.291961211800891169e-03
1.680606051304514015e+00 1.431434297165759756e-03
1.696314014572462892e+00 1.504841184199901460e-03
1.712021977840411768e+00 1.636973580861356310e-03
1.727729941108360867e+00 1.915919751591094351e-03
1.743437904376309966e+00 2.165503167507175277e-03
1.759145867644258843e+00 2.407745894719842683e-03
1.774853830912207719e+00 2.723395508966650926e-03
1.790561794180156596e+00 3.105111321544186918e-03
1.806269757448105695e+00 3.685025729113905295e-03
1.821977720716054794e+00 4.008016032064127925e-03
1.837685683984003671e+00 4.492501486489462736e-03
1.853393647251952547e+00 4.896239365177241024e-03
1.869101610519901424e+00 5.549560659781099803e-03
1.884809573787850523e+00 6.114793689943989405e-03
1.900517537055799622e+00 6.694708097513708649e-03
1.916225500323748498e+00 7.406754901744881658e-03
1.931933463591697375e+00 8.060076196348740438e-03
1.947641426859646252e+00 8.801485755393570129e-03
1.963349390127595351e+00 9.535554625734986300e-03
1.979057353395544450e+00 1.027696418477981599e-02
1.994765316663493326e+00 1.106241787604513027e-02
2.010473279931442203e+00 1.228097220081187865e-02
2.026181243199391080e+00 1.348484514817179999e-02
2.041889206467340401e+00 1.449786018924295421e-02
2.057597169735289278e+00 1.569439244789946203e-02
2.073305133003238154e+00 1.691294677266621041e-02
2.089013096271187031e+00 1.780117010577932438e-02
2.104721059539135908e+00 1.903440580795290327e-02
2.120429022807084785e+00 1.976113398959090245e-02
2.136136986075034105e+00 2.013550911346502492e-02
2.151844949342982982e+00 2.054658768085621673e-02
2.167552912610931859e+00 2.062733525659377065e-02
2.183260875878880736e+00 2.092096280473033920e-02
2.198968839146830057e+00 2.075946765325522789e-02
2.214676802414778933e+00 2.050254354863573214e-02
2.230384765682727810e+00 2.020891600049916706e-02
2.246092728950676687e+00 1.948952850756457966e-02
2.261800692218625564e+00 1.889493272258803078e-02
2.277508655486574440e+00 1.854992035352756585e-02
2.293216618754523761e+00 1.770574115263494341e-02
2.308924582022472638e+00 1.704507916932766765e-02
2.324632545290421515e+00 1.607610826047699629e-02
2.340340508558370392e+00 1.521724768217754334e-02
2.356048471826319712e+00 1.476946567126927873e-02
2.371756435094268589e+00 1.428498021684394478e-02
2.387464398362217466e+00 1.353622996909570157e-02
2.403172361630166343e+00 1.283152385356794122e-02
2.418880324898115219e+00 1.254523699413478965e-02
2.434588288166064096e+00 1.247183010710064752e-02
2.450296251434013417e+00 1.237640115395626308e-02
2.466004214701962294e+00 1.203872947359921168e-02
2.481712177969911171e+00 1.209011429452311152e-02
2.497420141237860047e+00 1.201670740748897112e-02
2.513128104505809368e+00 1.211213636063335555e-02
2.528836067773758245e+00 1.217820255896408244e-02
2.544544031041707122e+00 1.228097220081187865e-02
2.560251994309655998e+00 1.198000396397189832e-02
2.575959957577604875e+00 1.190659707693775618e-02
2.591667920845554196e+00 1.193595983175141373e-02
2.607375884113503073e+00 1.214149911544701310e-02
2.623083847381451950e+00 1.225895013470163636e-02
2.638791810649400826e+00 1.217820255896407897e-02
2.654499773917350147e+00 1.212681773804018433e-02
2.670207737185299024e+00 1.225160944599822284e-02
2.685915700453247901e+00 1.244246735228699170e-02
2.701623663721196777e+00 1.241310459747333415e-02
2.717331626989145654e+00 1.178914605768313292e-02
2.733039590257094531e+00 1.161296952880119283e-02
2.748747553525043852e+00 1.135604542418169709e-02
2.764455516792992729e+00 1.076879032790856519e-02
2.780163480060941605e+00 1.014483178811836049e-02
2.795871443328890482e+00 9.374059474259874986e-03
2.811579406596839803e+00 8.691375424842358657e-03
2.827287369864788680e+00 8.221571347823851753e-03
2.842995333132737557e+00 7.267281816380011771e-03
2.858703296400686433e+00 6.459806059004455196e-03
2.874411259668635310e+00 5.799144075697181162e-03
2.890119222936584187e+00 5.277955177754777016e-03
2.905827186204533508e+00 4.705381458888473027e-03
2.921535149472482384e+00 4.015356720767542312e-03
2.937243112740431261e+00 3.362035426163682231e-03
2.952951076008380138e+00 2.965638236179317898e-03
2.968659039276329459e+00 2.627966555822267361e-03
2.984367002544278336e+00 2.246250743244730935e-03
3.000074965812227212e+00 1.827831487150124307e-03
3.015782929080176089e+00 1.512181872903315847e-03
3.031490892348124966e+00 1.313983277911133681e-03
3.047198855616073843e+00 1.181850881249678830e-03
3.062906818884023163e+00 9.469488427404259201e-04
3.078614782151972040e+00 7.193874929345871801e-04
3.094322745419920917e+00 5.432109640526475245e-04
3.110030708687869794e+00 4.404413222048492475e-04
3.125738671955818671e+00 4.918261431287483318e-04
