-1.460183660255166826e-04 0.000000000000000000e+00
1.556194490192345029e-02 0.000000000000000000e+00
3.126990816987241378e-02 0.000000000000000000e+00
4.697787143782138769e-02 0.000000000000000000e+00
6.268583470577035466e-02 0.000000000000000000e+00
7.839379797371931469e-02 0.000000000000000000e+00
9.410176124166827472e-02 0.000000000000000000e+00
1.098097245096172625e-01 0.000000000000000000e+00
1.255176877775662225e-01 0.000000000000000000e+00
1.412256510455151548e-01 0.000000000000000000e+00
1.569336143134641426e-01 0.000000000000000000e+00
1.726415775814131304e-01 0.000000000000000000e+00
1.883495408493620626e-01 0.000000000000000000e+00
2.040575041173110504e-01 0.000000000000000000e+00
2.197654673852600382e-01 0.000000000000000000e+00
2.354734306532089705e-01 0.000000000000000000e+00
2.511813939211579583e-01 0.000000000000000000e+00
2.668893571891068905e-01 0.000000000000000000e+00
2.825973204570558783e-01 0.000000000000000000e+00
2.983052837250048661e-01 0.000000000000000000e+00
3.140132469929537984e-01 0.000000000000000000e+00
3.297212102609027862e-01 0.000000000000000000e+00
3.454291735288517184e-01 0.000000000000000000e+00
3.611371367968007062e-01 0.000000000000000000e+00
3.768451000647496940e-01 0.000000000000000000e+00
3.925530633326986818e-01 0.000000000000000000e+00
4.082610266006476141e-01 0.000000000000000000e+00
4.239689898685966019e-01 0.000000000000000000e+00
4.396769531365455341e-01 0.000000000000000000e+00
4.553849164044945219e-01 0.000000000000000000e+00
4.710928796724435097e-01 0.000000000000000000e+00
4.868008429403924420e-01 0.000000000000000000e+00
5.025088062083413742e-01 0.000000000000000000e+00
5.182167694762904731e-01 0.000000000000000000e+00
5.339247327442393498e-01 0.000000000000000000e+00
5.496326960121882266e-01 0.000000000000000000e+00
5.653406592801373254e-01 0.000000000000000000e+00
5.810486225480862021e-01 0.000000000000000000e+00
5.967565858160353010e-01 0.000000000000000000e+00
6.124645490839841777e-01 0.000000000000000000e+00
6.281725123519330545e-01 0.000000000000000000e+00
6.438804756198821533e-01 0.000000000000000000e+00
6.595884388878310300e-01 0.000000000000000000e+00
6.752964021557801289e-01 0.000000000000000000e+00
6.910043654237290056e-01 0.000000000000000000e+00
7.067123286916779934e-01 0.000000000000000000e+00
7.224202919596269812e-01 0.000000000000000000e+00
7.381282552275758579e-01 0.000000000000000000e+00
7.538362184955249568e-01 0.000000000000000000e+00
7.695441817634738335e-01 0.000000000000000000e+00
7.852521450314228213e-01 0.000000000000000000e+00
8.009601082993718091e-01 0.000000000000000000e+00
8.166680715673206858e-01 0.000000000000000000e+00
8.323760348352697847e-01 0.000000000000000000e+00
8.480839981032186614e-01 0.000000000000000000e+00
8.637919613711677602e-01 0.000000000000000000e+00
8.794999246391166370e-01 0.000000000000000000e+00
8.952078879070655137e-01 0.000000000000000000e+00
9.109158511750146126e-01 0.000000000000000000e+00
9.266238144429634893e-01 7.340688703414153447e-06
9.423317777109125881e-01 7.340688703414153447e-06
9.580397409788614649e-01 7.340688703414153447e-06
9.737477042468103416e-01 2.202206611024246034e-05
9.894556675147594405e-01 3.670344351707077062e-05
1.005163630782708317e+00 8.074757573755569808e-05
1.020871594050657194e+00 1.174510192546264687e-04
1.036579557318606293e+00 2.055392836955963372e-04
1.052287520586555392e+00 3.303309916536369085e-04
1.067995483854504268e+00 4.624633883150916502e-04
1.083703447122453145e+00 6.239585397902031819e-04
1.099411410390402022e+00 8.001350686721428376e-04
1.115119373658351121e+00 9.983336636643250044e-04
1.130827336926300219e+00 1.181850881249678830e-03
1.146535300194249096e+00 1.438774985869174360e-03
1.162243263462197973e+00 1.739743222709154696e-03
1.177951226730146850e+00 1.967304572514993327e-03
1.193659189998095949e+00 2.378383139906186002e-03
1.209367153266045047e+00 2.679351376746166337e-03
1.225075116533993924e+00 3.119792698951015693e-03
1.240783079801942801e+00 3.391398180977339347e-03
1.256491043069891678e+00 3.508849200231966073e-03
1.272199006337840776e+00 3.604278153376349637e-03
1.287906969605789875e+00 3.589596775969521297e-03
1.303614932873738752e+00 3.457464379308067097e-03
1.319322896141687629e+00 3.362035426163682665e-03
1.335030859409636728e+00 2.950956858772489991e-03
1.350738822677585604e+00 2.738076886373479700e-03
1.366446785945534703e+00 2.481152781753983953e-03
1.382154749213483580e+00 2.194865922320831959e-03
1.397862712481432457e+00 2.011348704735478349e-03
1.413570675749381556e+00 1.754424600115982820e-03
1.429278639017330432e+00 1.548885316420386482e-03
1.444986602285279531e+00 1.446115674572588314e-03
1.460694565553228408e+00 1.343346032724790145e-03
1.476402528821177285e+00 1.255257768283820317e-03
1.492110492089126383e+00 1.181850881249678830e-03
1.507818455357075260e+00 1.101103305512123173e-03
1.523526418625024359e+00 1.013015041071153345e-03
1.539234381892973236e+00 9.322674653335975793e-04
1.554942345160922113e+00 8.441792008926277515e-04
1.570650308428871211e+00 7.854536912653144968e-04
1.586358271696820088e+00 8.294978234857993023e-04
1.602066234964769187e+00 8.955640218165267273e-04
1.617774198232718064e+00 1.005674352367739175e-03
1.633482161500666940e+00 1.247917079580406364e-03
1.649190124768616039e+00 1.365368098835032873e-03
1.664898088036564916e+00 1.592929448640871505e-03
1.680606051304514015e+00 1.769105977522811160e-03
1.696314014572462892e+00 1.952623195108164986e-03
1.712021977840411768e+00 2.048052148252548985e-03
1.727729941108360867e+00 2.326998318982287026e-03
1.743437904376309966e+00 2.525196913974469409e-03
1.759145867644258843e+00 2.906912726552004968e-03
1.774853830912207719e+00 3.127133387654429646e-03
1.790561794180156596e+00 3.413420247087581641e-03
1.806269757448105695e+00 3.721729172630976364e-03
1.821977720716054794e+00 4.118126362615341131e-03
1.837685683984003671e+00 4.397072533345078305e-03
1.853393647251952547e+00 4.932942808694312092e-03
1.869101610519901424e+00 5.321999309975261605e-03
1.884809573787850523e+00 5.938617161062050183e-03
1.900517537055799622e+00 6.731411541030778850e-03
1.916225500323748498e+00 7.414095590448296046e-03
1.931933463591697375e+00 8.140823772086296095e-03
1.947641426859646252e+00 9.065750548716481130e-03
1.963349390127595351e+00 9.902589060905693519e-03
1.979057353395544450e+00 1.096698892290074757e-02
1.994765316663493326e+00 1.178180536897971940e-02
2.010473279931442203e+00 1.278747972134745836e-02
2.026181243199391080e+00 1.386656096074933772e-02
2.041889206467340401e+00 1.477680635997269051e-02
2.057597169735289278e+00 1.589259104289164268e-02
2.073305133003238154e+00 1.668538542286037221e-02
2.089013096271187031e+00 1.739009153838812910e-02
2.104721059539135908e+00 1.863066792926512324e-02
2.120429022807084785e+00 1.940144024312361049e-02
2.136136986075034105e+00 2.004742084902405228e-02
2.151844949342982982e+00 2.075212696455181263e-02
2.167552912610931859e+00 2.092830349343375446e-02
2.183260875878880736e+00 2.076680834195863967e-02
2.198968839146830057e+00 2.056126905826304377e-02
2.214676802414778933e+00 2.023827875531282461e-02
2.230384765682727810e+00 1.973177123477724837e-02
2.246092728950676687e+00 1.903440580795289633e-02
2.261800692218625564e+00 1.816820454095003159e-02
2.277508655486574440e+00 1.731668465135399043e-02
2.293216618754523761e+00 1.697901297099693729e-02
2.308924582022472638e+00 1.622292203454527709e-02
2.324632545290421515e+00 1.554757867383117775e-02
2.340340508558370392e+00 1.481350980348976332e-02
2.356048471826319712e+00 1.438040916998832922e-02
2.371756435094268589e+00 1.379315407371519732e-02
2.387464398362217466e+00 1.358027410131618616e-02
2.403172361630166343e+00 1.316185484522158083e-02
2.418880324898115219e+00 1.313983277911133507e-02
2.434588288166064096e+00 1.297833762763622549e-02
2.450296251434013417e+00 1.289759005189866983e-02
2.466004214701962294e+00 1.250853355061771859e-02
2.481712177969911171e+00 1.256725906024503195e-02
2.497420141237860047e+00 1.246448941839723226e-02
2.513128104505809368e+00 1.237640115395626308e-02
2.528836067773758245e+00 1.198000396397189832e-02
2.544544031041707122e+00 1.163499159491143339e-02
2.560251994309655998e+00 1.167169503842850446e-02
2.575959957577604875e+00 1.186255294471727333e-02
2.591667920845554196e+00 1.213415842674359785e-02
2.607375884113503073e+00 1.215618049285384188e-02
2.623083847381451950e+00 1.221490600248115177e-02
2.638791810649400826e+00 1.246448941839723226e-02
2.654499773917350147e+00 1.259662181505868950e-02
2.670207737185299024e+00 1.247917079580406104e-02
2.685915700453247901e+00 1.230299426692212268e-02
2.701623663721196777e+00 1.217086187026066892e-02
2.717331626989145654e+00 1.198000396397190005e-02
2.733039590257094531e+00 1.166435434972509094e-02
2.748747553525043852e+00 1.114316545178268419e-02
2.764455516792992729e+00 1.054122897810272352e-02
2.780163480060941605e+00 1.013015041071153172e-02
2.795871443328890482e+00 9.550236003141815075e-03
2.811579406596839803e+00 8.757441623173085540e-03
2.827287369864788680e+00 8.001350686721427075e-03
2.842995333132737557e+00 7.267281816380012638e-03
2.858703296400686433e+00 6.775455673251264306e-03
2.874411259668635310e+00 6.092771623833747978e-03
2.890119222936584187e+00 5.175185535906979065e-03
2.905827186204533508e+00 4.573249062227018394e-03
2.921535149472482384e+00 3.831839503182188269e-03
2.937243112740431261e+00 3.310650605239783256e-03
2.952951076008380138e+00 2.921594103958833743e-03
2.968659039276329459e+00 2.532537602677883363e-03
2.984367002544278336e+00 2.180184544914004052e-03
3.000074965812227212e+00 1.937941817701337079e-03
3.015782929080176089e+00 1.695699090488669673e-03
3.031490892348124966e+00 1.497500495496487507e-03
3.047198855616073843e+00 1.211213636063335512e-03
3.062906818884023163e+00 9.322674653335976877e-04
3.078614782151972040e+00 7.267281816380012421e-04
3.094322745419920917e+00 5.872550962731323300e-04
3.110030708687869794e+00 4.771447657219200452e-04
3.125738671955818671e+00 4.110785673911926202e-04
