-1.460183660255166826e-04 0.000000000000000000e+00
1.556194490192345029e-02 0.000000000000000000e+00
3.126990816987241378e-02 0.000000000000000000e+00
4.697787143782138769e-02 0.000000000000000000e+00
6.268583470577035466e-02 0.000000000000000000e+00
7.839379797371931469e-02 0.000000000000000000e+00
9.410176124166827472e-02 0.000000000000000000e+00
1.098097245096172625e-01 0.000000000000000000e+00
1.255176877775662225e-01 0.000000000000000000e+00
1.412256510455151548e-01 0.000000000000000000e+00
1.569336143134641426e-01 0.000000000000000000e+00
1.726415775814131304e-01 0.000000000000000000e+00
1.883495408493620626e-01 0.000000000000000000e+00
2.040575041173110504e-01 0.000000000000000000e+00
2.197654673852600382e-01 0.000000000000000000e+00
2.354734306532089705e-01 0.000000000000000000e+00
2.511813939211579583e-01 0.000000000000000000e+00
2.668893571891068905e-01 0.000000000000000000e+00
2.825973204570558783e-01 0.000000000000000000e+00
2.983052837250048661e-01 0.000000000000000000e+00
3.140132469929537984e-01 0.000000000000000000e+00
3.297212102609027862e-01 0.000000000000000000e+00
3.454291735288517184e-01 0.000000000000000000e+00
3.611371367968007062e-01 0.000000000000000000e+00
3.768451000647496940e-01 0.000000000000000000e+00
3.925530633326986818e-01 0.000000000000000000e+00
4.082610266006476141e-01 0.000000000000000000e+00
4.239689898685966019e-01 0.000000000000000000e+00
4.396769531365455341e-01 0.000000000000000000e+00
4.553849164044945219e-01 0.000000000000000000e+00
4.710928796724435097e-01 0.000000000000000000e+00
4.868008429403924420e-01 0.000000000000000000e+00
5.025088062083413742e-01 0.000000000000000000e+00
5.182167694762904731e-01 0.000000000000000000e+00
5.339247327442393498e-01 0.000000000000000000e+00
5.496326960121882266e-01 0.000000000000000000e+00
5.653406592801373254e-01 0.000000000000000000e+00
5.810486225480862021e-01 0.000000000000000000e+00
5.967565858160353010e-01 0.000000000000000000e+00
6.124645490839841777e-01 0.000000000000000000e+00
6.281725123519330545e-01 0.000000000000000000e+00
6.438804756198821533e-01 0.000000000000000000e+00
6.595884388878310300e-01 0.000000000000000000e+00
6.752964021557801289e-01 0.000000000000000000e+00
6.910043654237290056e-01 0.000000000000000000e+00
7.067123286916779934e-01 0.000000000000000000e+00
7.224202919596269812e-01 0.000000000000000000e+00
7.381282552275758579e-01 0.000000000000000000e+00
7.538362184955249568e-01 0.000000000000000000e+00
7.695441817634738335e-01 0.000000000000000000e+00
7.852521450314228213e-01 0.000000000000000000e+00
8.009601082993718091e-01 0.000000000000000000e+00
8.166680715673206858e-01 0.000000000000000000e+00
8.323760348352697847e-01 0.000000000000000000e+00
8.480839981032186614e-01 0.000000000000000000e+00
8.637919613711677602e-01 0.000000000000000000e+00
8.794999246391166370e-01 0.000000000000000000e+00
8.952078879070655137e-01 0.000000000000000000e+00
9.109158511750146126e-01 0.000000000000000000e+00
9.266238144429634893e-01 0.000000000000000000e+00
9.423317777109125881e-01 0.000000000000000000e+00
9.580397409788614649e-01 0.000000000000000000e+00
9.737477042468103416e-01 2.202206611024246373e-05
9.894556675147594405e-01 2.936275481365661718e-05
1.005163630782708317e+00 8.074757573755568453e-05
1.020871594050657194e+00 1.321323966614547417e-04
1.036579557318606293e+00 1.761765288819396556e-04
1.052287520586555392e+00 2.349020385092528832e-04
1.067995483854504268e+00 3.376716803570510247e-04
1.083703447122453145e+00 4.624633883150916502e-04
1.099411410390402022e+00 6.826840494175163282e-04
1.115119373658351121e+00 7.854536912653144968e-04
1.130827336926300219e+00 9.542895314438399820e-04
1.146535300194249096e+00 1.233235702173577806e-03
1.162243263462197973e+00 1.512181872903315630e-03
1.177951226730146850e+00 1.813150109743296183e-03
1.193659189998095949e+00 2.099436969176448394e-03
1.209367153266045047e+00 2.282954186761802003e-03
1.225075116533993924e+00 2.591263112305196292e-03
1.240783079801942801e+00 2.716054820263236972e-03
1.256491043069891678e+00 2.804143084704207017e-03
1.272199006337840776e+00 2.943616170069075604e-03
1.287906969605789875e+00 2.995000990992974579e-03
1.303614932873738752e+00 3.031704434510045648e-03
1.319322896141687629e+00 2.943616170069075604e-03
1.335030859409636728e+00 2.716054820263236972e-03
1.350738822677585604e+00 2.730736197670065313e-03
1.366446785945534703e+00 2.547218980084711704e-03
1.382154749213483580e+00 2.275613498058388050e-03
1.397862712481432457e+00 2.070074214362791713e-03
1.413570675749381556e+00 1.820490798446710353e-03
1.429278639017330432e+00 1.651654958268184434e-03
1.444986602285279531e+00 1.541544627716972312e-03
1.460694565553228408e+00 1.321323966614547634e-03
1.476402528821177285e+00 1.211213636063335512e-03
1.492110492089126383e+00 1.115784682918951297e-03
1.507818455357075260e+00 9.836522862574966636e-04
1.523526418625024359e+00 9.249267766301834089e-04
1.539234381892973236e+00 8.808826444096986034e-04
1.554942345160922113e+00 8.882233331131126654e-04
1.570650308428871211e+00 8.294978234857994107e-04
1.586358271696820088e+00 8.735419557062843246e-04
1.602066234964769187e+00 9.029047105199408977e-04
1.617774198232718064e+00 9.102453992233550681e-04
1.633482161500666940e+00 9.322674653335974709e-04
1.649190124768616039e+00 1.042377795884809810e-03
1.664898088036564916e+00 1.181850881249678614e-03
1.680606051304514015e+00 1.336005344021375975e-03
1.696314014572462892e+00 1.578248071234043164e-03
1.712021977840411768e+00 1.739743222709154479e-03
1.727729941108360867e+00 2.011348704735477916e-03
1.743437904376309966e+00 2.260932120651559275e-03
1.759145867644258843e+00 2.569241046194953998e-03
1.774853830912207719e+00 2.730736197670064879e-03
1.790561794180156596e+00 3.127133387654429646e-03
1.806269757448105695e+00 3.354694737460268278e-03
1.821977720716054794e+00 3.758432616148047432e-03
1.837685683984003671e+00 4.184192560946068014e-03
1.853393647251952547e+00 4.617293194447502983e-03
1.869101610519901424e+00 5.079756582762594633e-03
1.884809573787850523e+00 5.578923414594757352e-03
1.900517537055799622e+00 6.151497133461061341e-03
1.916225500323748498e+00 6.797477739361506600e-03
1.931933463591697375e+00 7.414095590448296046e-03
1.947641426859646252e+00 8.030713441535084623e-03
1.963349390127595351e+00 8.654671981325287589e-03
1.979057353395544450e+00 9.550236003141815075e-03
1.994765316663493326e+00 1.068070206346759428e-02
2.010473279931442203e+00 1.148083713213973733e-02
2.026181243199391080e+00 1.257459974894844720e-02
2.041889206467340401e+00 1.402805611222444904e-02
2.057597169735289278e+00 1.545949040939020858e-02
2.073305133003238154e+00 1.714050812247205208e-02
2.089013096271187031e+00 1.829299624890807358e-02
2.104721059539135908e+00 1.915185682720752999e-02
2.120429022807084785e+00 2.045849941641524755e-02
2.136136986075034105e+00 2.121459035286690428e-02
2.151844949342982982e+00 2.175046062821613807e-02
2.167552912610931859e+00 2.201472542153904560e-02
2.183260875878880736e+00 2.212483575209026054e-02
2.198968839146830057e+00 2.172109787340248399e-02
2.214676802414778933e+00 2.172109787340248399e-02
2.230384765682727810e+00 2.109713933361228103e-02
2.246092728950676687e+00 2.067137938881425871e-02
2.261800692218625564e+00 1.959963883811579113e-02
2.277508655486574440e+00 1.851321691001049652e-02
2.293216618754523761e+00 1.734604740616764451e-02
2.308924582022472638e+00 1.664134129063988762e-02
2.324632545290421515e+00 1.574577726882336187e-02
2.340340508558370392e+00 1.500436770977853045e-02
2.356048471826319712e+00 1.393996784778347986e-02
2.371756435094268589e+00 1.349218583687521351e-02
2.387464398362217466e+00 1.336005344021375975e-02
2.403172361630166343e+00 1.302238175985670834e-02
2.418880324898115219e+00 1.284620523097476999e-02
2.434588288166064096e+00 1.267736939079624342e-02
2.450296251434013417e+00 1.262598456987234358e-02
2.466004214701962294e+00 1.263332525857575883e-02
2.481712177969911171e+00 1.247917079580406277e-02
2.497420141237860047e+00 1.256725906024503368e-02
2.513128104505809368e+00 1.255257768283820317e-02
2.528836067773758245e+00 1.258928112635527424e-02
2.544544031041707122e+00 1.264800663598258761e-02
2.560251994309655998e+00 1.260396250376210128e-02
2.575959957577604875e+00 1.281684247616111244e-02
2.591667920845554196e+00 1.306642589207719467e-02
2.607375884113503073e+00 1.292695280671232565e-02
2.623083847381451950e+00 1.293429349541573917e-02
2.638791810649400826e+00 1.283152385356794122e-02
2.654499773917350147e+00 1.269205076820307393e-02
2.670207737185299024e+00 1.254523699413479139e-02
2.685915700453247901e+00 1.216352118155725540e-02
2.701623663721196777e+00 1.196532258656507128e-02
2.717331626989145654e+00 1.156892539658070825e-02
2.733039590257094531e+00 1.126061647103731266e-02
2.748747553525043852e+00 1.102571443252805920e-02
2.764455516792992729e+00 1.068804275217100780e-02
2.780163480060941605e+00 1.017419454293201804e-02
2.795871443328890482e+00 9.638324267582784252e-03
2.811579406596839803e+00 8.948299529461854404e-03
2.827287369864788680e+00 8.294978234857993890e-03
2.842995333132737557e+00 7.494843166185850836e-03
2.858703296400686433e+00 6.812159116768335375e-03
2.874411259668635310e+00 5.931276472358635796e-03
2.890119222936584187e+00 5.211888979424049266e-03
2.905827186204533508e+00 4.639315260557745277e-03
2.921535149472482384e+00 4.081422919098269195e-03
2.937243112740431261e+00 3.560234021155865049e-03
2.952951076008380138e+00 3.171177519874914669e-03
2.968659039276329459e+00 2.664669999339337996e-03
2.984367002544278336e+00 2.297635564168630344e-03
3.000074965812227212e+00 2.004008016032063962e-03
3.015782929080176089e+00 1.769105977522811160e-03
3.031490892348124966e+00 1.424093608462346019e-03
3.047198855616073843e+00 1.196532258656507171e-03
3.062906818884023163e+00 9.689709088506684312e-04
3.078614782151972040e+00 7.193874929345871801e-04
3.094322745419920917e+00 5.725737188663040976e-04
3.110030708687869794e+00 4.624633883150916502e-04
3.125738671955818671e+00 4.257599447980209609e-04
