0.000000000000000000e+00 2.777971532287347145e+02 3.266008245862630588e+01
1.578689775673262907e-02 2.772815518462339242e+02 6.532016491724901641e+01
3.157379551346525814e-02 2.757347476987316668e+02 1.306403298344926327e+02
4.736069327019788722e-02 2.731567407862279993e+02 1.959604947517416349e+02
6.314759102693051629e-02 2.695475311087226942e+02 2.286205772103661502e+02
7.893448878366314536e-02 2.659383214312175028e+02 2.286205772103643596e+02
9.472138654039577443e-02 2.623291117537122545e+02 2.286205772103661502e+02
1.105082842971284035e-01 2.587199020762070063e+02 2.286205772103652407e+02
1.262951820538610326e-01 2.551106923987017865e+02 2.286205772103652407e+02
1.420820798105936755e-01 2.515014827211965383e+02 2.286205772103652407e+02
1.578689775673262907e-01 2.478922730436913184e+02 2.286205772103652407e+02
1.736558753240589059e-01 2.442830633661860702e+02 2.286205772103652407e+02
1.894427730807915489e-01 2.406738536886808504e+02 2.286205772103652407e+02
2.052296708375241918e-01 2.370646440111756021e+02 2.286205772103652407e+02
2.210165685942568070e-01 2.334554343336703823e+02 2.286205772103652407e+02
2.368034663509894222e-01 2.298462246561651341e+02 2.286205772103652407e+02
2.525903641077220652e-01 2.262370149786599143e+02 2.286205772103652407e+02
2.683772618644547081e-01 2.226278053011546660e+02 2.286205772103652407e+02
2.841641596211873511e-01 2.190185956236494462e+02 2.286205772103652407e+02
2.999510573779199385e-01 2.154093859461441980e+02 2.286205772103661502e+02
3.157379551346525814e-01 2.118001762686389498e+02 2.286205772103652407e+02
3.315248528913852244e-01 2.081909665911337299e+02 2.286205772103661502e+02
3.473117506481178118e-01 2.045817569136284533e+02 2.286205772103652407e+02
3.630986484048504548e-01 2.009725472361232619e+02 2.286205772103643596e+02
3.788855461615830977e-01 1.973633375586180136e+02 2.286205772103652407e+02
3.946724439183157407e-01 1.937541278811127938e+02 2.286205772103661502e+02
4.104593416750483836e-01 1.901449182036075172e+02 2.286205772103652407e+02
4.262462394317809711e-01 1.865357085261023258e+02 2.286205772103643596e+02
4.420331371885136140e-01 1.829264988485970775e+02 2.286205772103652407e+02
4.578200349452462570e-01 1.793172891710918577e+02 2.286205772103661502e+02
4.736069327019788444e-01 1.757080794935865811e+02 2.286205772103661502e+02
4.893938304587114874e-01 1.720988698160813613e+02 2.286205772103643596e+02
5.051807282154441303e-01 1.684896601385761414e+02 2.286205772103652407e+02
5.209676259721767178e-01 1.648804504610708932e+02 2.286205772103661502e+02
5.367545237289094162e-01 1.612712407835656450e+02 2.286205772103652407e+02
5.525414214856420037e-01 1.576620311060604251e+02 2.286205772103652407e+02
5.683283192423747021e-01 1.540528214285551769e+02 2.286205772103661502e+02
5.841152169991072896e-01 1.504436117510499287e+02 2.286205772103652407e+02
5.999021147558398770e-01 1.468344020735447089e+02 2.286205772103652407e+02
6.156890125125725755e-01 1.432251923960394606e+02 2.286205772103652407e+02
6.314759102693051629e-01 1.396159827185342408e+02 2.286205772103643596e+02
6.472628080260377503e-01 1.360067730410290210e+02 2.286205772103652407e+02
6.630497057827704488e-01 1.323975633635237728e+02 2.286205772103661502e+02
6.788366035395030362e-01 1.287883536860185245e+02 2.286205772103652407e+02
6.946235012962356237e-01 1.251791440085133047e+02 2.286205772103648144e+02
7.104103990529683221e-01 1.215699343310080707e+02 2.286205772103652407e+02
7.261972968097009096e-01 1.179607246535028366e+02 2.286205772103652407e+02
7.419841945664336080e-01 1.143515149759976026e+02 2.286205772103652407e+02
7.577710923231661955e-01 1.107423052984923686e+02 2.286205772103652407e+02
7.735579900798987829e-01 1.071330956209871346e+02 2.286205772103656955e+02
7.893448878366314814e-01 1.035238859434818863e+02 2.286205772103656955e+02
8.051317855933640688e-01 9.991467626597665230e+01 2.286205772103656955e+02
8.209186833500967673e-01 9.630546658847140407e+01 2.286205772103661502e+02
8.367055811068293547e-01 9.269625691096615583e+01 2.286205772103652407e+02
8.524924788635619421e-01 8.908704723346093601e+01 2.286205772103652407e+02
8.682793766202946406e-01 8.547783755595568778e+01 2.286205772103661502e+02
8.840662743770272280e-01 8.186862787845043954e+01 2.286205772103652407e+02
8.998531721337598155e-01 7.825941820094521972e+01 2.286205772103643596e+02
9.156400698904925139e-01 7.465020852343999991e+01 2.286205772103652407e+02
9.314269676472251014e-01 7.104099884593475167e+01 2.286205772103656955e+02
9.472138654039576888e-01 6.743178916842951764e+01 2.286205772103654681e+02
9.630007631606903873e-01 6.382257949092427651e+01 2.332067394827131466e+02
9.787876609174229747e-01 6.006856726364036803e+01 2.435126936510723112e+02
9.945745586741556732e-01 5.613395949665220996e+01 2.389265313787246328e+02
1.010361456430888261e+00 5.252474981914697594e+01 2.209481144150101102e+02
1.026148354187620848e+00 4.915778891302695541e+01 2.072986765913441332e+02
1.041935251944353436e+00 4.597954379423990900e+01 1.870681008746877581e+02
1.057722149701086245e+00 4.325133894891727238e+01 1.632230274933911005e+02
1.073509047457818832e+00 4.082597330107486044e+01 1.405837377206086671e+02
1.089295945214551420e+00 3.881257676160814185e+01 1.112550496178093056e+02
1.105082842971284007e+00 3.731322911460171809e+01 9.646944947434606377e+01
1.120869740728016595e+00 3.576667009060857083e+01 9.541222140621188430e+01
1.136656638484749404e+00 3.430070314643651130e+01 8.656360086781705832e+01
1.152443536241481992e+00 3.303352865789889137e+01 8.260595201987472080e+01
1.168230433998214579e+00 3.169251970916586458e+01 8.215870910851255360e+01
1.184017331754947167e+00 3.043946637685644063e+01 7.448090732877138009e+01
1.199804229511679754e+00 2.934087477150988121e+01 6.591796083692588581e+01
1.215591127268412341e+00 2.835818616072673137e+01 5.571234814028387916e+01
1.231378025025145151e+00 2.758182448375357154e+01 4.333460768984660660e+01
1.247164922781877738e+00 2.698994811887127554e+01 3.191098834077472191e+01
1.262951820538610326e+00 2.657427346324937645e+01 2.077773958824937495e+01
1.278738718295342913e+00 2.633391601787985792e+01 9.468130838571001462e+00
1.294525616052075501e+00 2.627532863625760129e+01 -3.549660396731066481e+00
1.310312513808808310e+00 2.644599226938849057e+01 -1.586582926626930856e+01
1.326099411565540898e+00 2.677627308516234095e+01 -2.723923670449060452e+01
1.341886309322273485e+00 2.730603835903895416e+01 -3.888753313346539642e+01
1.357673207079006072e+00 2.800410010434148234e+01 -4.496983195572799730e+01
1.373460104835738660e+00 2.872590663748400530e+01 -4.904821876845423390e+01
1.389247002592471247e+00 2.955273853403636508e+01 -5.509489386618471229e+01
1.405033900349204057e+00 3.046546155025099267e+01 -5.537040760950496576e+01
1.420820798105936644e+00 3.130099246139609548e+01 -5.320769562496322180e+01
1.436607695862669232e+00 3.214543045165628143e+01 -4.807778866549030283e+01
1.452394593619401819e+00 3.281899072945988394e+01 -4.024079962564614021e+01
1.468181491376134407e+00 3.341598523033476198e+01 -3.791779642679259155e+01
1.483968389132867216e+00 3.401619948016063688e+01 -3.300352563545634155e+01
1.499755286889599804e+00 3.445803179997206911e+01 -2.474223009561380593e+01
1.515542184646332391e+00 3.479740559374665310e+01 -1.798681412824523917e+01
1.531329082403064978e+00 3.502594379119599211e+01 -1.275407759803130148e+01
1.547115980159797566e+00 3.520010023178976155e+01 -9.264640359771853184e+00
1.562902877916530375e+00 3.531846365142122579e+01 -2.191717625902469990e+00
1.578689775673262963e+00 3.526930107593326369e+01 9.012435220359366284e+00
1.594476673429995550e+00 3.503390686469524695e+01 1.555804493828685153e+01
1.610263571186728138e+00 3.477807454646249141e+01 2.022848455728248140e+01
1.626050468943460725e+00 3.439521682973632011e+01 2.667345959111204934e+01
1.641837366700193535e+00 3.393589218769604088e+01 3.519435420912390811e+01
1.657624264456926122e+00 3.328399748670897651e+01 4.284868386237872784e+01
1.673411162213658709e+00 3.258299660540417619e+01 4.708642361548582045e+01
1.689198059970391297e+00 3.179730037601322579e+01 5.158266006619555810e+01
1.704984957727123884e+00 3.095433624443352727e+01 5.855504007074419803e+01
1.720771855483856472e+00 2.994849551453678416e+01 6.399943110564103677e+01
1.736558753240589281e+00 2.893363129372590947e+01 6.509665120620971379e+01
1.752345650997321869e+00 2.789314716074054701e+01 6.643767256902761176e+01
1.768132548754054456e+00 2.683594180564087139e+01 6.855060333361146263e+01
1.783919446510787044e+00 2.572874442876042878e+01 6.902564661779352662e+01
1.799706344267519631e+00 2.465654015414594369e+01 6.730675619811901811e+01
1.815493242024252440e+00 2.360361467188635842e+01 6.455469194254911258e+01
1.831280139780985028e+00 2.261830351131715489e+01 6.428552087168480966e+01
1.847067037537717615e+00 2.157387678140717924e+01 6.493143607832288922e+01
1.862853935294450203e+00 2.056817162618454731e+01 6.262451351443234415e+01
1.878640833051182790e+00 1.959658319757225087e+01 6.098286976203637977e+01
1.894427730807915378e+00 1.864271096649372694e+01 6.090010997658204417e+01
1.910214628564648187e+00 1.767373557842410392e+01 6.105103614539325463e+01
1.926001526321380775e+00 1.671509803535390404e+01 6.113501212452902678e+01
1.941788424078113362e+00 1.574347120689100521e+01 6.074557657693701884e+01
1.957575321834845949e+00 1.479712962216614969e+01 6.035902719817210027e+01
1.973362219591578537e+00 1.383770762474423144e+01 6.078532540423904607e+01
1.989149117348311346e+00 1.287790618763326123e+01 6.025285056165986219e+01
2.004936015105043712e+00 1.193529644200700268e+01 5.840340436797553281e+01
2.020722912861776521e+00 1.103388904082857813e+01 5.577104551769196661e+01
2.036509810618509331e+00 1.017439285525923331e+01 5.276211369642881266e+01
2.052296708375241696e+00 9.367988852119330190e+00 4.979012034446095214e+01
2.068083606131974506e+00 8.602329776912396753e+00 4.663087882975369780e+01
2.083870503888706871e+00 7.895675019335510747e+00 4.271590269544911678e+01
2.099657401645439680e+00 7.253626600033206806e+00 3.756329930758369784e+01
2.115444299402172490e+00 6.709659088186771925e+00 3.199664682324197429e+01
2.131231197158904855e+00 6.243371016119596995e+00 2.708566136053469364e+01
2.147018094915637665e+00 5.854461955042282284e+00 2.174854964642987554e+01
2.162804992672370030e+00 5.556686756868773003e+00 1.552391532350811509e+01
2.178591890429102840e+00 5.364313027049487204e+00 9.022666280811293404e+00
2.194378788185835649e+00 5.271806936732199134e+00 2.477478167444958412e+00
2.210165685942568015e+00 5.286089638001505442e+00 -2.695180522804075718e+00
2.225952583699300824e+00 5.356904015431089405e+00 -7.420799176852828971e+00
2.241739481456033189e+00 5.520392433757947970e+00 -1.269936499060382928e+01
2.257526379212765999e+00 5.757871168795274386e+00 -1.713021876482554973e+01
2.273313276969498808e+00 6.061258458139475280e+00 -2.051643854423574354e+01
2.289100174726231174e+00 6.405653004055550603e+00 -2.206862057399126087e+01
2.304887072482963983e+00 6.758048571406927607e+00 -2.213974600235541246e+01
2.320673970239696349e+00 7.104688817053980365e+00 -2.205133185028599740e+01
2.336460867996429158e+00 7.454292814047421167e+00 -2.034780365103959809e+01
2.352247765753161524e+00 7.747146208680046442e+00 -1.765497020030227660e+01
2.368034663509894333e+00 8.011727232948087973e+00 -1.503672002857760681e+01
2.383821561266627143e+00 8.221912532055583256e+00 -1.138411070228777788e+01
2.399608459023359508e+00 8.371166816364773666e+00 -8.408345626885338930e+00
2.415395356780092317e+00 8.487395917485400787e+00 -5.969888612154080398e+00
2.431182254536824683e+00 8.559658858643091506e+00 -2.777240718895964910e+00
2.446969152293557492e+00 8.575083948035491233e+00 -3.126054722820055809e-01
2.462756050050290302e+00 8.569528999901313782e+00 1.971082232858430761e+00
2.478542947807022667e+00 8.512849400674994627e+00 4.894526286444594199e+00
2.494329845563755477e+00 8.414990227797831679e+00 7.190013048002069418e+00
2.510116743320487842e+00 8.285833398958230234e+00 9.982544123945734427e+00
2.525903641077220652e+00 8.099803420924224895e+00 1.244572714576328387e+01
2.541690538833953461e+00 7.892874555041516693e+00 1.373930180281476865e+01
2.557477436590685826e+00 7.666001515304366798e+00 1.479597514675052317e+01
2.573264334347418636e+00 7.425709461335701533e+00 1.553751821933333588e+01
2.589051232104151001e+00 7.175423092260395208e+00 1.565370558780272425e+01
2.604838129860883811e+00 6.931462562078429812e+00 1.556036320097660663e+01
2.620625027617616620e+00 6.684123366437510150e+00 1.467218326605780732e+01
2.636411925374348986e+00 6.468206047899833777e+00 1.433437734115157269e+01
2.652198823131081795e+00 6.231532667455140562e+00 1.457068571897271525e+01
2.667985720887814161e+00 6.008154196518020740e+00 1.418113204604191147e+01
2.683772618644546970e+00 5.783780504083964047e+00 1.375983427706827023e+01
2.699559516401279780e+00 5.573704002754697129e+00 1.311147881440966856e+01
2.715346414158012145e+00 5.369801353118661247e+00 1.163000223853827109e+01
2.731133311914744954e+00 5.206500690253946573e+00 9.033158405412752501e+00
2.746920209671477320e+00 5.084590256785419093e+00 4.700505639785603762e+00
2.762707107428210129e+00 5.058087886373465736e+00 -1.159757016517194872e+00
2.778494005184942495e+00 5.121208187670239553e+00 -6.938823051075722503e+00
2.794280902941675304e+00 5.277172866492249703e+00 -1.310295279829498050e+01
2.810067800698408114e+00 5.534918139946192639e+00 -1.986570097373218502e+01
2.825854698455140479e+00 5.904408446768517393e+00 -2.728466742971243875e+01
2.841641596211873289e+00 6.396398650024838872e+00 -3.411413046144119932e+01
2.857428493968605654e+00 6.981521026077738057e+00 -3.945310337797529598e+01
2.873215391725338463e+00 7.642082868452636291e+00 -4.372671159246051786e+01
2.889002289482071273e+00 8.362139276374357166e+00 -4.769805726673847346e+01
2.904789187238803638e+00 9.148091574982192498e+00 -5.160794381212759419e+01
2.920576084995536448e+00 9.991597941168878450e+00 -5.575141170643437505e+01
2.936362982752268813e+00 1.090837524778816459e+01 -5.766491499446411240e+01
2.952149880509001623e+00 1.181229817550544503e+01 -5.639692187630758013e+01
2.967936778265734432e+00 1.268904012669957559e+01 -5.419567496955608021e+01
2.983723676022466798e+00 1.352346133470843625e+01 -4.967235035315079728e+01
2.999510573779199607e+00 1.425738475942316263e+01 -4.560512938652354364e+01
3.015297471535931972e+00 1.496338836432365582e+01 -4.231267755417201215e+01
3.031084369292664782e+00 1.559335658814578096e+01 -3.448619923375593999e+01
3.046871267049397591e+00 1.605224856696688818e+01 -2.768289366588246381e+01
3.062658164806129957e+00 1.646741061197335654e+01 -2.305827104507081415e+01
3.078445062562862766e+00 1.678028570183801094e+01 -1.476577296798802053e+01
3.094231960319595132e+00 1.693362210826286329e+01 -1.156269564423640084e+01
3.110018858076327941e+00 1.714536388969356651e+01 -1.070104329757118933e+01
3.125805755833060751e+00 1.727149466112111398e+01 -3.832446973096082843e+00
3.141592653589793116e+00 1.726636878673830111e+01 3.246916817857288251e-01
