0.000000000000000000e+00 2.161013927935480581e+02 2.383937915168974442e+01
1.578689775673262907e-02 2.157250429522963486e+02 4.767875830337948884e+01
3.157379551346525814e-02 2.145959934285412203e+02 9.535751660675988717e+01
4.736069327019788722e-02 2.127142442222826446e+02 1.430362749101393831e+02
6.314759102693051629e-02 2.100797953335206785e+02 1.668756540618291240e+02
7.893448878366314536e-02 2.074453464447586839e+02 1.668756540618318240e+02
9.472138654039577443e-02 2.048108975559966325e+02 1.668756540618318240e+02
1.105082842971284035e-01 2.021764486672346379e+02 1.668756540618300050e+02
1.262951820538610326e-01 1.995419997784726434e+02 1.668756540618291240e+02
1.420820798105936755e-01 1.969075508897106772e+02 1.668756540618291240e+02
1.578689775673262907e-01 1.942731020009486826e+02 1.668756540618300050e+02
1.736558753240589059e-01 1.916386531121866881e+02 1.668756540618291240e+02
1.894427730807915489e-01 1.890042042234247219e+02 1.668756540618309145e+02
2.052296708375241918e-01 1.863697553346626705e+02 1.668756540618318240e+02
2.210165685942568070e-01 1.837353064459006760e+02 1.668756540618300050e+02
2.368034663509894222e-01 1.811008575571386814e+02 1.668756540618291240e+02
2.525903641077220652e-01 1.784664086683767152e+02 1.668756540618291240e+02
2.683772618644547081e-01 1.758319597796147207e+02 1.668756540618309145e+02
2.841641596211873511e-01 1.731975108908526977e+02 1.668756540618309145e+02
2.999510573779199385e-01 1.705630620020907031e+02 1.668756540618300050e+02
3.157379551346525814e-01 1.679286131133287086e+02 1.668756540618300050e+02
3.315248528913852244e-01 1.652941642245667140e+02 1.668756540618300050e+02
3.473117506481178118e-01 1.626597153358047194e+02 1.668756540618300050e+02
3.630986484048504548e-01 1.600252664470427248e+02 1.668756540618300050e+02
3.788855461615830977e-01 1.573908175582807303e+02 1.668756540618300050e+02
3.946724439183157407e-01 1.547563686695187357e+02 1.668756540618300050e+02
4.104593416750483836e-01 1.521219197807567411e+02 1.668756540618300050e+02
4.262462394317809711e-01 1.494874708919947466e+02 1.668756540618291240e+02
4.420331371885136140e-01 1.468530220032327804e+02 1.668756540618300050e+02
4.578200349452462570e-01 1.442185731144707574e+02 1.668756540618309145e+02
4.736069327019788444e-01 1.415841242257087629e+02 1.668756540618300050e+02
4.893938304587114874e-01 1.389496753369467683e+02 1.668756540618300050e+02
5.051807282154441303e-01 1.363152264481847737e+02 1.668756540618300050e+02
5.209676259721767178e-01 1.336807775594227792e+02 1.668756540618300050e+02
5.367545237289094162e-01 1.310463286706607846e+02 1.668756540618300050e+02
5.525414214856420037e-01 1.284118797818987900e+02 1.668756540618300050e+02
5.683283192423747021e-01 1.257774308931367955e+02 1.668756540618300050e+02
5.841152169991072896e-01 1.231429820043748009e+02 1.668756540618300050e+02
5.999021147558398770e-01 1.205085331156128063e+02 1.668756540618300050e+02
6.156890125125725755e-01 1.178740842268508118e+02 1.668756540618300050e+02
6.314759102693051629e-01 1.152396353380888172e+02 1.668756540618300050e+02
6.472628080260377503e-01 1.126051864493268226e+02 1.668756540618300050e+02
6.630497057827704488e-01 1.099707375605648281e+02 1.668756540618300050e+02
6.788366035395030362e-01 1.073362886718028335e+02 1.668756540618300050e+02
6.946235012962356237e-01 1.047018397830408389e+02 1.668756540618300050e+02
7.104103990529683221e-01 1.020673908942788444e+02 1.668756540618300050e+02
7.261972968097009096e-01 9.943294200551684980e+01 1.668756540618300050e+02
7.419841945664336080e-01 9.679849311675485524e+01 1.668756540618300050e+02
7.577710923231661955e-01 9.416404422799286067e+01 1.668756540618300050e+02
7.735579900798987829e-01 9.152959533923086610e+01 1.668756540618300050e+02
7.893448878366314814e-01 8.889514645046887154e+01 1.668756540618300050e+02
8.051317855933640688e-01 8.626069756170687697e+01 1.668756540618304598e+02
8.209186833500967673e-01 8.362624867294486819e+01 1.668756540618304598e+02
8.367055811068293547e-01 8.099179978418287362e+01 1.668756540618295787e+02
8.524924788635619421e-01 7.835735089542089327e+01 1.668756540618300050e+02
8.682793766202946406e-01 7.572290200665888449e+01 1.668756540618300050e+02
8.840662743770272280e-01 7.308845311789690413e+01 1.668756540618295787e+02
8.998531721337598155e-01 7.045400422913490956e+01 1.668756540618300050e+02
9.156400698904925139e-01 6.781955534037291500e+01 1.668756540618300050e+02
9.314269676472251014e-01 6.518510645161092043e+01 1.650968764395897495e+02
9.472138654039576888e-01 6.260682032375746786e+01 1.632994065931199543e+02
9.630007631606903873e-01 6.002912438036953091e+01 1.650781842153599825e+02
9.787876609174229747e-01 5.739467549160754345e+01 1.760218354313308282e+02
9.945745586741556732e-01 5.447144694255585762e+01 1.814506034307152049e+02
1.010361456430888261e+00 5.166559124309126361e+01 1.695703152800674616e+02
1.026148354187620848e+00 4.911746848274917454e+01 1.599984240201863201e+02
1.041935251944353436e+00 4.661383372060119257e+01 1.600153823074051900e+02
1.057722149701086245e+00 4.406517552276619654e+01 1.594602447909898899e+02
1.073509047457818832e+00 4.157906855904336396e+01 1.489491863807929519e+02
1.089295945214551420e+00 3.936228437008201553e+01 1.251379005089643073e+02
1.105082842971284007e+00 3.762799007738896506e+01 1.068384948359654629e+02
1.120869740728016595e+00 3.598898758116482810e+01 1.074285522991648492e+02
1.136656638484749404e+00 3.423606293478752605e+01 1.053171928133951525e+02
1.152443536241481992e+00 3.266372407122249655e+01 9.064159797256434103e+01
1.168230433998214579e+00 3.137416365538805252e+01 7.476032727964343394e+01
1.184017331754947167e+00 3.030325678517529653e+01 6.498311928928826831e+01
1.199804229511679754e+00 2.932239993512094500e+01 5.832459593776017925e+01
1.215591127268412341e+00 2.846172791963097026e+01 5.003415042296325765e+01
1.231378025025145151e+00 2.774263190097634180e+01 3.790774458456753848e+01
1.247164922781877738e+00 2.726483654374116483e+01 2.505811515935929279e+01
1.262951820538610326e+00 2.695145209698186761e+01 1.663972044090267488e+01
1.278738718295342913e+00 2.673945741313887581e+01 8.043520178285744393e+00
1.294525616052075501e+00 2.669748763566424188e+01 -9.639787982209337969e-01
1.310312513808808310e+00 2.676989388259321956e+01 -8.731614515920464115e+00
1.326099411565540898e+00 2.697317784689231956e+01 -1.610936998556505273e+01
1.341886309322273485e+00 2.727852783636820533e+01 -2.280569033810349922e+01
1.357673207079006072e+00 2.769324005017100987e+01 -3.020185089199261341e+01
1.373460104835738660e+00 2.823211490056014839e+01 -3.674062876959395396e+01
1.389247002592471247e+00 2.885328114997830795e+01 -4.021851051182242998e+01
1.405033900349204057e+00 2.950196592731658285e+01 -4.429154240998580860e+01
1.420820798105936644e+00 3.025173325300717408e+01 -5.052895924029869690e+01
1.436607695862669232e+00 3.109735695387799481e+01 -5.438950782683844665e+01
1.452394593619401819e+00 3.196901645120978941e+01 -5.355179475463739891e+01
1.468181491376134407e+00 3.278819037083997756e+01 -4.888175585246060706e+01
1.483968389132867216e+00 3.351239901483451433e+01 -4.302088432704771037e+01
1.499755286889599804e+00 3.414652297539062431e+01 -3.640908074640584147e+01
1.515542184646332391e+00 3.466197188515477734e+01 -2.839206228007640931e+01
1.531329082403064978e+00 3.504296814402732707e+01 -1.961502715020984766e+01
1.547115980159797566e+00 3.528129274138657223e+01 -8.109202029953010538e+00
1.562902877916530375e+00 3.529900643069844079e+01 2.093917654745300005e+00
1.578689775673262963e+00 3.521517981353360938e+01 1.075411964329379089e+01
1.594476673429995550e+00 3.495945805615374269e+01 2.001778422911037225e+01
1.610263571186728138e+00 3.458314238765100868e+01 2.762937211525602521e+01
1.626050468943460725e+00 3.408709391082120987e+01 3.550636370136056996e+01
1.641837366700193535e+00 3.346207172071752467e+01 4.560963628541117743e+01
1.657624264456926122e+00 3.264702458130211227e+01 5.138022058977397677e+01
1.673411162213658709e+00 3.183980314237926379e+01 5.330440122007640724e+01
1.689198059970391297e+00 3.096400231721171181e+01 5.419086736473419563e+01
1.704984957727123884e+00 3.012879177750782844e+01 5.450373876550328589e+01
1.720771855483856472e+00 2.924311241471038159e+01 5.593156344974506311e+01
1.736558753240589281e+00 2.836282003039717026e+01 5.727499100608275029e+01
1.752345650997321869e+00 2.743472356064876294e+01 5.798855169533356246e+01
1.768132548754054456e+00 2.653190135704669927e+01 5.787017965494871419e+01
1.783919446510787044e+00 2.560754234189591472e+01 6.079902378054493539e+01
1.799706344267519631e+00 2.461224541278146205e+01 6.406307998976816975e+01
1.815493242024252440e+00 2.358482775433620660e+01 6.435177342675923740e+01
1.831280139780985028e+00 2.258041567767611824e+01 6.443289262431061104e+01
1.847067037537717615e+00 2.155043677827515936e+01 6.346652055635657064e+01
1.862853935294450203e+00 2.057653673567857666e+01 6.116929470966675098e+01
1.878640833051182790e+00 1.961908997540924915e+01 6.094014134383257186e+01
1.894427730807915378e+00 1.865242517432673708e+01 5.941893210547192439e+01
1.910214628564648187e+00 1.774300876348260303e+01 5.805617248939787345e+01
1.926001526321380775e+00 1.681937145585202131e+01 5.820895071132788701e+01
1.941788424078113362e+00 1.590513125666975824e+01 5.668888646929578101e+01
1.957575321834845949e+00 1.502948814658442878e+01 5.633586863834150193e+01
1.973362219591578537e+00 1.412639406020932320e+01 5.744677248737023234e+01
1.989149117348311346e+00 1.321567549915963902e+01 5.702387423807530809e+01
2.004936015105043712e+00 1.232593391563077390e+01 5.648105070242558412e+01
2.020722912861776521e+00 1.143235435389559029e+01 5.595206287775796739e+01
2.036509810618509331e+00 1.055931492377189329e+01 5.405858899855340383e+01
2.052296708375241696e+00 9.725519519108802413e+00 5.166994856421224114e+01
2.068083606131974506e+00 8.927898533614188281e+00 4.816805343118832639e+01
2.083870503888706871e+00 8.204671249790793652e+00 4.356976610217363088e+01
2.099657401645439680e+00 7.552235648134647761e+00 3.894754942053062052e+01
2.115444299402172490e+00 6.974949288636377531e+00 3.366522370302474343e+01
2.131231197158904855e+00 6.489296759020280803e+00 2.736628121114728884e+01
2.147018094915637665e+00 6.110891921711626651e+00 2.112070859119007338e+01
2.162804992672370030e+00 5.822435824862556508e+00 1.554067487830088368e+01
2.178591890429102840e+00 5.620213830962907942e+00 9.622995132881856151e+00
2.194378788185835649e+00 5.518601344309873369e+00 2.837022673185294774e+00
2.210165685942568015e+00 5.530638257212690867e+00 -3.572673679238671074e+00
2.225952583699300824e+00 5.631404212494494743e+00 -9.262438639319391598e+00
2.241739481456033189e+00 5.823088600766580747e+00 -1.429540111968986871e+01
2.257526379212765999e+00 6.082764284230544938e+00 -1.774060143941478529e+01
2.273313276969498808e+00 6.383226722900550598e+00 -2.090143651000626690e+01
2.289100174726231174e+00 6.742701966535159741e+00 -2.303694583737382828e+01
2.304887072482963983e+00 7.110590540024566586e+00 -2.308249690175382085e+01
2.320673970239696349e+00 7.471504003651330272e+00 -2.220868456633512622e+01
2.336460867996429158e+00 7.811803005145083745e+00 -2.059087322096676331e+01
2.352247765753161524e+00 8.121636024173822577e+00 -1.836562991763211272e+01
2.368034663509894333e+00 8.391675648640379848e+00 -1.668236382735113565e+01
2.383821561266627143e+00 8.648361568339836936e+00 -1.411792411726915297e+01
2.399608459023359508e+00 8.837432097793655572e+00 -1.068800211792543742e+01
2.415395356780092317e+00 8.985822361658698298e+00 -7.617466871184220167e+00
2.431182254536824683e+00 9.077944439115022135e+00 -4.330441111508500640e+00
2.446969152293557492e+00 9.122550823796570896e+00 -1.320626060464395790e+00
2.462756050050290302e+00 9.119641616297878173e+00 1.929447864838256255e+00
2.478542947807022667e+00 9.061630831458275637e+00 5.711389072040606862e+00
2.494329845563755477e+00 8.939311385639427954e+00 8.619892103815342210e+00
2.510116743320487842e+00 8.789468120824276198e+00 1.109251388207753664e+01
2.525903641077220652e+00 8.589078620596437119e+00 1.353294623900255367e+01
2.541690538833953461e+00 8.362181643579290835e+00 1.494799202313096131e+01
2.557477436590685826e+00 8.117113777121190310e+00 1.656075662690360417e+01
2.573264334347418636e+00 7.839295700293171798e+00 1.803098729552158730e+01
2.589051232104151001e+00 7.547807071346501750e+00 1.817511083955257334e+01
2.604838129860883811e+00 7.265438467210572959e+00 1.814297442331651311e+01
2.620625027617616620e+00 6.974964506898675864e+00 1.822060572764718955e+01
2.636411925374348986e+00 6.690144787834366724e+00 1.794245251017199649e+01
2.652198823131081795e+00 6.408453180332443821e+00 1.758475595107594813e+01
2.667985720887814161e+00 6.134927299280903412e+00 1.634015622533570777e+01
2.683772618644546970e+00 5.892532429015617801e+00 1.442459526819047433e+01
2.699559516401279780e+00 5.679488077918558808e+00 1.382065504337888129e+01
2.715346414158012145e+00 5.456161892813830683e+00 1.292739531688567745e+01
2.731133311914744954e+00 5.271321141661482024e+00 9.502092383425216227e+00
2.746920209671477320e+00 5.156144770949507183e+00 4.912834584370814994e+00
2.762707107428210129e+00 5.116204307103077831e+00 -2.769898343964971588e-01
2.778494005184942495e+00 5.164890391340050790e+00 -5.347439705645721908e+00
2.794280902941675304e+00 5.285043274889720699e+00 -1.141561578994651427e+01
2.810067800698408114e+00 5.525324709952107227e+00 -2.022030352613630200e+01
2.825854698455140479e+00 5.923475003644148806e+00 -2.901262438897439466e+01
2.841641596211873289e+00 6.441363379718559656e+00 -3.556364971623192872e+01
2.857428493968605654e+00 7.046354407496962402e+00 -4.106970217185597249e+01
2.873215391725338463e+00 7.738089757891660092e+00 -4.599318668849028313e+01
2.889002289482071273e+00 8.498533879011986869e+00 -5.047884865524390108e+01
2.904789187238803638e+00 9.331898603087491750e+00 -5.350535216864833643e+01
2.920576084995536448e+00 1.018790092726083429e+01 -5.380533992848539526e+01
2.936362982752268813e+00 1.103073740352197696e+01 -5.276161491557176930e+01
2.952149880509001623e+00 1.185378536756529577e+01 -5.169687973531515013e+01
2.967936778265734432e+00 1.266300411296902340e+01 -4.890229436433617849e+01
2.983723676022466798e+00 1.339781640996413081e+01 -4.260337200552520187e+01
2.999510573779199607e+00 1.400815426885556647e+01 -3.800788901481134729e+01
3.015297471535931972e+00 1.459786972561626683e+01 -3.086007872463336454e+01
3.031084369292664782e+00 1.498252408403658009e+01 -1.932737806906516909e+01
3.046871267049397591e+00 1.520810840858036350e+01 -1.161615578328484055e+01
3.062658164806129957e+00 1.534929021139057248e+01 -8.691295752443972233e+00
3.078445062562862766e+00 1.548252560341507866e+01 -3.599280424002333056e+00
3.094231960319595132e+00 1.546293315549364067e+01 -1.917145809670817158e+00
3.110018858076327941e+00 1.554305717317912183e+01 1.153526449023739797e+00
3.125805755833060751e+00 1.542651194727279140e+01 4.953933487080871778e+00
3.141592653589793116e+00 1.538664269027072251e+01 2.525464953053608852e+00
