0.000000000000000000e+00 1.636664807746751080e+02 1.651475798814342610e+01
1.578689775673262907e-02 1.634057639788391043e+02 3.302951597628145208e+01
3.157379551346525814e-02 1.626236135913312637e+02 6.605903195256199467e+01
4.736069327019788722e-02 1.613200296121514441e+02 9.908854792884345386e+01
6.314759102693051629e-02 1.594950120412997592e+02 1.156033059169841692e+02
7.893448878366314536e-02 1.576699944704480174e+02 1.156033059169850787e+02
9.472138654039577443e-02 1.558449768995963041e+02 1.156033059169841692e+02
1.105082842971284035e-01 1.540199593287445907e+02 1.156033059169841692e+02
1.262951820538610326e-01 1.521949417578928774e+02 1.156033059169832740e+02
1.420820798105936755e-01 1.503699241870411925e+02 1.156033059169841692e+02
1.578689775673262907e-01 1.485449066161894507e+02 1.156033059169850787e+02
1.736558753240589059e-01 1.467198890453377373e+02 1.156033059169841692e+02
1.894427730807915489e-01 1.448948714744860240e+02 1.156033059169841692e+02
2.052296708375241918e-01 1.430698539036343107e+02 1.156033059169841692e+02
2.210165685942568070e-01 1.412448363327825973e+02 1.156033059169832740e+02
2.368034663509894222e-01 1.394198187619309124e+02 1.156033059169841692e+02
2.525903641077220652e-01 1.375948011910791706e+02 1.156033059169850787e+02
2.683772618644547081e-01 1.357697836202274573e+02 1.156033059169841692e+02
2.841641596211873511e-01 1.339447660493757439e+02 1.156033059169841692e+02
2.999510573779199385e-01 1.321197484785240306e+02 1.156033059169841692e+02
3.157379551346525814e-01 1.302947309076723172e+02 1.156033059169850787e+02
3.315248528913852244e-01 1.284697133368205755e+02 1.156033059169837287e+02
3.473117506481178118e-01 1.266446957659689048e+02 1.156033059169832740e+02
3.630986484048504548e-01 1.248196781951171772e+02 1.156033059169846240e+02
3.788855461615830977e-01 1.229946606242654639e+02 1.156033059169846240e+02
3.946724439183157407e-01 1.211696430534137363e+02 1.156033059169846240e+02
4.104593416750483836e-01 1.193446254825620230e+02 1.156033059169841692e+02
4.262462394317809711e-01 1.175196079117103096e+02 1.156033059169841692e+02
4.420331371885136140e-01 1.156945903408585963e+02 1.156033059169837287e+02
4.578200349452462570e-01 1.138695727700068971e+02 1.156033059169837287e+02
4.736069327019788444e-01 1.120445551991551838e+02 1.156033059169841692e+02
4.893938304587114874e-01 1.102195376283034705e+02 1.156033059169850787e+02
5.051807282154441303e-01 1.083945200574517287e+02 1.156033059169850787e+02
5.209676259721767178e-01 1.065695024866000153e+02 1.156033059169841692e+02
5.367545237289094162e-01 1.047444849157483020e+02 1.156033059169841692e+02
5.525414214856420037e-01 1.029194673448965887e+02 1.156033059169837287e+02
5.683283192423747021e-01 1.010944497740448895e+02 1.156033059169837287e+02
5.841152169991072896e-01 9.926943220319317618e+01 1.156033059169846240e+02
5.999021147558398770e-01 9.744441463234144862e+01 1.156033059169846240e+02
6.156890125125725755e-01 9.561939706148973528e+01 1.156033059169841692e+02
6.314759102693051629e-01 9.379437949063802193e+01 1.156033059169846240e+02
6.472628080260377503e-01 9.196936191978629438e+01 1.156033059169841692e+02
6.630497057827704488e-01 9.014434434893459525e+01 1.156033059169837287e+02
6.788366035395030362e-01 8.831932677808288190e+01 1.156033059169841692e+02
6.946235012962356237e-01 8.649430920723116856e+01 1.156033059169841692e+02
7.104103990529683221e-01 8.466929163637945521e+01 1.156033059169846240e+02
7.261972968097009096e-01 8.284427406552772766e+01 1.156033059169846240e+02
7.419841945664336080e-01 8.101925649467601431e+01 1.156033059169841692e+02
7.577710923231661955e-01 7.919423892382430097e+01 1.156033059169841692e+02
7.735579900798987829e-01 7.736922135297258762e+01 1.156033059169837287e+02
7.893448878366314814e-01 7.554420378212088849e+01 1.156033059169837287e+02
8.051317855933640688e-01 7.371918621126917515e+01 1.156033059169841692e+02
8.209186833500967673e-01 7.189416864041746180e+01 1.156033059169841692e+02
8.367055811068293547e-01 7.006915106956574846e+01 1.156033059169841692e+02
8.524924788635619421e-01 6.824413349871403511e+01 1.156033059169846240e+02
8.682793766202946406e-01 6.641911592786230756e+01 1.156033059169846240e+02
8.840662743770272280e-01 6.459409835701059421e+01 1.156033059169841692e+02
8.998531721337598155e-01 6.276908078615888087e+01 1.156033059169843966e+02
9.156400698904925139e-01 6.094406321530716042e+01 1.156033059169841692e+02
9.314269676472251014e-01 5.911904564445545418e+01 1.156033059169839561e+02
9.472138654039576888e-01 5.729402807360374084e+01 1.156033059169841692e+02
9.630007631606903873e-01 5.546901050275202749e+01 1.156033059169841692e+02
9.787876609174229747e-01 5.364399293190031415e+01 1.043044227745876071e+02
9.945745586741556732e-01 5.217572398691716984e+01 9.586306837017929183e+01
1.010361456430888261e+00 5.061723201388693383e+01 1.071619515125760955e+02
1.026148354187620848e+00 4.879221444303521338e+01 1.191103466353797558e+02
1.041935251944353436e+00 4.685646628568348859e+01 1.221423409000107085e+02
1.057722149701086245e+00 4.493571714792231120e+01 1.212222126422609563e+02
1.073509047457818832e+00 4.302902093202693834e+01 1.221292877440240972e+02
1.089295945214551420e+00 4.107963199048733571e+01 1.349961723920773977e+02
1.105082842971284007e+00 3.876667938981898232e+01 1.449144138160421562e+02
1.120869740728016595e+00 3.650413392170593596e+01 1.306931367216955948e+02
1.136656638484749404e+00 3.464020101595480838e+01 1.098000325164076401e+02
1.152443536241481992e+00 3.303733014766104503e+01 9.829370527578309691e+01
1.168230433998214579e+00 3.153669566531641166e+01 9.221550884235988121e+01
1.184017331754947167e+00 3.012573652830222670e+01 8.143453313054114062e+01
1.199804229511679754e+00 2.896549836851819393e+01 6.614085166008729288e+01
1.215591127268412341e+00 2.803741880290019139e+01 4.925152311531967797e+01
1.231378025025145151e+00 2.741044084894838306e+01 3.530966960136817789e+01
1.247164922781877738e+00 2.692255851525857224e+01 2.723182682676960553e+01
1.262951820538610326e+00 2.655062871726186202e+01 1.802485047172445931e+01
1.278738718295342913e+00 2.635344557230355633e+01 4.215827390463482871e+00
1.294525616052075501e+00 2.641751904531530215e+01 -7.481536145129412674e+00
1.310312513808808310e+00 2.658966606467647154e+01 -1.403819863312944527e+01
1.326099411565540898e+00 2.686075825833513875e+01 -2.096476893995921031e+01
1.341886309322273485e+00 2.725160339217379146e+01 -2.709464315336291307e+01
1.357673207079006072e+00 2.771623898076973092e+01 -3.306537377719374859e+01
1.373460104835738660e+00 2.829560274239120332e+01 -3.969410297689034905e+01
1.389247002592471247e+00 2.896953247125249931e+01 -4.305647910995315186e+01
1.405033900349204057e+00 2.965505920933865269e+01 -4.599804458020858533e+01
1.420820798105936644e+00 3.042186532484726413e+01 -5.003390740001378845e+01
1.436607695862669232e+00 3.123481957032634426e+01 -5.013015771382428909e+01
1.452394593619401819e+00 3.200466467356131517e+01 -4.621572412287734011e+01
1.468181491376134407e+00 3.269402539328879698e+01 -4.110143571846356991e+01
1.483968389132867216e+00 3.330239300024592097e+01 -3.612443270515565530e+01
1.499755286889599804e+00 3.383461084456131829e+01 -2.911497645629009057e+01
1.515542184646332391e+00 3.422166331325617961e+01 -2.115780576018668313e+01
1.531329082403064978e+00 3.450264307714707002e+01 -1.521740265153751892e+01
1.547115980159797566e+00 3.470213447282188923e+01 -6.401925234167404888e+00
1.562902877916530375e+00 3.470477615538316485e+01 2.135778183735970170e+00
1.578689775673262963e+00 3.463469984918648947e+01 7.937474568041269052e+00
1.594476673429995550e+00 3.445415995647849883e+01 1.567140727549755574e+01
1.610263571186728138e+00 3.413989404046169795e+01 2.188857759856407981e+01
1.626050468943460725e+00 3.376305448330082015e+01 2.875925520822652715e+01
1.641837366700193535e+00 3.323185519739759286e+01 3.811849892905053849e+01
1.657624264456926122e+00 3.255950879283473398e+01 4.198220728455173401e+01
1.673411162213658709e+00 3.190631756939124486e+01 4.358716046410606282e+01
1.689198059970391297e+00 3.118329670132845166e+01 4.822646409968333359e+01
1.704984957727123884e+00 3.038362505357036980e+01 5.332398609532461364e+01
1.720771855483856472e+00 2.949965606839180765e+01 5.680293647825348557e+01
1.736558753240589281e+00 2.859014075264163779e+01 5.891654606974496033e+01
1.752345650997321869e+00 2.763943709042602492e+01 6.237388282694018216e+01
1.768132548754054456e+00 2.662076053088298622e+01 6.553819293523754652e+01
1.783919446510787044e+00 2.557014758836680102e+01 6.737899466283744232e+01
1.799706344267519631e+00 2.449334993149568973e+01 6.768475951848881778e+01
1.815493242024252440e+00 2.343308283195196395e+01 6.592875404314122534e+01
1.831280139780985028e+00 2.241172893288000267e+01 6.577225447870235087e+01
1.847067037537717615e+00 2.135640311858181661e+01 6.558200806166068730e+01
1.862853935294450203e+00 2.034105602097869792e+01 6.187549647957503396e+01
1.878640833051182790e+00 1.940275884544157492e+01 5.977375258618645404e+01
1.894427730807915378e+00 1.845377177974998162e+01 5.867955558483676270e+01
1.910214628564648187e+00 1.755002255658492061e+01 5.739421315561885706e+01
1.926001526321380775e+00 1.664161862991823426e+01 5.768578211892346275e+01
1.941788424078113362e+00 1.572866346792772063e+01 5.696576285521590677e+01
1.957575321834845949e+00 1.484299328225909242e+01 5.623803496726530682e+01
1.973362219591578537e+00 1.395301525179217705e+01 5.763072649338989351e+01
1.989149117348311346e+00 1.302337250866435525e+01 5.847354017549387351e+01
2.004936015105043712e+00 1.210678365134273804e+01 5.765080310293262045e+01
2.020722912861776521e+00 1.120311784030531221e+01 5.558494300691297241e+01
2.036509810618509331e+00 1.035175602721484722e+01 5.277102348637488660e+01
2.052296708375241696e+00 9.536936335710239021e+00 5.029251938704295100e+01
2.068083606131974506e+00 8.763830304231365886e+00 4.710360623592919893e+01
2.083870503888706871e+00 8.049696704470223452e+00 4.240406273372291679e+01
2.099657401645439680e+00 7.424973098536645999e+00 3.624684234204104172e+01
2.115444299402172490e+00 6.905246316353805369e+00 3.054440097150975930e+01
2.131231197158904855e+00 6.460570428180907321e+00 2.633526602520614546e+01
2.147018094915637665e+00 6.073742012081237540e+00 2.106723492810525400e+01
2.162804992672370030e+00 5.795397860526779077e+00 1.464690521571372983e+01
2.178591890429102840e+00 5.611283621895184481e+00 8.723845164650503747e+00
2.194378788185835649e+00 5.519952957206971433e+00 2.736821446913941802e+00
2.210165685942568015e+00 5.524871781173457563e+00 -2.456706662754851944e+00
2.225952583699300824e+00 5.597520511013360789e+00 -7.566475011611774271e+00
2.241739481456033189e+00 5.763774115947832399e+00 -1.318146334376395679e+01
2.257526379212765999e+00 6.013709339197601977e+00 -1.726480072313191982e+01
2.273313276969498808e+00 6.308889403560726805e+00 -2.002573196805218814e+01
2.289100174726231174e+00 6.645997705364345975e+00 -2.256754679937919050e+01
2.304887072482963983e+00 7.021432511444882785e+00 -2.360575360196607875e+01
2.320673970239696349e+00 7.391320942534068905e+00 -2.336436523211424898e+01
2.336460867996429158e+00 7.759134201585575319e+00 -2.208234825098517717e+01
2.352247765753161524e+00 8.088544490667802123e+00 -1.976051288151537122e+01
2.368034663509894333e+00 8.383048594547737764e+00 -1.703877323166883784e+01
2.383821561266627143e+00 8.626523232484819559e+00 -1.372644985619264091e+01
2.399608459023359508e+00 8.816444715432998791e+00 -1.006558967079380373e+01
2.415395356780092317e+00 8.944332102472911217e+00 -7.339502847239818273e+00
2.431182254536824683e+00 9.048180677502244862e+00 -4.179335204930497483e+00
2.446969152293557492e+00 9.076289577615613169e+00 -1.224549677350263571e-01
2.462756050050290302e+00 9.052047045613118570e+00 3.406103126569369977e+00
2.478542947807022667e+00 8.968745973999537213e+00 6.206212449741438597e+00
2.494329845563755477e+00 8.856093362811860104e+00 8.207543287334402748e+00
2.510116743320487842e+00 8.709602680577326339e+00 1.071356544626537222e+01
2.525903641077220652e+00 8.517825438191350074e+00 1.443527716010776096e+01
2.541690538833953461e+00 8.253826191343888397e+00 1.671125110405960967e+01
2.557477436590685826e+00 7.990187813057601396e+00 1.682267267873494632e+01
2.573264334347418636e+00 7.722670564195552423e+00 1.714500776927271630e+01
2.589051232104151001e+00 7.448854843673811565e+00 1.798048674961253823e+01
2.604838129860883811e+00 7.154958352330714533e+00 1.889856245078837560e+01
2.620625027617616620e+00 6.852155497354166513e+00 1.883988384217236245e+01
2.636411925374348986e+00 6.560111712400526152e+00 1.731210683775387338e+01
2.652198823131081795e+00 6.305546576151662030e+00 1.618708514082585737e+01
2.667985720887814161e+00 6.049023996205038500e+00 1.632214057564399212e+01
2.683772618644546970e+00 5.790194647274244488e+00 1.537442128282862619e+01
2.699559516401279780e+00 5.563595162483139234e+00 1.320189049568218564e+01
2.715346414158012145e+00 5.373360856372414673e+00 9.993149217639169635e+00
2.731133311914744954e+00 5.248073512549854769e+00 5.889140093788933328e+00
2.746920209671477320e+00 5.187418351300973285e+00 2.039428135839858047e+00
2.762707107428210129e+00 5.183681025624439442e+00 -2.607686866564721484e+00
2.778494005184942495e+00 5.269752923189036764e+00 -9.184650636567640802e+00
2.794280902941675304e+00 5.473675306686044628e+00 -1.601185684347500171e+01
2.810067800698408114e+00 5.775308016955795765e+00 -2.234377876660167672e+01
2.825854698455140479e+00 6.179153208460832936e+00 -2.838005914052430967e+01
2.841641596211873289e+00 6.671374200918760877e+00 -3.347407295470267030e+01
2.857428493968605654e+00 7.236056742935432773e+00 -3.851229402318812589e+01
2.873215391725338463e+00 7.887353497161353033e+00 -4.386895364718733248e+01
2.889002289482071273e+00 8.621166114781411594e+00 -4.747854058360417895e+01
2.904789187238803638e+00 9.386431228825832918e+00 -4.812992791615175037e+01
2.920576084995536448e+00 1.014081061688380991e+01 -4.810848301283369466e+01
2.936362982752268813e+00 1.090539863393606090e+01 -4.708279310491553815e+01
2.952149880509001623e+00 1.162739309858120507e+01 -4.616681718565733661e+01
2.967936778265734432e+00 1.236306027926353934e+01 -4.492472736474131523e+01
2.983723676022466798e+00 1.304583725389372439e+01 -4.016125380674958478e+01
2.999510573779199607e+00 1.363110349452222891e+01 -3.196278192910964577e+01
3.015297471535931972e+00 1.405502359456491490e+01 -2.585981289328553245e+01
3.031084369292664782e+00 1.444759593883129867e+01 -2.055342207801822596e+01
3.046871267049397591e+00 1.470397314035820457e+01 -1.434579191956119182e+01
3.062658164806129957e+00 1.490054703937824598e+01 -4.408490578055390685e+00
3.078445062562862766e+00 1.484316592039276372e+01 7.872191569667732480e+00
3.094231960319595132e+00 1.465199207251473190e+01 1.124667136807217460e+01
3.110018858076327941e+00 1.448806581841010832e+01 4.490188838595195797e+00
3.125805755833060751e+00 1.451021976830808313e+01 2.985191078014964861e-01
3.141592653589793116e+00 1.447864043714352178e+01 2.000350648441600043e+00
