0.000000000000000000e+00 2.825155419190413681e+02 2.120313915649554204e+01
1.578689775673262907e-02 2.821808101290559989e+02 4.240627831298927930e+01
3.157379551346525814e-02 2.811766147590999481e+02 8.481255662597855860e+01
4.736069327019788722e-02 2.795029558091731587e+02 1.272188349389678450e+02
6.314759102693051629e-02 2.771598332792756878e+02 1.484219740954633835e+02
7.893448878366314536e-02 2.748167107493781600e+02 1.484219740954633835e+02
9.472138654039577443e-02 2.724735882194806891e+02 1.484219740954615929e+02
1.105082842971284035e-01 2.701304656895832181e+02 1.484219740954615929e+02
1.262951820538610326e-01 2.677873431596857472e+02 1.484219740954633835e+02
1.420820798105936755e-01 2.654442206297882194e+02 1.484219740954633835e+02
1.578689775673262907e-01 2.631010980998907485e+02 1.484219740954615929e+02
1.736558753240589059e-01 2.607579755699932775e+02 1.484219740954633835e+02
1.894427730807915489e-01 2.584148530400957497e+02 1.484219740954633835e+02
2.052296708375241918e-01 2.560717305101982788e+02 1.484219740954615929e+02
2.210165685942568070e-01 2.537286079803008079e+02 1.484219740954615929e+02
2.368034663509894222e-01 2.513854854504033369e+02 1.484219740954633835e+02
2.525903641077220652e-01 2.490423629205058091e+02 1.484219740954633835e+02
2.683772618644547081e-01 2.466992403906083382e+02 1.484219740954625024e+02
2.841641596211873511e-01 2.443561178607108388e+02 1.484219740954633835e+02
2.999510573779199385e-01 2.420129953308133395e+02 1.484219740954625024e+02
3.157379551346525814e-01 2.396698728009158685e+02 1.484219740954606834e+02
3.315248528913852244e-01 2.373267502710184260e+02 1.484219740954615929e+02
3.473117506481178118e-01 2.349836277411209267e+02 1.484219740954625024e+02
3.630986484048504548e-01 2.326405052112234557e+02 1.484219740954633835e+02
3.788855461615830977e-01 2.302973826813259279e+02 1.484219740954633835e+02
3.946724439183157407e-01 2.279542601514284570e+02 1.484219740954625024e+02
4.104593416750483836e-01 2.256111376215309576e+02 1.484219740954633835e+02
4.262462394317809711e-01 2.232680150916334583e+02 1.484219740954625024e+02
4.420331371885136140e-01 2.209248925617359873e+02 1.484219740954625024e+02
4.578200349452462570e-01 2.185817700318384880e+02 1.484219740954633835e+02
4.736069327019788444e-01 2.162386475019409886e+02 1.484219740954625024e+02
4.893938304587114874e-01 2.138955249720435177e+02 1.484219740954615929e+02
5.051807282154441303e-01 2.115524024421460467e+02 1.484219740954633835e+02
5.209676259721767178e-01 2.092092799122485189e+02 1.484219740954633835e+02
5.367545237289094162e-01 2.068661573823510480e+02 1.484219740954625024e+02
5.525414214856420037e-01 2.045230348524535486e+02 1.484219740954625024e+02
5.683283192423747021e-01 2.021799123225560777e+02 1.484219740954625024e+02
5.841152169991072896e-01 1.998367897926585783e+02 1.484219740954633835e+02
5.999021147558398770e-01 1.974936672627610790e+02 1.484219740954625024e+02
6.156890125125725755e-01 1.951505447328636080e+02 1.484219740954625024e+02
6.314759102693051629e-01 1.928074222029661087e+02 1.484219740954625024e+02
6.472628080260377503e-01 1.904642996730686377e+02 1.484219740954625024e+02
6.630497057827704488e-01 1.881211771431711384e+02 1.484219740954625024e+02
6.788366035395030362e-01 1.857780546132736674e+02 1.484219740954625024e+02
6.946235012962356237e-01 1.834349320833761681e+02 1.484219740954633835e+02
7.104103990529683221e-01 1.810918095534786687e+02 1.484219740954625024e+02
7.261972968097009096e-01 1.787486870235811978e+02 1.484219740954625024e+02
7.419841945664336080e-01 1.764055644936836984e+02 1.484219740954625024e+02
7.577710923231661955e-01 1.740624419637862275e+02 1.484219740954625024e+02
7.735579900798987829e-01 1.717193194338887281e+02 1.484219740954625024e+02
7.893448878366314814e-01 1.693761969039912572e+02 1.484219740954633835e+02
8.051317855933640688e-01 1.670330743740937294e+02 1.484219740954625024e+02
8.209186833500967673e-01 1.646899518441962869e+02 1.484219740954615929e+02
8.367055811068293547e-01 1.623468293142987875e+02 1.484219740954625024e+02
8.524924788635619421e-01 1.600037067844013166e+02 1.484219740954633835e+02
8.682793766202946406e-01 1.576605842545037888e+02 1.484219740954633835e+02
8.840662743770272280e-01 1.553174617246063178e+02 1.484219740954625024e+02
8.998531721337598155e-01 1.529743391947088185e+02 1.484219740954625024e+02
9.156400698904925139e-01 1.506312166648113475e+02 1.484219740954625024e+02
9.314269676472251014e-01 1.482880941349138482e+02 1.484219740954633835e+02
9.472138654039576888e-01 1.459449716050163488e+02 1.484219740954625024e+02
9.630007631606903873e-01 1.436018490751188779e+02 1.484219740954615929e+02
9.787876609174229747e-01 1.412587265452214069e+02 1.484219740954625024e+02
9.945745586741556732e-01 1.389156040153239076e+02 1.484219740954633835e+02
1.010361456430888261e+00 1.365724814854264082e+02 1.484219740954625024e+02
1.026148354187620848e+00 1.342293589555289373e+02 1.484219740954615929e+02
1.041935251944353436e+00 1.318862364256314663e+02 1.484219740954625024e+02
1.057722149701086245e+00 1.295431138957339670e+02 1.484219740954633835e+02
1.073509047457818832e+00 1.271999913658364676e+02 1.484219740954629287e+02
1.089295945214551420e+00 1.248568688359389824e+02 1.484219740954625024e+02
1.105082842971284007e+00 1.225137463060414973e+02 1.484219740954625024e+02
1.120869740728016595e+00 1.201706237761440121e+02 1.484219740954625024e+02
1.136656638484749404e+00 1.178275012462465270e+02 1.484219740954625024e+02
1.152443536241481992e+00 1.154843787163490418e+02 1.484219740954625024e+02
1.168230433998214579e+00 1.131412561864515567e+02 1.484219740954625024e+02
1.184017331754947167e+00 1.107981336565540715e+02 1.484219740954625024e+02
1.199804229511679754e+00 1.084550111266565864e+02 1.484219740954625024e+02
1.215591127268412341e+00 1.061118885967591012e+02 1.484219740954629287e+02
1.231378025025145151e+00 1.037687660668616019e+02 1.484219740954625024e+02
1.247164922781877738e+00 1.014256435369641309e+02 1.484219740954629287e+02
1.262951820538610326e+00 9.908252100706661736e+01 1.484219740954629287e+02
1.278738718295342913e+00 9.673939847716914642e+01 1.484219740954620477e+02
1.294525616052075501e+00 9.439627594727166127e+01 1.484219740954625024e+02
1.310312513808808310e+00 9.205315341737417612e+01 1.484219740954625024e+02
1.326099411565540898e+00 8.971003088747669096e+01 1.484219740954629287e+02
1.341886309322273485e+00 8.736690835757919160e+01 1.484219740954629287e+02
1.357673207079006072e+00 8.502378582768170645e+01 1.484219740954629287e+02
1.373460104835738660e+00 8.268066329778420709e+01 1.484219740954633835e+02
1.389247002592471247e+00 8.033754076788670773e+01 1.484219740954625024e+02
1.405033900349204057e+00 7.799441823798923679e+01 1.484219740954625024e+02
1.420820798105936644e+00 7.565129570809173742e+01 1.484219740954625024e+02
1.436607695862669232e+00 7.330817317819426648e+01 1.484219740954625024e+02
1.452394593619401819e+00 7.096505064829676712e+01 1.484219740954629287e+02
1.468181491376134407e+00 6.862192811839928197e+01 1.484219740954625024e+02
1.483968389132867216e+00 6.627880558850179682e+01 1.484219740954622750e+02
1.499755286889599804e+00 6.393568305860431877e+01 1.569258504663146709e+02
1.515542184646332391e+00 6.132406087510175041e+01 1.737956781134469111e+02
1.531329082403064978e+00 5.844829385672631616e+01 1.652918017425947426e+02
1.547115980159797566e+00 5.610517132682882391e+01 1.390266040892712169e+02
1.562902877916530375e+00 5.405869628828017426e+01 1.226917070780610999e+02
1.578689775673262963e+00 5.223132845634814458e+01 1.176736547546747005e+02
1.594476673429995550e+00 5.034329237573396654e+01 1.182472716680138944e+02
1.610263571186728138e+00 4.849781328067710007e+01 9.995184325003771164e+01
1.626050468943460725e+00 4.718743331576334299e+01 6.696471785087607032e+01
1.641837366700193535e+00 4.638348297263664222e+01 6.409704363477445099e+01
1.657624264456926122e+00 4.516364636702131463e+01 8.596102230987960979e+01
1.673411162213658709e+00 4.366936723209607862e+01 9.777866330753786883e+01
1.689198059970391297e+00 4.207640284616914528e+01 9.428312428780913024e+01
1.704984957727123884e+00 4.069249114546216362e+01 8.242813157169268834e+01
1.720771855483856472e+00 3.947383387536751087e+01 7.937381694241892660e+01
1.736558753240589281e+00 3.818635848019900436e+01 8.577151570737933639e+01
1.752345650997321869e+00 3.676570157754274248e+01 8.990782432476989072e+01
1.768132548754054456e+00 3.534762721990816203e+01 8.628173411984472807e+01
1.783919446510787044e+00 3.404145974789558693e+01 8.080790067100988949e+01
1.799706344267519631e+00 3.279621508824928355e+01 7.805505887783772323e+01
1.815493242024252440e+00 3.157696528009524783e+01 7.895642262825685975e+01
1.831280139780985028e+00 3.030326114570996054e+01 8.254690671537167646e+01
1.847067037537717615e+00 2.897064612719501042e+01 8.143850369752630058e+01
1.862853935294450203e+00 2.773193848304168085e+01 7.684496635812722332e+01
1.878640833051182790e+00 2.654435887316438425e+01 7.336598216957955287e+01
1.894427730807915378e+00 2.541549596437483771e+01 7.189209205329036934e+01
1.910214628564648187e+00 2.427445265963857324e+01 7.351433553869574666e+01
1.926001526321380775e+00 2.309436936676778629e+01 7.413631377539944367e+01
1.941788424078113362e+00 2.193368784837201346e+01 7.234802081159013198e+01
1.957575321834845949e+00 2.081006775185871049e+01 7.155563629385400759e+01
1.973362219591578537e+00 1.967440482019397407e+01 7.218111541675061460e+01
1.989149117348311346e+00 1.853103597375639211e+01 7.310337057927726789e+01
2.004936015105043712e+00 1.736625394617880147e+01 7.313443098339563164e+01
2.020722912861776521e+00 1.622190440489302077e+01 7.002339616103560616e+01
2.036509810618509331e+00 1.515534955463189526e+01 6.668187841895087331e+01
2.052296708375241696e+00 1.411650441123931365e+01 6.423384224218392546e+01
2.068083606131974506e+00 1.312724335463299319e+01 6.270493497758825896e+01
2.083870503888706871e+00 1.213667161657180671e+01 6.088509086432608086e+01
2.099657401645439680e+00 1.120486994586400975e+01 5.730233622510623093e+01
2.115444299402172490e+00 1.032741937015646982e+01 5.385312818331794205e+01
2.131231197158904855e+00 9.504522288843496369e+00 5.154257331800208419e+01
2.147018094915637665e+00 8.700024699976081521e+00 4.895473897309648947e+01
2.162804992672370030e+00 7.958835371091879551e+00 4.639119931246897011e+01
2.178591890429102840e+00 7.235278459259776085e+00 4.303840057266348396e+01
2.194378788185835649e+00 6.599949712183996731e+00 3.797116470390625409e+01
2.210165685942568015e+00 6.036384669490530541e+00 3.321285036765514320e+01
2.225952583699300824e+00 5.551293966256333867e+00 2.910811725645787007e+01
2.241739481456033189e+00 5.117330927453160427e+00 2.485734525774226356e+01
2.257526379212765999e+00 4.766453230080774262e+00 2.056293816830428511e+01
2.273313276969498808e+00 4.468080922571091129e+00 1.589883941627236119e+01
2.289100174726231174e+00 4.264466525449969403e+00 1.080696198174593547e+01
2.304887072482963983e+00 4.126864114837651698e+00 7.134198572314327080e+00
2.320673970239696349e+00 4.039212798575261054e+00 4.062197993080038927e+00
2.336460867996429158e+00 3.998605106068933601e+00 1.601335603134799446e-01
2.352247765753161524e+00 4.034156774287080083e+00 -4.360828802614953759e+00
2.368034663509894333e+00 4.136293022951927689e+00 -8.224844558835759045e+00
2.383821561266627143e+00 4.293846334517797736e+00 -1.106175676058083468e+01
2.399608459023359508e+00 4.485554668930198829e+00 -1.299558602315558353e+01
2.415395356780092317e+00 4.704166310190559308e+00 -1.464008244349660615e+01
2.431182254536824683e+00 4.947797638301433487e+00 -1.564428928062687696e+01
2.446969152293557492e+00 5.198115900890568852e+00 -1.568276809280441420e+01
2.462756050050290302e+00 5.442962151148737604e+00 -1.433849002290251917e+01
2.478542947807022667e+00 5.650836452845554803e+00 -1.223001491608193803e+01
2.494329845563755477e+00 5.829110141235738674e+00 -1.149721862115778848e+01
2.510116743320487842e+00 6.013847282563595797e+00 -1.138106621710601019e+01
2.525903641077220652e+00 6.188453598699851455e+00 -1.066388380175210138e+01
2.541690538833953461e+00 6.350546569099471128e+00 -9.990859018265746627e+00
2.557477436590685826e+00 6.503902938346434404e+00 -8.293136157510422990e+00
2.573264334347418636e+00 6.612392354302030206e+00 -6.411161550894309613e+00
2.589051232104151001e+00 6.706327642158162128e+00 -6.262982988748563074e+00
2.604838129860883811e+00 6.810138498493088832e+00 -3.702166985581657244e+00
2.620625027617616620e+00 6.823219105517619454e+00 1.420552816068943347e+00
2.636411925374348986e+00 6.765286254362450791e+00 5.668042321215909674e+00
2.652198823131081795e+00 6.644257496305881361e+00 8.950494177324461731e+00
2.667985720887814161e+00 6.482685181463146762e+00 1.112590196952094956e+01
2.683772618644546970e+00 6.292970542617366547e+00 1.286963048178290947e+01
2.699559516401279780e+00 6.076342100297473792e+00 1.623435479438105133e+01
2.715346414158012145e+00 5.780390344046534956e+00 1.826659760157954437e+01
2.731133311914744954e+00 5.499596282898446375e+00 1.696520634351600521e+01
2.746920209671477320e+00 5.244734388112616941e+00 1.538907303111754565e+01
2.762707107428210129e+00 5.013704837872158038e+00 1.537317069986199769e+01
2.778494005184942495e+00 4.759345040041578656e+00 1.540724580414935829e+01
2.794280902941675304e+00 4.527239609426250588e+00 1.456476910963400684e+01
2.810067800698408114e+00 4.299479998473159092e+00 1.289964951726362408e+01
2.825854698455140479e+00 4.119948713372798110e+00 1.098303810863768959e+01
2.841641596211873289e+00 3.952703799114436478e+00 1.103039593896059856e+01
2.857428493968605654e+00 3.771677247563498536e+00 1.194130095271252578e+01
2.873215391725338463e+00 3.575671604668743342e+00 1.038000544104618683e+01
2.889002289482071273e+00 3.443941078339249451e+00 8.725664625514900408e+00
2.904789187238803638e+00 3.300169254063658464e+00 7.810125187460188911e+00
2.920576084995536448e+00 3.197345782735816933e+00 6.291328292769085451e+00
2.936362982752268813e+00 3.101528141039688879e+00 4.842163582018893742e+00
2.952149880509001623e+00 3.044460299954403926e+00 1.695695854175790940e+00
2.967936778265734432e+00 3.047988586886911655e+00 -2.624404493826710372e+00
2.983723676022466798e+00 3.127322710787107773e+00 -4.499396485258958300e+00
2.999510573779199607e+00 3.190051611446482305e+00 -7.586779616932903814e+00
3.015297471535931972e+00 3.366866139017873572e+00 -1.047450374215041258e+01
3.031084369292664782e+00 3.520771450706166039e+00 -1.126870549033544400e+01
3.046871267049397591e+00 3.722661941871188152e+00 -1.036133220239734243e+01
3.062658164806129957e+00 3.847918034911742335e+00 -8.532060474879040513e+00
3.078445062562862766e+00 3.992051474613538264e+00 -7.679869186634287637e+00
3.094231960319595132e+00 4.090400654180696094e+00 -6.384980547370127546e+00
3.110018858076327941e+00 4.193649544773656146e+00 -5.198164220677979230e+00
3.125805755833060751e+00 4.254526428329794108e+00 -3.231013317941333618e+00
3.141592653589793116e+00 4.295664898575618729e+00 -2.605861574563015370e+00
