0.000000000000000000e+00 3.343001874930390471e+01 5.311706233096268742e-02
1.578689775673262907e-02 3.342918019567174781e+01 1.062341246614752904e-01
3.157379551346525814e-02 3.342666453477529132e+01 2.124682493229505809e-01
4.736069327019788722e-02 3.342247176661452102e+01 3.187023739844258574e-01
6.314759102693051629e-02 3.341660189118945112e+01 3.718194363151635096e-01
7.893448878366314536e-02 3.341073201576437413e+01 3.718194363151635096e-01
9.472138654039577443e-02 3.340486214033930423e+01 3.718194363151635096e-01
1.105082842971284035e-01 3.339899226491422723e+01 3.718194363153885518e-01
1.262951820538610326e-01 3.339312238948915024e+01 3.718194363151635096e-01
1.420820798105936755e-01 3.338725251406408034e+01 3.718194363151635096e-01
1.578689775673262907e-01 3.338138263863900335e+01 3.718194363153885518e-01
1.736558753240589059e-01 3.337551276321392635e+01 3.718194363153885518e-01
1.894427730807915489e-01 3.336964288778884935e+01 3.718194363153885518e-01
2.052296708375241918e-01 3.336377301236377235e+01 3.718194363151635096e-01
2.210165685942568070e-01 3.335790313693870246e+01 3.718194363151635096e-01
2.368034663509894222e-01 3.335203326151362546e+01 3.718194363153885518e-01
2.525903641077220652e-01 3.334616338608854846e+01 3.718194363153885518e-01
2.683772618644547081e-01 3.334029351066347147e+01 3.718194363151635096e-01
2.841641596211873511e-01 3.333442363523840157e+01 3.718194363149384674e-01
2.999510573779199385e-01 3.332855375981333168e+01 3.718194363151635096e-01
3.157379551346525814e-01 3.332268388438825468e+01 3.718194363153885518e-01
3.315248528913852244e-01 3.331681400896317768e+01 3.718194363153885518e-01
3.473117506481178118e-01 3.331094413353810069e+01 3.718194363151635096e-01
3.630986484048504548e-01 3.330507425811303079e+01 3.718194363151635096e-01
3.788855461615830977e-01 3.329920438268795380e+01 3.718194363151635096e-01
3.946724439183157407e-01 3.329333450726288390e+01 3.718194363151635096e-01
4.104593416750483836e-01 3.328746463183780691e+01 3.718194363151635096e-01
4.262462394317809711e-01 3.328159475641273701e+01 3.718194363151635096e-01
4.420331371885136140e-01 3.327572488098766001e+01 3.718194363153885518e-01
4.578200349452462570e-01 3.326985500556258302e+01 3.718194363151635096e-01
4.736069327019788444e-01 3.326398513013751312e+01 3.718194363151635096e-01
4.893938304587114874e-01 3.325811525471243613e+01 3.718194363153885518e-01
5.051807282154441303e-01 3.325224537928735913e+01 3.718194363153885518e-01
5.209676259721767178e-01 3.324637550386228213e+01 3.718194363153885518e-01
5.367545237289094162e-01 3.324050562843720513e+01 3.718194363151635096e-01
5.525414214856420037e-01 3.323463575301213524e+01 3.718194363153885518e-01
5.683283192423747021e-01 3.322876587758705114e+01 3.718194363153885518e-01
5.841152169991072896e-01 3.322289600216198124e+01 3.718194363149384674e-01
5.999021147558398770e-01 3.321702612673691135e+01 3.718194363151635096e-01
6.156890125125725755e-01 3.321115625131183435e+01 3.718194363153885518e-01
6.314759102693051629e-01 3.320528637588675736e+01 3.718194363153885518e-01
6.472628080260377503e-01 3.319941650046168036e+01 3.718194363151635096e-01
6.630497057827704488e-01 3.319354662503661046e+01 3.718194363151635096e-01
6.788366035395030362e-01 3.318767674961153347e+01 3.718194363151635096e-01
6.946235012962356237e-01 3.318180687418646357e+01 3.718194363151635096e-01
7.104103990529683221e-01 3.317593699876138658e+01 3.718194363151635096e-01
7.261972968097009096e-01 3.317006712333631668e+01 3.718194363151635096e-01
7.419841945664336080e-01 3.316419724791123969e+01 3.718194363153885518e-01
7.577710923231661955e-01 3.315832737248616269e+01 3.718194363151635096e-01
7.735579900798987829e-01 3.315245749706109279e+01 3.718194363151635096e-01
7.893448878366314814e-01 3.314658762163601580e+01 3.718194363153885518e-01
8.051317855933640688e-01 3.314071774621093880e+01 3.718194363153885518e-01
8.209186833500967673e-01 3.313484787078586180e+01 3.718194363153885518e-01
8.367055811068293547e-01 3.312897799536078480e+01 3.718194363151635096e-01
8.524924788635619421e-01 3.312310811993571491e+01 3.718194363153885518e-01
8.682793766202946406e-01 3.311723824451063081e+01 3.718194363153885518e-01
8.840662743770272280e-01 3.311136836908556091e+01 3.718194363149384674e-01
8.998531721337598155e-01 3.310549849366049102e+01 3.718194363151635096e-01
9.156400698904925139e-01 3.309962861823541402e+01 3.718194363153885518e-01
9.314269676472251014e-01 3.309375874281033703e+01 3.718194363151635096e-01
9.472138654039576888e-01 3.308788886738526713e+01 3.718194363151635096e-01
9.630007631606903873e-01 3.308201899196019014e+01 3.718194363151635096e-01
9.787876609174229747e-01 3.307614911653512024e+01 3.718194363151635096e-01
9.945745586741556732e-01 3.307027924111004324e+01 3.718194363153885518e-01
1.010361456430888261e+00 3.306440936568496625e+01 3.718194363151635096e-01
1.026148354187620848e+00 3.305853949025989635e+01 3.718194363151635096e-01
1.041935251944353436e+00 3.305266961483481936e+01 3.718194363151635096e-01
1.057722149701086245e+00 3.304679973940974946e+01 3.718194363151635096e-01
1.073509047457818832e+00 3.304092986398467247e+01 3.718194363153885518e-01
1.089295945214551420e+00 3.303505998855959547e+01 3.718194363151635096e-01
1.105082842971284007e+00 3.302919011313452557e+01 3.718194363151635096e-01
1.120869740728016595e+00 3.302332023770944858e+01 3.718194363153885518e-01
1.136656638484749404e+00 3.301745036228437158e+01 3.718194363153885518e-01
1.152443536241481992e+00 3.301158048685929458e+01 3.718194363153885518e-01
1.168230433998214579e+00 3.300571061143421758e+01 3.718194363151635096e-01
1.184017331754947167e+00 3.299984073600914769e+01 3.718194363151635096e-01
1.199804229511679754e+00 3.299397086058407069e+01 3.718194363153885518e-01
1.215591127268412341e+00 3.298810098515899369e+01 3.718194363153885518e-01
1.231378025025145151e+00 3.298223110973391670e+01 3.718194363151635096e-01
1.247164922781877738e+00 3.297636123430884680e+01 3.718194363149384674e-01
1.262951820538610326e+00 3.297049135888377691e+01 3.718194363151635096e-01
1.278738718295342913e+00 3.296462148345869991e+01 3.718194363153885518e-01
1.294525616052075501e+00 3.295875160803362292e+01 3.718194363153885518e-01
1.310312513808808310e+00 3.295288173260854592e+01 3.718194363151635096e-01
1.326099411565540898e+00 3.294701185718347602e+01 3.718194363151635096e-01
1.341886309322273485e+00 3.294114198175839903e+01 3.718194363151635096e-01
1.357673207079006072e+00 3.293527210633332913e+01 3.718194363151635096e-01
1.373460104835738660e+00 3.292940223090825214e+01 3.718194363151635096e-01
1.389247002592471247e+00 3.292353235548318224e+01 3.718194363151635096e-01
1.405033900349204057e+00 3.291766248005810525e+01 3.718194363153885518e-01
1.420820798105936644e+00 3.291179260463302825e+01 3.718194363151635096e-01
1.436607695862669232e+00 3.290592272920795835e+01 3.718194363151635096e-01
1.452394593619401819e+00 3.290005285378288136e+01 3.718194363153885518e-01
1.468181491376134407e+00 3.289418297835780436e+01 3.718194363153885518e-01
1.483968389132867216e+00 3.288831310293272736e+01 3.718194363153885518e-01
1.499755286889599804e+00 3.288244322750765036e+01 3.718194363151635096e-01
1.515542184646332391e+00 3.287657335208258047e+01 3.718194363153885518e-01
1.531329082403064978e+00 3.287070347665749637e+01 3.718194363153885518e-01
1.547115980159797566e+00 3.286483360123242647e+01 3.718194363149384674e-01
1.562902877916530375e+00 3.285896372580735658e+01 3.718194363151635096e-01
1.578689775673262963e+00 3.285309385038227958e+01 3.718194363153885518e-01
1.594476673429995550e+00 3.284722397495720259e+01 3.718194363151635096e-01
1.610263571186728138e+00 3.284135409953213269e+01 3.718194363151635096e-01
1.626050468943460725e+00 3.283548422410705570e+01 3.718194363151635096e-01
1.641837366700193535e+00 3.282961434868198580e+01 3.718194363151635096e-01
1.657624264456926122e+00 3.282374447325690880e+01 3.718194363153885518e-01
1.673411162213658709e+00 3.281787459783183181e+01 3.718194363151635096e-01
1.689198059970391297e+00 3.281200472240676191e+01 3.718194363151635096e-01
1.704984957727123884e+00 3.280613484698168492e+01 -8.235887950246759459e+00
1.720771855483856472e+00 3.307204296441966562e+01 -1.467568654229147462e+01
1.736558753240589281e+00 3.326950197288770994e+01 -6.227330342721539402e+00
1.752345650997321869e+00 3.326866341925555304e+01 8.492129182819383004e+00
1.768132548754054456e+00 3.300137322259543993e+01 1.740974518126269999e+01
1.783919446510787044e+00 3.271897168496082742e+01 2.688661914715344992e+01
1.799706344267519631e+00 3.215246060759479718e+01 4.474732765072866414e+01
1.815493242024252440e+00 3.130612871194269076e+01 6.834865326683959097e+01
1.831280139780985028e+00 2.999443420572686492e+01 8.757765054487796874e+01
1.847067037537717615e+00 2.854096988208899432e+01 8.997441242262847538e+01
1.862853935294450203e+00 2.715360050645060497e+01 8.353022567767123974e+01
1.878640833051182790e+00 2.590360361734859751e+01 8.714357675818172311e+01
1.894427730807915378e+00 2.440214703357581172e+01 9.231366291816240732e+01
1.910214628564648187e+00 2.298891090127157710e+01 8.704554783616094937e+01
1.926001526321380775e+00 2.165378870583930748e+01 8.471615919565581976e+01
1.941788424078113362e+00 2.031410021414177081e+01 8.382315260730534590e+01
1.957575321834845949e+00 1.900717362612225614e+01 8.342869075910836330e+01
1.973362219591578537e+00 1.767993979215755473e+01 8.524436304030245992e+01
1.989149117348311346e+00 1.631568553881215067e+01 8.272436530428413448e+01
2.004936015105043712e+00 1.506801759805888707e+01 7.712969428870421496e+01
2.020722912861776521e+00 1.388040834332451468e+01 7.307629159183936451e+01
2.036509810618509331e+00 1.276072171045579040e+01 6.894523653346755054e+01
2.052296708375241696e+00 1.170354554338931585e+01 6.433371248242865192e+01
2.068083606131974506e+00 1.072946222791352078e+01 6.026010779041812526e+01
2.083870503888706871e+00 9.800905222395279281e+00 5.588232351157142830e+01
2.099657401645439680e+00 8.965045172541852736e+00 5.028825974315795122e+01
2.115444299402172490e+00 8.213113992536783314e+00 4.499506910096137346e+01
2.131231197158904855e+00 7.544380061633859214e+00 3.994259557384436476e+01
2.147018094915637665e+00 6.951974647611178781e+00 3.418554260966919855e+01
2.162804992672370030e+00 6.465012729759310517e+00 2.864860317570268933e+01
2.178591890429102840e+00 6.047429509195130670e+00 2.371318925569880776e+01
2.194378788185835649e+00 5.716297341227774886e+00 1.931017962388504472e+01
2.210165685942568015e+00 5.437733846422300843e+00 1.620145216431399859e+01
2.225952583699300824e+00 5.204756003570535583e+00 1.305132074517927165e+01
2.241739481456033189e+00 5.025654114033363484e+00 9.227083646666123684e+00
2.257526379212765999e+00 4.913421951325060100e+00 6.315316546696926991e+00
2.273313276969498808e+00 4.826255600785151145e+00 4.283639468380599169e+00
2.289100174726231174e+00 4.778171194697002022e+00 1.861511479412025993e+00
2.304887072482963983e+00 4.767480617988227642e+00 -4.356186754889229684e-01
2.320673970239696349e+00 4.791925329678735856e+00 -2.396604971735297962e+00
2.336460867996429158e+00 4.843150533292352122e+00 -3.469394273266150908e+00
2.352247765753161524e+00 4.901467275018428715e+00 -3.456680624115732847e+00
2.368034663509894333e+00 4.952291060473539730e+00 -3.720665617169106820e+00
2.383821561266627143e+00 5.018942810388907105e+00 -3.599928421900360664e+00
2.399608459023359508e+00 5.065954464329733398e+00 -2.572655057849937865e+00
2.415395356780092317e+00 5.100171295112143177e+00 -1.984268790286797701e+00
2.431182254536824683e+00 5.128605361357999826e+00 -1.325949707099424613e+00
2.446969152293557492e+00 5.142036560025239567e+00 -1.024061321757266801e-01
2.462756050050290302e+00 5.131838711634641115e+00 9.488752155035126146e-01
2.478542947807022667e+00 5.112076968003136379e+00 2.080568448580401686e+00
2.494329845563755477e+00 5.066147268887395860e+00 3.272813889539742060e+00
2.510116743320487842e+00 5.008741811501179697e+00 4.555799923547894537e+00
2.525903641077220652e+00 4.922303373701033991e+00 6.526718535214513395e+00
2.541690538833953461e+00 4.802668535096373148e+00 7.378731624536070122e+00
2.557477436590685826e+00 4.689328810239192791e+00 6.622291091135528163e+00
2.573264334347418636e+00 4.593577670354217268e+00 6.062226147270145304e+00
2.589051232104151001e+00 4.497921321508902892e+00 5.286484519197364840e+00
2.604838129860883811e+00 4.426663289159979975e+00 3.586164943925700399e+00
2.620625027617616620e+00 4.384692482891835219e+00 1.736201622694335533e+00
2.636411925374348986e+00 4.371844814154882464e+00 -4.508667315674508846e-01
2.652198823131081795e+00 4.398928056878170345e+00 -1.712940327439483656e+00
2.667985720887814161e+00 4.425928841780224943e+00 -1.865725709396491405e+00
2.683772618644546970e+00 4.457836098910870071e+00 -3.327482191629635988e+00
2.699559516401279780e+00 4.530990084073436286e+00 -5.334543989147875642e+00
2.715346414158012145e+00 4.626267899981810316e+00 -6.245261339778229726e+00
2.731133311914744954e+00 4.728176688543744177e+00 -8.175483070524762752e+00
2.746920209671477320e+00 4.884398930674356265e+00 -1.128947832090902992e+01
2.762707107428210129e+00 5.084628368501824980e+00 -1.520055351911225827e+01
2.778494005184942495e+00 5.364338099178291408e+00 -2.049385867560477337e+01
2.794280902941675304e+00 5.731697271607226085e+00 -2.477463390958474676e+01
2.810067800698408114e+00 6.146567324160482571e+00 -2.883576555511341510e+01
2.825854698455140479e+00 6.642151836718602098e+00 -3.634581481907806477e+01
2.841641596211873289e+00 7.294142649028328762e+00 -4.410032415986864152e+01
2.857428493968605654e+00 8.034566453819826037e+00 -5.050401163888837175e+01
2.873215391725338463e+00 8.888745985124259619e+00 -5.814046057429300873e+01
2.889002289482071273e+00 9.870281467051242430e+00 -6.354573835721804187e+01
2.904789187238803638e+00 1.089512613376722783e+01 -6.847543059784023001e+01
2.920576084995536448e+00 1.203231071044393197e+01 -7.393065673696735018e+01
2.936362982752268813e+00 1.322939757175642761e+01 -7.527635923462025858e+01
2.952149880509001623e+00 1.440907108391598435e+01 -7.026646265453443618e+01
2.967936778265734432e+00 1.544797649506524095e+01 -6.380499317503763734e+01
2.983723676022466798e+00 1.642363689116266912e+01 -6.235717117604288262e+01
2.999510573779199607e+00 1.741682906657576879e+01 -6.139118869157763925e+01
3.015297471535931972e+00 1.836198972923910233e+01 -5.987164812152494875e+01
3.031084369292664782e+00 1.930720424141894398e+01 -5.802292186854979406e+01
3.046871267049397591e+00 2.019399359941046512e+01 -5.584971739765678223e+01
3.062658164806129957e+00 2.107059179801738225e+01 -5.322535514504913579e+01
3.078445062562862766e+00 2.187452007889181260e+01 -4.949953942739733748e+01
3.094231960319595132e+00 2.263348013390873703e+01 -4.310013271669976120e+01
3.110018858076327941e+00 2.323535485589210481e+01 -3.337912178233332128e+01
3.125805755833060751e+00 2.368738569948318329e+01 -2.696351508146990383e+01
3.141592653589793116e+00 2.408669536739867212e+01 -2.529373877430703388e+01
