0.000000000000000000e+00 1.709551317527791241e+02 1.104934705723590938e+01
1.578689775673262907e-02 1.707806968405078862e+02 2.209869411447091991e+01
3.157379551346525814e-02 1.702573921036942011e+02 4.419738822894274222e+01
4.736069327019788722e-02 1.693852175423380118e+02 6.629608234341455386e+01
6.314759102693051629e-02 1.681641731564393751e+02 7.734542940064956440e+01
7.893448878366314536e-02 1.669431287705407385e+02 7.734542940065047389e+01
9.472138654039577443e-02 1.657220843846420735e+02 7.734542940065136918e+01
1.105082842971284035e-01 1.645010399987434084e+02 7.734542940065047389e+01
1.262951820538610326e-01 1.632799956128447718e+02 7.734542940064956440e+01
1.420820798105936755e-01 1.620589512269461352e+02 7.734542940065047389e+01
1.578689775673262907e-01 1.608379068410474702e+02 7.734542940065047389e+01
1.736558753240589059e-01 1.596168624551488335e+02 7.734542940065047389e+01
1.894427730807915489e-01 1.583958180692501685e+02 7.734542940065047389e+01
2.052296708375241918e-01 1.571747736833515319e+02 7.734542940064866912e+01
2.210165685942568070e-01 1.559537292974529237e+02 7.734542940064866912e+01
2.368034663509894222e-01 1.547326849115542871e+02 7.734542940065047389e+01
2.525903641077220652e-01 1.535116405256556220e+02 7.734542940065136918e+01
2.683772618644547081e-01 1.522905961397569570e+02 7.734542940065047389e+01
2.841641596211873511e-01 1.510695517538583204e+02 7.734542940064956440e+01
2.999510573779199385e-01 1.498485073679596837e+02 7.734542940064956440e+01
3.157379551346525814e-01 1.486274629820610471e+02 7.734542940065047389e+01
3.315248528913852244e-01 1.474064185961623821e+02 7.734542940065047389e+01
3.473117506481178118e-01 1.461853742102637455e+02 7.734542940064956440e+01
3.630986484048504548e-01 1.449643298243651088e+02 7.734542940065047389e+01
3.788855461615830977e-01 1.437432854384664438e+02 7.734542940065047389e+01
3.946724439183157407e-01 1.425222410525678072e+02 7.734542940065047389e+01
4.104593416750483836e-01 1.413011966666691421e+02 7.734542940065047389e+01
4.262462394317809711e-01 1.400801522807705055e+02 7.734542940064956440e+01
4.420331371885136140e-01 1.388591078948718689e+02 7.734542940064956440e+01
4.578200349452462570e-01 1.376380635089732323e+02 7.734542940065047389e+01
4.736069327019788444e-01 1.364170191230745672e+02 7.734542940065047389e+01
4.893938304587114874e-01 1.351959747371759306e+02 7.734542940065047389e+01
5.051807282154441303e-01 1.339749303512772656e+02 7.734542940065047389e+01
5.209676259721767178e-01 1.327538859653786290e+02 7.734542940064866912e+01
5.367545237289094162e-01 1.315328415794800208e+02 7.734542940064956440e+01
5.525414214856420037e-01 1.303117971935813557e+02 7.734542940065136918e+01
5.683283192423747021e-01 1.290907528076826907e+02 7.734542940065091443e+01
5.841152169991072896e-01 1.278697084217840398e+02 7.734542940065001915e+01
5.999021147558398770e-01 1.266486640358854032e+02 7.734542940065001915e+01
6.156890125125725755e-01 1.254276196499867524e+02 7.734542940065001915e+01
6.314759102693051629e-01 1.242065752640881158e+02 7.734542940064956440e+01
6.472628080260377503e-01 1.229855308781894792e+02 7.734542940065047389e+01
6.630497057827704488e-01 1.217644864922908141e+02 7.734542940065091443e+01
6.788366035395030362e-01 1.205434421063921633e+02 7.734542940065047389e+01
6.946235012962356237e-01 1.193223977204935125e+02 7.734542940064956440e+01
7.104103990529683221e-01 1.181013533345948900e+02 7.734542940065001915e+01
7.261972968097009096e-01 1.168803089486962250e+02 7.734542940065047389e+01
7.419841945664336080e-01 1.156592645627975884e+02 7.734542940064956440e+01
7.577710923231661955e-01 1.144382201768989518e+02 7.734542940065001915e+01
7.735579900798987829e-01 1.132171757910003009e+02 7.734542940065001915e+01
7.893448878366314814e-01 1.119961314051016643e+02 7.734542940065047389e+01
8.051317855933640688e-01 1.107750870192029993e+02 7.734542940065047389e+01
8.209186833500967673e-01 1.095540426333043627e+02 7.734542940065001915e+01
8.367055811068293547e-01 1.083329982474057118e+02 7.734542940065001915e+01
8.524924788635619421e-01 1.071119538615070752e+02 7.734542940065001915e+01
8.682793766202946406e-01 1.058909094756084244e+02 7.734542940065047389e+01
8.840662743770272280e-01 1.046698650897097735e+02 7.734542940065001915e+01
8.998531721337598155e-01 1.034488207038111369e+02 7.734542940064956440e+01
9.156400698904925139e-01 1.022277763179125003e+02 7.734542940065001915e+01
9.314269676472251014e-01 1.010067319320138495e+02 7.734542940065047389e+01
9.472138654039576888e-01 9.978568754611519864e+01 7.734542940065047389e+01
9.630007631606903873e-01 9.856464316021654781e+01 7.734542940065001915e+01
9.787876609174229747e-01 9.734359877431791119e+01 7.734542940065001915e+01
9.945745586741556732e-01 9.612255438841926036e+01 7.734542940065047389e+01
1.010361456430888261e+00 9.490151000252060953e+01 7.734542940065001915e+01
1.026148354187620848e+00 9.368046561662197291e+01 7.734542940065001915e+01
1.041935251944353436e+00 9.245942123072332208e+01 7.734542940065047389e+01
1.057722149701086245e+00 9.123837684482467125e+01 7.734542940065047389e+01
1.073509047457818832e+00 9.001733245892602042e+01 7.734542940065001915e+01
1.089295945214551420e+00 8.879628807302738380e+01 7.734542940065001915e+01
1.105082842971284007e+00 8.757524368712873297e+01 7.734542940065047389e+01
1.120869740728016595e+00 8.635419930123008214e+01 7.734542940065047389e+01
1.136656638484749404e+00 8.513315491533143131e+01 7.734542940065001915e+01
1.152443536241481992e+00 8.391211052943279469e+01 7.734542940064956440e+01
1.168230433998214579e+00 8.269106614353415807e+01 7.734542940065001915e+01
1.184017331754947167e+00 8.147002175763550724e+01 7.734542940065001915e+01
1.199804229511679754e+00 8.024897737173687062e+01 7.734542940065001915e+01
1.215591127268412341e+00 7.902793298583821979e+01 7.734542940065047389e+01
1.231378025025145151e+00 7.780688859993956896e+01 7.734542940065001915e+01
1.247164922781877738e+00 7.658584421404093234e+01 7.734542940065001915e+01
1.262951820538610326e+00 7.536479982814228151e+01 7.734542940065047389e+01
1.278738718295342913e+00 7.414375544224363068e+01 7.734542940065047389e+01
1.294525616052075501e+00 7.292271105634497985e+01 7.734542940065001915e+01
1.310312513808808310e+00 7.170166667044634323e+01 7.734542940065001915e+01
1.326099411565540898e+00 7.048062228454769240e+01 7.734542940065047389e+01
1.341886309322273485e+00 6.925957789864904157e+01 7.734542940065001915e+01
1.357673207079006072e+00 6.803853351275040495e+01 7.734542940065001915e+01
1.373460104835738660e+00 6.681748912685175412e+01 7.734542940065047389e+01
1.389247002592471247e+00 6.559644474095310329e+01 7.734542940065001915e+01
1.405033900349204057e+00 6.437540035505446667e+01 7.734542940065001915e+01
1.420820798105936644e+00 6.315435596915581584e+01 7.734542940065001915e+01
1.436607695862669232e+00 6.193331158325717922e+01 7.734542940065001915e+01
1.452394593619401819e+00 6.071226719735852839e+01 7.734542940065024652e+01
1.468181491376134407e+00 5.949122281145988467e+01 7.734542940065001915e+01
1.483968389132867216e+00 5.827017842556124094e+01 7.734542940065024652e+01
1.499755286889599804e+00 5.704913403966259011e+01 7.057900973442313841e+01
1.515542184646332391e+00 5.604173120466369085e+01 7.160601413726895714e+01
1.531329082403064978e+00 5.478826039175815765e+01 7.837243380349606525e+01
1.547115980159797566e+00 5.356721600585951393e+01 8.131910570931259485e+01
1.562902877916530375e+00 5.222070757675445662e+01 8.794951137280639841e+01
1.578689775673262963e+00 5.079031611826533776e+01 9.535447349982253229e+01
1.594476673429995550e+00 4.921000492917691815e+01 1.043335766732927823e+02
1.610263571186728138e+00 4.749610910319434254e+01 1.184181425004047981e+02
1.626050468943460725e+00 4.547109471278474757e+01 1.123876358045125272e+02
1.641837366700193535e+00 4.394760487206085742e+01 9.454094399317217778e+01
1.657624264456926122e+00 4.248607827949435745e+01 8.732740630800583403e+01
1.673411162213658709e+00 4.119034720257058524e+01 8.056367294626781472e+01
1.689198059970391297e+00 3.994237734407520435e+01 7.225325761064439689e+01
1.704984957727123884e+00 3.890903762159037171e+01 6.310537099864352939e+01
1.720771855483856472e+00 3.794990126436267275e+01 5.098641320248202646e+01
1.736558753240589281e+00 3.729920303717015884e+01 5.204939824043501773e+01
1.752345650997321869e+00 3.630650420772025910e+01 6.584609289616513195e+01
1.768132548754054456e+00 3.522019196470600377e+01 6.935994032711131752e+01
1.783919446510787044e+00 3.411654763500589382e+01 6.641377679365642450e+01
1.799706344267519631e+00 3.312325695694617167e+01 6.738083472461994461e+01
1.815493242024252440e+00 3.198907893788414469e+01 6.734203607347205889e+01
1.831280139780985028e+00 3.099701328050196381e+01 7.000882974696544636e+01
1.847067037537717615e+00 2.977863446331645392e+01 7.447934746951806062e+01
1.862853935294450203e+00 2.864541759352307437e+01 7.227739743003344586e+01
1.878640833051182790e+00 2.749656269661511843e+01 7.380335337860122991e+01
1.894427730807915378e+00 2.631516560573910368e+01 7.809886863210327590e+01
1.910214628564648187e+00 2.503068498859210322e+01 7.749251590729191719e+01
1.926001526321380775e+00 2.386843275465831482e+01 7.674605806127267726e+01
1.941788424078113362e+00 2.260752064490094781e+01 7.853379791508153573e+01
1.957575321834845949e+00 2.138882267839172613e+01 7.657708134943089817e+01
1.973362219591578537e+00 2.018969153735602262e+01 7.535044414321836825e+01
1.989149117348311346e+00 1.900972316316496347e+01 7.364610492411425469e+01
2.004936015105043712e+00 1.786440448011883220e+01 7.048662724510681699e+01
2.020722912861776521e+00 1.678419280809411163e+01 6.950899946648864614e+01
2.036509810618509331e+00 1.566974154461835411e+01 6.856110690987165412e+01
2.052296708375241696e+00 1.461945843834499392e+01 6.662650737470268325e+01
2.068083606131974506e+00 1.356608982499310656e+01 6.579506672737502981e+01
2.083870503888706871e+00 1.254205845570005273e+01 6.276690713976135783e+01
2.099657401645439680e+00 1.158430033394961889e+01 5.891308921876446192e+01
2.115444299402172490e+00 1.068194862364024900e+01 5.587305620319724397e+01
2.131231197158904855e+00 9.820175882677517620e+00 5.261283055920890206e+01
2.147018094915637665e+00 9.020761870179191177e+00 4.942371010385551244e+01
2.162804992672370030e+00 8.259681766341596898e+00 4.574435812308752247e+01
2.178591890429102840e+00 7.576438860906102413e+00 4.085232103872996134e+01
2.194378788185835649e+00 6.969818935614302546e+00 3.717581625309101412e+01
2.210165685942568015e+00 6.402657240484848522e+00 3.438222199928483036e+01
2.225952583699300824e+00 5.884241688910316626e+00 3.055001936777153659e+01
2.241739481456033189e+00 5.438077176034426863e+00 2.540787505592707518e+01
2.257526379212765999e+00 5.082018637462800470e+00 2.028826193415020285e+01
2.273313276969498808e+00 4.797499742401947209e+00 1.550748718653906444e+01
2.289100174726231174e+00 4.592388408107333397e+00 1.180739510910872703e+01
2.304887072482963983e+00 4.424695463680258456e+00 7.631711698038136760e+00
2.320673970239696349e+00 4.351426303535756546e+00 2.909305798641520724e+00
2.336460867996429158e+00 4.332837637307812351e+00 -6.026816729533632233e-02
2.352247765753161524e+00 4.353329198325910809e+00 -2.669146389736982705e+00
2.368034663509894333e+00 4.417112719612871885e+00 -6.227257656367945593e+00
2.383821561266627143e+00 4.549947358177733214e+00 -9.665713285137577770e+00
2.399608459023359508e+00 4.722295974369590255e+00 -1.319873630185413838e+01
2.415395356780092317e+00 4.966681559208626418e+00 -1.543661357487858865e+01
2.431182254536824683e+00 5.209688454803188762e+00 -1.675317425750613154e+01
2.446969152293557492e+00 5.495642857416575211e+00 -1.855957388790502804e+01
2.462756050050290302e+00 5.795684645556951509e+00 -1.886355733517697431e+01
2.478542947807022667e+00 6.091236959373980575e+00 -1.742038616849450605e+01
2.494329845563755477e+00 6.345712356206595572e+00 -1.434112805741935937e+01
2.510116743320487842e+00 6.544040804091358687e+00 -1.111531234063039086e+01
2.525903641077220652e+00 6.696664955117956453e+00 -9.191670431025594112e+00
2.541690538833953461e+00 6.834256726707725882e+00 -6.223572768330559057e+00
2.557477436590685826e+00 6.893166769068396427e+00 -3.498650522122717987e+00
2.573264334347418636e+00 6.944722402866307043e+00 -1.762679373616975687e+00
2.589051232104151001e+00 6.948821247166781845e+00 6.444533551948767869e-01
2.604838129860883811e+00 6.924374564411417410e+00 9.640666711920987675e-01
2.620625027617616620e+00 6.918382003229215371e+00 1.877488691670050169e+00
2.636411925374348986e+00 6.865095120381783822e+00 4.463363529034790389e+00
2.652198823131081795e+00 6.777456675861212254e+00 4.722410586327810300e+00
2.667985720887814161e+00 6.715990694198445965e+00 5.934122269585998311e+00
2.683772618644546970e+00 6.590093912769403595e+00 8.217068891214747595e+00
2.699559516401279780e+00 6.456546641307174816e+00 9.792599145307089969e+00
2.715346414158012145e+00 6.280904389810142874e+00 1.319512249017785166e+01
2.731133311914744954e+00 6.039926542027172829e+00 1.530412763591373881e+01
2.746920209671477320e+00 5.797694993321830026e+00 1.639834712288383756e+01
2.762707107428210129e+00 5.522168483210417200e+00 1.882059072938817934e+01
2.778494005184942495e+00 5.203457510189507751e+00 1.983977503164775058e+01
2.794280902941675304e+00 4.895751483328017351e+00 2.004486107920138949e+01
2.810067800698408114e+00 4.570565165378984496e+00 1.875520825729450181e+01
2.825854698455140479e+00 4.303578372999745660e+00 1.590349747870612518e+01
2.841641596211873289e+00 4.068431388037407004e+00 1.495832734305023770e+01
2.857428493968605654e+00 3.831287204246801359e+00 1.337079302856013641e+01
2.873215391725338463e+00 3.646264703100782434e+00 1.109033010507669381e+01
2.889002289482071273e+00 3.481123389332282159e+00 1.012088146505227115e+01
2.904789187238803638e+00 3.326710061307201372e+00 7.591524372852938463e+00
2.920576084995536448e+00 3.241430151148335881e+00 4.893994040317908301e+00
2.936362982752268813e+00 3.172188094234086098e+00 2.401474799075649535e+00
2.952149880509001623e+00 3.165606476911581257e+00 -2.463317437498579565e+00
2.967936778265734432e+00 3.249964375290419483e+00 -6.111294374204894631e+00
2.983723676022466798e+00 3.358563235805317237e+00 -8.742533472003902517e+00
2.999510573779199607e+00 3.525999339405096134e+00 -1.308467775832684765e+01
3.015297471535931972e+00 3.771696175706316101e+00 -1.456918910562720271e+01
3.031084369292664782e+00 3.986003937023175236e+00 -1.318006308785241742e+01
3.046871267049397591e+00 4.187840792496739795e+00 -1.170743250910465250e+01
3.062658164806129957e+00 4.355652017053341041e+00 -8.733163506370280160e+00
3.078445062562862766e+00 4.463579911232532282e+00 -5.637857413328557499e+00
3.094231960319595132e+00 4.533660574155851108e+00 -3.807110400007089446e+00
3.110018858076327941e+00 4.583784836499543047e+00 -1.591508202592877064e+00
3.125805755833060751e+00 4.583910528702521248e+00 -9.197087811613958996e-02
3.141592653589793116e+00 4.586688706198375876e+00 -1.759799511382671988e-01
