0.000000000000000000e+00 3.225920542622448011e+02 3.879946091283147069e+01
1.578689775673262907e-02 3.219795311397975865e+02 7.759892182565754126e+01
3.157379551346525814e-02 3.201419617724561135e+02 1.551978436513096824e+02
4.736069327019788722e-02 3.170793461602203820e+02 2.327967654769654473e+02
6.314759102693051629e-02 3.127916843030902783e+02 2.715962263897951061e+02
7.893448878366314536e-02 3.085040224459601745e+02 2.715962263897932871e+02
9.472138654039577443e-02 3.042163605888301277e+02 2.715962263897897060e+02
1.105082842971284035e-01 2.999286987317001376e+02 2.715962263897915250e+02
1.262951820538610326e-01 2.956410368745700339e+02 2.715962263897951061e+02
1.420820798105936755e-01 2.913533750174399302e+02 2.715962263897951061e+02
1.578689775673262907e-01 2.870657131603098264e+02 2.715962263897932871e+02
1.736558753240589059e-01 2.827780513031797796e+02 2.715962263897932871e+02
1.894427730807915489e-01 2.784903894460496758e+02 2.715962263897932871e+02
2.052296708375241918e-01 2.742027275889196289e+02 2.715962263897915250e+02
2.210165685942568070e-01 2.699150657317895821e+02 2.715962263897915250e+02
2.368034663509894222e-01 2.656274038746595352e+02 2.715962263897932871e+02
2.525903641077220652e-01 2.613397420175294315e+02 2.715962263897951061e+02
2.683772618644547081e-01 2.570520801603993277e+02 2.715962263897932871e+02
2.841641596211873511e-01 2.527644183032692808e+02 2.715962263897924345e+02
2.999510573779199385e-01 2.484767564461392055e+02 2.715962263897924345e+02
3.157379551346525814e-01 2.441890945890091587e+02 2.715962263897924345e+02
3.315248528913852244e-01 2.399014327318790833e+02 2.715962263897941966e+02
3.473117506481178118e-01 2.356137708747489796e+02 2.715962263897932871e+02
3.630986484048504548e-01 2.313261090176189327e+02 2.715962263897924345e+02
3.788855461615830977e-01 2.270384471604888574e+02 2.715962263897932871e+02
3.946724439183157407e-01 2.227507853033587821e+02 2.715962263897924345e+02
4.104593416750483836e-01 2.184631234462287352e+02 2.715962263897932871e+02
4.262462394317809711e-01 2.141754615890986315e+02 2.715962263897932871e+02
4.420331371885136140e-01 2.098877997319685846e+02 2.715962263897932871e+02
4.578200349452462570e-01 2.056001378748384809e+02 2.715962263897941966e+02
4.736069327019788444e-01 2.013124760177084056e+02 2.715962263897924345e+02
4.893938304587114874e-01 1.970248141605783587e+02 2.715962263897924345e+02
5.051807282154441303e-01 1.927371523034482834e+02 2.715962263897932871e+02
5.209676259721767178e-01 1.884494904463182081e+02 2.715962263897932871e+02
5.367545237289094162e-01 1.841618285891881328e+02 2.715962263897941966e+02
5.525414214856420037e-01 1.798741667320580291e+02 2.715962263897932871e+02
5.683283192423747021e-01 1.755865048749279822e+02 2.715962263897915250e+02
5.841152169991072896e-01 1.712988430177979353e+02 2.715962263897924345e+02
5.999021147558398770e-01 1.670111811606678600e+02 2.715962263897932871e+02
6.156890125125725755e-01 1.627235193035377847e+02 2.715962263897932871e+02
6.314759102693051629e-01 1.584358574464077094e+02 2.715962263897932871e+02
6.472628080260377503e-01 1.541481955892776341e+02 2.715962263897941966e+02
6.630497057827704488e-01 1.498605337321475304e+02 2.715962263897932871e+02
6.788366035395030362e-01 1.455728718750174835e+02 2.715962263897924345e+02
6.946235012962356237e-01 1.412852100178874082e+02 2.715962263897924345e+02
7.104103990529683221e-01 1.369975481607573613e+02 2.715962263897924345e+02
7.261972968097009096e-01 1.327098863036272860e+02 2.715962263897941966e+02
7.419841945664336080e-01 1.284222244464971823e+02 2.715962263897932871e+02
7.577710923231661955e-01 1.241345625893671354e+02 2.715962263897928892e+02
7.735579900798987829e-01 1.198469007322370459e+02 2.715962263897937419e+02
7.893448878366314814e-01 1.155592388751069706e+02 2.715962263897928892e+02
8.051317855933640688e-01 1.112715770179769095e+02 2.715962263897928892e+02
8.209186833500967673e-01 1.069839151608468342e+02 2.715962263897932871e+02
8.367055811068293547e-01 1.026962533037167589e+02 2.715962263897932871e+02
8.524924788635619421e-01 9.840859144658668356e+01 2.715962263897932871e+02
8.682793766202946406e-01 9.412092958945660826e+01 2.715962263897928892e+02
8.840662743770272280e-01 8.983326773232654716e+01 2.715962263897928892e+02
8.998531721337598155e-01 8.554560587519647186e+01 2.715962263897932871e+02
9.156400698904925139e-01 8.125794401806639655e+01 2.715962263897928892e+02
9.314269676472251014e-01 7.697028216093633546e+01 2.796460442258049284e+02
9.472138654039576888e-01 7.242845700153137045e+01 2.808371841152469983e+02
9.630007631606903873e-01 6.810318633710413394e+01 2.727873662792342770e+02
9.787876609174229747e-01 6.381552447997407995e+01 2.721456006741144620e+02
9.945745586741556732e-01 5.951051679153047047e+01 2.586262007062416615e+02
1.010361456430888261e+00 5.564971370445078236e+01 2.316134176151861652e+02
1.026148354187620848e+00 5.219760210557375046e+01 2.106578348651540296e+02
1.041935251944353436e+00 4.899844630310907689e+01 1.877408074414307748e+02
1.057722149701086245e+00 4.626991224188515872e+01 1.696346685068285183e+02
1.073509047457818832e+00 4.364243596768000799e+01 1.586851569060818008e+02
1.089295945214551420e+00 4.125961954671038256e+01 1.373998429226561768e+02
1.105082842971284007e+00 3.930420142365781544e+01 1.276296305427707409e+02
1.120869740728016595e+00 3.722986769049381905e+01 1.333396297584476713e+02
1.136656638484749404e+00 3.509416321982342168e+01 1.305188979300345409e+02
1.152443536241481992e+00 3.310889069660806427e+01 1.163961029468663071e+02
1.168230433998214579e+00 3.141909646681481405e+01 1.025549889608167007e+02
1.184017331754947167e+00 2.987084044627355084e+01 8.844423460791399805e+01
1.199804229511679754e+00 2.862657628895959050e+01 7.371660573036170661e+01
1.215591127268412341e+00 2.754332741099636905e+01 5.895032938583642590e+01
1.231378025025145151e+00 2.676529064347976927e+01 3.930207674723390454e+01
1.247164922781877738e+00 2.630241167652468803e+01 2.134681354903967332e+01
1.262951820538610326e+00 2.609129071761832108e+01 9.048372561769774336e+00
1.278738718295342913e+00 2.601672021152971936e+01 -2.395258030637530400e+00
1.294525616052075501e+00 2.616691810487965597e+01 -1.149998672202751671e+01
1.310312513808808310e+00 2.637981844069858184e+01 -1.679450579562281476e+01
1.326099411565540898e+00 2.669718439662035792e+01 -2.120481033383180502e+01
1.341886309322273485e+00 2.704933478608080222e+01 -2.351411624978092973e+01
1.357673207079006072e+00 2.743961429477079150e+01 -2.660896839246672840e+01
1.373460104835738660e+00 2.788948091292880704e+01 -3.061355168141222904e+01
1.389247002592471247e+00 2.840620031550060176e+01 -3.448010241877646109e+01
1.405033900349204057e+00 2.897814861598259384e+01 -3.912655917316547516e+01
1.420820798105936644e+00 2.964157429397962673e+01 -4.444034924449794488e+01
1.436607695862669232e+00 3.038129911557535223e+01 -4.887561647141261290e+01
1.452394593619401819e+00 3.118476301404256290e+01 -4.853380788204109564e+01
1.468181491376134407e+00 3.191369564113272617e+01 -4.554315085467928270e+01
1.483968389132867216e+00 3.262273314616710707e+01 -4.216673877908805679e+01
1.499755286889599804e+00 3.324505962881335819e+01 -3.737881537099615059e+01
1.515542184646332391e+00 3.380292421922651158e+01 -3.264981954381469365e+01
1.531329082403064978e+00 3.427593835464130478e+01 -2.451352455974416245e+01
1.547115980159797566e+00 3.457690923099018221e+01 -1.534532074004901681e+01
1.562902877916530375e+00 3.476044837377614982e+01 -8.204151219891910429e+00
1.578689775673262963e+00 3.483594542396859595e+01 1.532254545922839162e+00
1.594476673429995550e+00 3.471206928206860454e+01 1.140690003545872422e+01
1.610263571186728138e+00 3.447578629480648260e+01 2.134530205772536959e+01
1.626050468943460725e+00 3.403811707972483447e+01 3.416070357802004054e+01
1.641837366700193535e+00 3.339720322543797693e+01 4.479541615234543173e+01
1.657624264456926122e+00 3.262375577019010109e+01 5.311861887403571814e+01
1.673411162213658709e+00 3.172004681515147695e+01 5.786716551717079682e+01
1.689198059970391297e+00 3.079666971920710239e+01 5.910349316178324131e+01
1.704984957727123884e+00 2.985392520792984072e+01 6.199761524023053028e+01
1.720771855483856472e+00 2.883916969328956625e+01 6.242539492687235025e+01
1.736558753240589281e+00 2.788291855366146166e+01 6.000448811855058295e+01
1.752345650997321869e+00 2.694460025554429450e+01 5.932654615440583967e+01
1.768132548754054456e+00 2.600975431686209305e+01 5.917102601004095419e+01
1.783919446510787044e+00 2.507634637998132732e+01 6.090724062105357461e+01
1.799706344267519631e+00 2.408668155620352280e+01 6.318876932926486489e+01
1.815493242024252440e+00 2.308123709843159332e+01 6.274597024687008684e+01
1.831280139780985028e+00 2.210555312233487157e+01 6.403993114365835027e+01
1.847067037537717615e+00 2.105925340780532906e+01 6.480075694745413273e+01
1.862853935294450203e+00 2.005954727335819143e+01 6.265724932946343273e+01
1.878640833051182790e+00 1.908092623004064237e+01 6.157524296497565075e+01
1.894427730807915378e+00 1.811538314329011001e+01 5.994966213701605540e+01
1.910214628564648187e+00 1.718808785662516669e+01 5.785768288129938242e+01
1.926001526321380775e+00 1.628859649511304397e+01 5.713883778818165382e+01
1.941788424078113362e+00 1.538399787642405769e+01 5.681310445302638357e+01
1.957575321834845949e+00 1.449479115262804640e+01 5.788849001364680902e+01
1.973362219591578537e+00 1.355623853014989777e+01 5.878103004692231082e+01
1.989149117348311346e+00 1.263885092985566416e+01 5.848000601332319093e+01
2.004936015105043712e+00 1.170980277865901265e+01 5.814953708959128420e+01
2.020722912861776521e+00 1.080284933658624524e+01 5.679989610769640507e+01
2.036509810618509331e+00 9.916414473768535132e+00 5.420533345232036737e+01
2.052296708375241696e+00 9.091381222423484232e+00 5.080877211200468935e+01
2.068083606131974506e+00 8.312188692813842650e+00 4.667599330023548987e+01
2.083870503888706871e+00 7.617642954573974556e+00 4.189371026036270251e+01
2.099657401645439680e+00 6.989445251752789190e+00 3.706151107976275227e+01
2.115444299402172490e+00 6.447470382321518478e+00 3.166111618298920050e+01
2.131231197158904855e+00 5.989783643663022517e+00 2.635082224320911948e+01
2.147018094915637665e+00 5.615474909202761822e+00 2.117265371066631729e+01
2.162804992672370030e+00 5.321282604925032800e+00 1.513056109674526972e+01
2.178591890429102840e+00 5.137745667130134031e+00 9.003981186747674670e+00
2.194378788185835649e+00 5.036992744127573474e+00 3.634101602963193844e+00
2.210165685942568015e+00 5.023003286243017840e+00 -1.859518460896999903e+00
2.225952583699300824e+00 5.095704799765448989e+00 -7.553900120317877942e+00
2.241739481456033189e+00 5.261508583971075126e+00 -1.347440541210488618e+01
2.257526379212765999e+00 5.521142920912778251e+00 -1.815591161063190384e+01
2.273313276969498808e+00 5.834759624525716504e+00 -2.101573132333718519e+01
2.289100174726231174e+00 6.184689324281753109e+00 -2.280299311244236549e+01
2.304887072482963983e+00 6.554736666152928493e+00 -2.415089280088441726e+01
2.320673970239696349e+00 6.947224675044497921e+00 -2.449874242355068077e+01
2.336460867996429158e+00 7.328254949771173976e+00 -2.199201331919437408e+01
2.352247765753161524e+00 7.641596006514145500e+00 -1.787351035474363314e+01
2.368034663509894333e+00 7.892589510819653320e+00 -1.519800316608154134e+01
2.383821561266627143e+00 8.121454650693001653e+00 -1.266698264904469795e+01
2.399608459023359508e+00 8.292534230753203062e+00 -9.908818594829833515e+00
2.415395356780092317e+00 8.434313662786180998e+00 -7.572011797933273058e+00
2.431182254536824683e+00 8.531611382886694628e+00 -5.047181849284850585e+00
2.446969152293557492e+00 8.593672350414774286e+00 -3.513760311022089855e+00
2.462756050050290302e+00 8.642554132430236180e+00 -1.888116773434075135e+00
2.478542947807022667e+00 8.653287363324725590e+00 1.788161776667185787e+00
2.494329845563755477e+00 8.586095078148751725e+00 4.952343615108154573e+00
2.510116743320487842e+00 8.496923078708885413e+00 7.414163597429903163e+00
2.525903641077220652e+00 8.352001792820122006e+00 1.155554518248328044e+01
2.541690538833953461e+00 8.132070658070549740e+00 1.558789157009544013e+01
2.557477436590685826e+00 7.859832891899859675e+00 1.805618223042977988e+01
2.573264334347418636e+00 7.561968452573094801e+00 1.943457156412153353e+01
2.589051232104151001e+00 7.246209703442479722e+00 1.892522468201601527e+01
2.604838129860883811e+00 6.964427278416735589e+00 1.873064546431931277e+01
2.620625027617616620e+00 6.654812133716846212e+00 1.958729602857212981e+01
2.636411925374348986e+00 6.345981998948889036e+00 1.904644690953832509e+01
2.652198823131081795e+00 6.053443513737010839e+00 1.775443393840513906e+01
2.667985720887814161e+00 5.785407132320357526e+00 1.660801410348012652e+01
2.683772618644546970e+00 5.529065472548982285e+00 1.505064539330531836e+01
2.699559516401279780e+00 5.310201132326457518e+00 1.436660661352959600e+01
2.715346414158012145e+00 5.075457173111001197e+00 1.316495721646015582e+01
2.731133311914744954e+00 4.894533465230425762e+00 9.509782006532875087e+00
2.746920209671477320e+00 4.775197260659100884e+00 4.471074863690406964e+00
2.762707107428210129e+00 4.753364661758870291e+00 -1.329106895926667420e+00
2.778494005184942495e+00 4.817162210006626033e+00 -7.549596590142691355e+00
2.794280902941675304e+00 4.991734080705190202e+00 -1.346631250379250311e+01
2.810067800698408114e+00 5.242344807321790867e+00 -2.058931649040658485e+01
2.825854698455140479e+00 5.641816949335305864e+00 -2.964942364899694738e+01
2.841641596211873289e+00 6.178489646707321370e+00 -3.705541660797441494e+01
2.857428493968605654e+00 6.811797095981754424e+00 -4.245262217746958555e+01
2.873215391725338463e+00 7.518880058349146189e+00 -4.788801159729170109e+01
2.889002289482071273e+00 8.323803381701095461e+00 -5.168927193234040374e+01
2.904789187238803638e+00 9.150906560580761351e+00 -5.457122072156167292e+01
2.920576084995536448e+00 1.004682394568386172e+01 -5.609738200101695327e+01
2.936362982752268813e+00 1.092211382872161707e+01 -5.423302539116173193e+01
2.952149880509001623e+00 1.175916639946097142e+01 -5.328537236443459335e+01
2.967936778265734432e+00 1.260453527961512776e+01 -5.204635953631392198e+01
2.983723676022466798e+00 1.340246751268083969e+01 -4.742175070368466550e+01
2.999510573779199607e+00 1.410181993922379462e+01 -4.412054338225370032e+01
3.015297471535931972e+00 1.479552052737509094e+01 -4.112391583003358164e+01
3.031084369292664782e+00 1.540025804835423173e+01 -3.430517847065237191e+01
3.046871267049397591e+00 1.587866521746039972e+01 -2.484292063668655715e+01
3.062658164806129957e+00 1.618464334449421926e+01 -1.591629522086229009e+01
3.078445062562862766e+00 1.638120306809585003e+01 -8.636441219100712274e+00
3.094231960319595132e+00 1.645732857351016776e+01 -4.467829824645480841e+00
3.110018858076327941e+00 1.652226941336816779e+01 -4.641125032269931006e-01
3.125805755833060751e+00 1.647198236678229932e+01 2.486208907022783521e+00
3.141592653589793116e+00 1.644377036173407447e+01 1.787051863067479207e+00
