0.000000000000000000e+00 2.752769596205386051e+02 3.170824267544285036e+01
1.578689775673262907e-02 2.747763848353757226e+02 6.341648535088930316e+01
3.157379551346525814e-02 2.732746604798869612e+02 1.268329707017822017e+02
4.736069327019788722e-02 2.707717865540723210e+02 1.902494560526751002e+02
6.314759102693051629e-02 2.672677630579318020e+02 2.219576987281197660e+02
7.893448878366314536e-02 2.637637395617913398e+02 2.219576987281179470e+02
9.472138654039577443e-02 2.602597160656508777e+02 2.219576987281179470e+02
1.105082842971284035e-01 2.567556925695104155e+02 2.219576987281188565e+02
1.262951820538610326e-01 2.532516690733699249e+02 2.219576987281197660e+02
1.420820798105936755e-01 2.497476455772294344e+02 2.219576987281188565e+02
1.578689775673262907e-01 2.462436220810889722e+02 2.219576987281188565e+02
1.736558753240589059e-01 2.427395985849484816e+02 2.219576987281188565e+02
1.894427730807915489e-01 2.392355750888080195e+02 2.219576987281188565e+02
2.052296708375241918e-01 2.357315515926675289e+02 2.219576987281188565e+02
2.210165685942568070e-01 2.322275280965270667e+02 2.219576987281188565e+02
2.368034663509894222e-01 2.287235046003865762e+02 2.219576987281188565e+02
2.525903641077220652e-01 2.252194811042461140e+02 2.219576987281188565e+02
2.683772618644547081e-01 2.217154576081056234e+02 2.219576987281179470e+02
2.841641596211873511e-01 2.182114341119651897e+02 2.219576987281179470e+02
2.999510573779199385e-01 2.147074106158246991e+02 2.219576987281179470e+02
3.157379551346525814e-01 2.112033871196842654e+02 2.219576987281179470e+02
3.315248528913852244e-01 2.076993636235437748e+02 2.219576987281188565e+02
3.473117506481178118e-01 2.041953401274033126e+02 2.219576987281197660e+02
3.630986484048504548e-01 2.006913166312627936e+02 2.219576987281188565e+02
3.788855461615830977e-01 1.971872931351223599e+02 2.219576987281170659e+02
3.946724439183157407e-01 1.936832696389818977e+02 2.219576987281179470e+02
4.104593416750483836e-01 1.901792461428414356e+02 2.219576987281188565e+02
4.262462394317809711e-01 1.866752226467009450e+02 2.219576987281197660e+02
4.420331371885136140e-01 1.831711991505604544e+02 2.219576987281188565e+02
4.578200349452462570e-01 1.796671756544199923e+02 2.219576987281179470e+02
4.736069327019788444e-01 1.761631521582795301e+02 2.219576987281188565e+02
4.893938304587114874e-01 1.726591286621390395e+02 2.219576987281188565e+02
5.051807282154441303e-01 1.691551051659985774e+02 2.219576987281179470e+02
5.209676259721767178e-01 1.656510816698581152e+02 2.219576987281197660e+02
5.367545237289094162e-01 1.621470581737175962e+02 2.219576987281197660e+02
5.525414214856420037e-01 1.586430346775771341e+02 2.219576987281179470e+02
5.683283192423747021e-01 1.551390111814366719e+02 2.219576987281179470e+02
5.841152169991072896e-01 1.516349876852962097e+02 2.219576987281188565e+02
5.999021147558398770e-01 1.481309641891557192e+02 2.219576987281188565e+02
6.156890125125725755e-01 1.446269406930152570e+02 2.219576987281188565e+02
6.314759102693051629e-01 1.411229171968747664e+02 2.219576987281188565e+02
6.472628080260377503e-01 1.376188937007343043e+02 2.219576987281179470e+02
6.630497057827704488e-01 1.341148702045938421e+02 2.219576987281179470e+02
6.788366035395030362e-01 1.306108467084533800e+02 2.219576987281184017e+02
6.946235012962356237e-01 1.271068232123129036e+02 2.219576987281184017e+02
7.104103990529683221e-01 1.236027997161724414e+02 2.219576987281184017e+02
7.261972968097009096e-01 1.200987762200319651e+02 2.219576987281188565e+02
7.419841945664336080e-01 1.165947527238914887e+02 2.219576987281188565e+02
7.577710923231661955e-01 1.130907292277510123e+02 2.219576987281188565e+02
7.735579900798987829e-01 1.095867057316105360e+02 2.219576987281193112e+02
7.893448878366314814e-01 1.060826822354700454e+02 2.219576987281193112e+02
8.051317855933640688e-01 1.025786587393295690e+02 2.219576987281193112e+02
8.209186833500967673e-01 9.907463524318907844e+01 2.219576987281188565e+02
8.367055811068293547e-01 9.557061174704861628e+01 2.219576987281184017e+02
8.524924788635619421e-01 9.206658825090813991e+01 2.219576987281188565e+02
8.682793766202946406e-01 8.856256475476766354e+01 2.219576987281184017e+02
8.840662743770272280e-01 8.505854125862720139e+01 2.219576987281184017e+02
8.998531721337598155e-01 8.155451776248672502e+01 2.219576987281188565e+02
9.156400698904925139e-01 7.805049426634624865e+01 2.219576987281188565e+02
9.314269676472251014e-01 7.454647077020577228e+01 2.219576987281184017e+02
9.472138654039576888e-01 7.104244727406531013e+01 2.200743058715219433e+02
9.630007631606903873e-01 6.759788963885053192e+01 2.164889653249693708e+02
9.787876609174229747e-01 6.420706895197305641e+01 2.183723581815654029e+02
9.945745586741556732e-01 6.070304545583259426e+01 2.222353226144448115e+02
1.010361456430888261e+00 5.719025631987559422e+01 2.177494213158887533e+02
1.026148354187620848e+00 5.382786975402932939e+01 2.043346896635776204e+02
1.041935251944353436e+00 5.073863461213041148e+01 1.926226252443675833e+02
1.057722149701086245e+00 4.774604237329681666e+01 1.866214722191656108e+02
1.073509047457818832e+00 4.484628640986063886e+01 1.807465508988443617e+02
1.089295945214551420e+00 4.203918773545256471e+01 1.662235013154758860e+02
1.105082842971284007e+00 3.959797956979357991e+01 1.460322485036276703e+02
1.120869740728016595e+00 3.742839538282748180e+01 1.330494596831423735e+02
1.136656638484749404e+00 3.539710313658100205e+01 1.264562349091001323e+02
1.152443536241481992e+00 3.343569208040482721e+01 1.170272733291600957e+02
1.168230433998214579e+00 3.170210793898769452e+01 1.030371767863006198e+02
1.184017331754947167e+00 3.018241733026940210e+01 8.742135933513843327e+01
1.199804229511679754e+00 2.894188381583086667e+01 7.226564362161411736e+01
1.215591127268412341e+00 2.790071667591160320e+01 5.888404636765698541e+01
1.231378025025145151e+00 2.708269097681305837e+01 4.653852658156552025e+01
1.247164922781877738e+00 2.643131875412728604e+01 3.639467335870179454e+01
1.262951820538610326e+00 2.593357300240604602e+01 2.401149278105644314e+01
1.278738718295342913e+00 2.567318479108516271e+01 1.028901014552763726e+01
1.294525616052075501e+00 2.560870990003518699e+01 -7.155012423949161926e-01
1.310312513808808310e+00 2.569577588100217014e+01 -9.881331973672187630e+00
1.326099411565540898e+00 2.592070105517257872e+01 -1.725298884884447048e+01
1.341886309322273485e+00 2.624051822291168179e+01 -2.730160863050789999e+01
1.357673207079006072e+00 2.678271646326089339e+01 -3.766477121441843678e+01
1.373460104835738660e+00 2.742973800729718192e+01 -4.203568164102750870e+01
1.389247002592471247e+00 2.810994247966382176e+01 -4.549728513137966956e+01
1.405033900349204057e+00 2.886625998445318686e+01 -4.740284548456435942e+01
1.420820798105936644e+00 2.960663022974984671e+01 -4.580618133881788623e+01
1.436607695862669232e+00 3.031253498729773099e+01 -4.522218034450435908e+01
1.452394593619401819e+00 3.103446610462027522e+01 -4.216327059171145919e+01
1.468181491376134407e+00 3.164378947113933194e+01 -3.790891233339446131e+01
1.483968389132867216e+00 3.223139435077275294e+01 -3.631665849857832029e+01
1.499755286889599804e+00 3.279044422030579398e+01 -3.162262527275474611e+01
1.515542184646332391e+00 3.322984065473364979e+01 -2.775503575421887703e+01
1.531329082403064978e+00 3.366677604367841781e+01 -2.637517751871931537e+01
1.547115980159797566e+00 3.406260511634103949e+01 -2.115972414534587642e+01
1.562902877916530375e+00 3.433486884696490193e+01 -1.156600716154706276e+01
1.578689775673262963e+00 3.442778786136700120e+01 2.040176933363262168e-02
1.594476673429995550e+00 3.433422468567184893e+01 9.266822722121673905e+00
1.610263571186728138e+00 3.413519909567919797e+01 1.687252221139319275e+01
1.626050468943460725e+00 3.380149511957291963e+01 2.645864762530865022e+01
1.641837366700193535e+00 3.329979916599486955e+01 3.652306099092712088e+01
1.657624264456926122e+00 3.264832346031956689e+01 4.503022809148065164e+01
1.673411162213658709e+00 3.187802395230976060e+01 5.050807834494484894e+01
1.689198059970391297e+00 3.105359172287819547e+01 5.353820433385968158e+01
1.704984957727123884e+00 3.018761963651435565e+01 5.864129547943792886e+01
1.720771855483856472e+00 2.920206345076572774e+01 6.346118444949912885e+01
1.736558753240589281e+00 2.818390917566356890e+01 6.600814714598978128e+01
1.752345650997321869e+00 2.711793571055552121e+01 6.866506613475804954e+01
1.768132548754054456e+00 2.601589241860614976e+01 6.860326498483151170e+01
1.783919446510787044e+00 2.495187025036837980e+01 6.646104899499707130e+01
1.799706344267519631e+00 2.391746484802771633e+01 6.434306078886912417e+01
1.815493242024252440e+00 2.292031560631016163e+01 6.178727923752867923e+01
1.831280139780985028e+00 2.196660592804860812e+01 6.040486476053057174e+01
1.847067037537717615e+00 2.101310475834264579e+01 5.942807142981403246e+01
1.862853935294450203e+00 2.009023615296405296e+01 5.730585563472924804e+01
1.878640833051182790e+00 1.920374139080754361e+01 5.742182263413274512e+01
1.894427730807915378e+00 1.827721126710347477e+01 5.818330899004022427e+01
1.910214628564648187e+00 1.736667349045924880e+01 5.831602051428966149e+01
1.926001526321380775e+00 1.643595316022624786e+01 5.989048024503958345e+01
1.941788424078113362e+00 1.547570371399913824e+01 5.980498981058475039e+01
1.957575321834845949e+00 1.454768264126197153e+01 5.933768989498810953e+01
1.973362219591578537e+00 1.360218762701336992e+01 5.944622466572610620e+01
1.989149117348311346e+00 1.267073969961882085e+01 5.786977960508147589e+01
2.004936015105043712e+00 1.177501903935322503e+01 5.678482660338838173e+01
2.020722912861776521e+00 1.087782719617585414e+01 5.617940673729555101e+01
2.036509810618509331e+00 1.000122193896206291e+01 5.368396786403636156e+01
2.052296708375241696e+00 9.182820572485329791e+00 5.072605836800415346e+01
2.068083606131974506e+00 8.399607744846596447e+00 4.729270771016410890e+01
2.083870503888706871e+00 7.689610289966526402e+00 4.290219845997793868e+01
2.099657401645439680e+00 7.045022503593148855e+00 3.869013020781342505e+01
2.115444299402172490e+00 6.468016030395680183e+00 3.336242636291191843e+01
2.131231197158904855e+00 5.991644075777525558e+00 2.698904557402112658e+01
2.147018094915637665e+00 5.615869424337942561e+00 2.105383415616393705e+01
2.162804992672370030e+00 5.326894621356395021e+00 1.526482749950821294e+01
2.178591890429102840e+00 5.133900882320149073e+00 8.689296806740289369e+00
2.194378788185835649e+00 5.052540540824570492e+00 2.026553425622088511e+00
2.210165685942568015e+00 5.069914898862444730e+00 -4.195788638296579443e+00
2.225952583699300824e+00 5.185017513307867532e+00 -1.006805642278183122e+01
2.241739481456033189e+00 5.387801653573388805e+00 -1.533013063615955396e+01
2.257526379212765999e+00 5.669047923208678341e+00 -1.974410074053272979e+01
2.273313276969498808e+00 6.011197852952227194e+00 -2.284577783608254009e+01
2.289100174726231174e+00 6.390375840951205255e+00 -2.405262039895037418e+01
2.304887072482963983e+00 6.770630370991689517e+00 -2.424182196559028668e+01
2.320673970239696349e+00 7.155782170566583389e+00 -2.321306149486488835e+01
2.336460867996429158e+00 7.503554827872047639e+00 -2.068911761313789555e+01
2.352247765753161524e+00 7.809016139437831683e+00 -1.724519851557175798e+01
2.368034663509894333e+00 8.048051199391824895e+00 -1.379308762937956345e+01
2.383821561266627143e+00 8.244516267747169280e+00 -1.114428951672151946e+01
2.399608459023359508e+00 8.399918717735644691e+00 -8.669658038250506848e+00
2.415395356780092317e+00 8.518250277818561145e+00 -5.731225323477812772e+00
2.431182254536824683e+00 8.580875254140726938e+00 -3.724536819767421569e+00
2.446969152293557492e+00 8.635848041748269921e+00 -2.453985726319111382e+00
2.462756050050290302e+00 8.658356897656489082e+00 -7.802496008286956553e-01
2.478542947807022667e+00 8.660483483094298052e+00 1.886458461429846079e+00
2.494329845563755477e+00 8.598794243950656835e+00 5.578888447752690105e+00
2.510116743320487842e+00 8.484336800052520999e+00 9.086150673873623518e+00
2.525903641077220652e+00 8.311909980569236467e+00 1.219773022878382740e+01
2.541690538833953461e+00 8.099208160080486607e+00 1.534500105015603566e+01
2.557477436590685826e+00 7.827410055257700172e+00 1.843270413572536981e+01
2.573264334347418636e+00 7.517217728938888399e+00 2.042526296435095290e+01
2.589051232104151001e+00 7.182506979112528001e+00 2.081333891628124988e+01
2.604838129860883811e+00 6.860061622043775564e+00 2.016329756237906068e+01
2.620625027617616620e+00 6.545875145000819018e+00 1.906777176475469204e+01
2.636411925374348986e+00 6.258019695445984354e+00 1.751916732793993603e+01
2.652198823131081795e+00 5.992728538222261925e+00 1.620359067763112648e+01
2.667985720887814161e+00 5.746410836806567168e+00 1.472493801843619821e+01
2.683772618644546970e+00 5.527806356279707067e+00 1.302058303533739192e+01
2.699559516401279780e+00 5.335301610582729559e+00 1.143440768800923912e+01
2.715346414158012145e+00 5.166778706120908282e+00 9.347773059441436772e+00
2.731133311914744954e+00 5.040156935497646096e+00 6.309952001926431464e+00
2.746920209671477320e+00 4.967549571912302397e+00 2.950755854123193522e+00
2.762707107428210129e+00 4.946990373549399855e+00 -1.818824294016569088e+00
2.778494005184942495e+00 5.024976758246504360e+00 -8.090716285842702860e+00
2.794280902941675304e+00 5.202444995116060511e+00 -1.502512748235463746e+01
2.810067800698408114e+00 5.499377060938116735e+00 -2.268374243095972531e+01
2.825854698455140479e+00 5.918656840111298223e+00 -2.995767526098861211e+01
2.841641596211873289e+00 6.445254573687368094e+00 -3.622695088097216143e+01
2.857428493968605654e+00 7.062479179303463361e+00 -4.266022408412746358e+01
2.873215391725338463e+00 7.792199765478214246e+00 -4.800343078451121670e+01
2.889002289482071273e+00 8.578129686838403600e+00 -5.088461852316792999e+01
2.904789187238803638e+00 9.398820305509405060e+00 -5.161938716961819296e+01
2.920576084995536448e+00 1.020794966186232067e+01 -5.026543482227766901e+01
2.936362982752268813e+00 1.098589086598341602e+01 -4.891336411599359479e+01
2.952149880509001623e+00 1.175233021833637181e+01 -4.883297672126615652e+01
2.967936778265734432e+00 1.252773328729448288e+01 -4.778579131668520574e+01
2.983723676022466798e+00 1.326110902181851436e+01 -4.382282046698050948e+01
2.999510573779199607e+00 1.391138605954222562e+01 -3.843417618879860953e+01
3.015297471535931972e+00 1.447462184153213727e+01 -3.391131081871736797e+01
3.031084369292664782e+00 1.498209485292596987e+01 -3.005141464664134432e+01
3.046871267049397591e+00 1.542345906247554588e+01 -2.676089656885453394e+01
3.062658164806129957e+00 1.582703792894797701e+01 -2.100322471273165092e+01
3.078445062562862766e+00 1.608661058467869509e+01 -1.218157211858254563e+01
3.094231960319595132e+00 1.621165639605263209e+01 -7.875531373599821805e+00
3.110018858076327941e+00 1.633527100182861602e+01 -7.591412534399834655e+00
3.125805755833060751e+00 1.645134610307212952e+01 -4.798608397227825506e+00
3.141592653589793116e+00 1.648678128211188465e+01 -2.244594193602293064e+00
