0.000000000000000000e+00 1.482328745608353415e+02 9.166590750464212789e+00
1.578689775673262907e-02 1.480881625298799520e+02 1.833318150092842558e+01
3.157379551346525814e-02 1.476540264370137834e+02 3.666636300185774644e+01
4.736069327019788722e-02 1.469304662822368073e+02 5.499954450278707441e+01
6.314759102693051629e-02 1.459174820655490521e+02 6.416613525325128364e+01
7.893448878366314536e-02 1.449044978488612969e+02 6.416613525325038836e+01
9.472138654039577443e-02 1.438915136321735702e+02 6.416613525325038836e+01
1.105082842971284035e-01 1.428785294154858150e+02 6.416613525325038836e+01
1.262951820538610326e-01 1.418655451987980882e+02 6.416613525325038836e+01
1.420820798105936755e-01 1.408525609821103330e+02 6.416613525325038836e+01
1.578689775673262907e-01 1.398395767654226063e+02 6.416613525325038836e+01
1.736558753240589059e-01 1.388265925487348511e+02 6.416613525325038836e+01
1.894427730807915489e-01 1.378136083320471243e+02 6.416613525325038836e+01
2.052296708375241918e-01 1.368006241153593692e+02 6.416613525325038836e+01
2.210165685942568070e-01 1.357876398986716424e+02 6.416613525325038836e+01
2.368034663509894222e-01 1.347746556819838872e+02 6.416613525325038836e+01
2.525903641077220652e-01 1.337616714652961605e+02 6.416613525325038836e+01
2.683772618644547081e-01 1.327486872486084053e+02 6.416613525325128364e+01
2.841641596211873511e-01 1.317357030319206501e+02 6.416613525325038836e+01
2.999510573779199385e-01 1.307227188152329234e+02 6.416613525325038836e+01
3.157379551346525814e-01 1.297097345985451682e+02 6.416613525325128364e+01
3.315248528913852244e-01 1.286967503818574130e+02 6.416613525325038836e+01
3.473117506481178118e-01 1.276837661651696862e+02 6.416613525324993361e+01
3.630986484048504548e-01 1.266707819484819453e+02 6.416613525325038836e+01
3.788855461615830977e-01 1.256577977317942043e+02 6.416613525325038836e+01
3.946724439183157407e-01 1.246448135151064633e+02 6.416613525325038836e+01
4.104593416750483836e-01 1.236318292984187224e+02 6.416613525325082890e+01
4.262462394317809711e-01 1.226188450817309672e+02 6.416613525325082890e+01
4.420331371885136140e-01 1.216058608650432262e+02 6.416613525325038836e+01
4.578200349452462570e-01 1.205928766483554853e+02 6.416613525325038836e+01
4.736069327019788444e-01 1.195798924316677443e+02 6.416613525325038836e+01
4.893938304587114874e-01 1.185669082149800033e+02 6.416613525325082890e+01
5.051807282154441303e-01 1.175539239982922481e+02 6.416613525325128364e+01
5.209676259721767178e-01 1.165409397816044930e+02 6.416613525325038836e+01
5.367545237289094162e-01 1.155279555649167662e+02 6.416613525324993361e+01
5.525414214856420037e-01 1.145149713482290252e+02 6.416613525325038836e+01
5.683283192423747021e-01 1.135019871315412843e+02 6.416613525325082890e+01
5.841152169991072896e-01 1.124890029148535291e+02 6.416613525325082890e+01
5.999021147558398770e-01 1.114760186981657881e+02 6.416613525325038836e+01
6.156890125125725755e-01 1.104630344814780472e+02 6.416613525325038836e+01
6.314759102693051629e-01 1.094500502647903062e+02 6.416613525325038836e+01
6.472628080260377503e-01 1.084370660481025652e+02 6.416613525325038836e+01
6.630497057827704488e-01 1.074240818314148243e+02 6.416613525325038836e+01
6.788366035395030362e-01 1.064110976147270833e+02 6.416613525325082890e+01
6.946235012962356237e-01 1.053981133980393281e+02 6.416613525325128364e+01
7.104103990529683221e-01 1.043851291813515729e+02 6.416613525325082890e+01
7.261972968097009096e-01 1.033721449646638320e+02 6.416613525325038836e+01
7.419841945664336080e-01 1.023591607479760910e+02 6.416613525324993361e+01
7.577710923231661955e-01 1.013461765312883642e+02 6.416613525325038836e+01
7.735579900798987829e-01 1.003331923146006091e+02 6.416613525325128364e+01
7.893448878366314814e-01 9.932020809791285387e+01 6.416613525325082890e+01
8.051317855933640688e-01 9.830722388122511290e+01 6.416613525325038836e+01
8.209186833500967673e-01 9.729423966453737194e+01 6.416613525325038836e+01
8.367055811068293547e-01 9.628125544784963097e+01 6.416613525325038836e+01
8.524924788635619421e-01 9.526827123116189000e+01 6.416613525325082890e+01
8.682793766202946406e-01 9.425528701447413482e+01 6.416613525325128364e+01
8.840662743770272280e-01 9.324230279778637964e+01 6.416613525325038836e+01
8.998531721337598155e-01 9.222931858109865288e+01 6.416613525324993361e+01
9.156400698904925139e-01 9.121633436441091192e+01 6.416613525325038836e+01
9.314269676472251014e-01 9.020335014772317095e+01 6.416613525325082890e+01
9.472138654039576888e-01 8.919036593103541577e+01 6.416613525325082890e+01
9.630007631606903873e-01 8.817738171434767480e+01 6.416613525325038836e+01
9.787876609174229747e-01 8.716439749765993383e+01 6.416613525325038836e+01
9.945745586741556732e-01 8.615141328097219287e+01 6.416613525325038836e+01
1.010361456430888261e+00 8.513842906428445190e+01 6.416613525325038836e+01
1.026148354187620848e+00 8.412544484759671093e+01 6.416613525325038836e+01
1.041935251944353436e+00 8.311246063090896996e+01 6.416613525325082890e+01
1.057722149701086245e+00 8.209947641422121478e+01 6.416613525325128364e+01
1.073509047457818832e+00 8.108649219753345960e+01 6.416613525325038836e+01
1.089295945214551420e+00 8.007350798084573285e+01 6.416613525324993361e+01
1.105082842971284007e+00 7.906052376415799188e+01 6.416613525325038836e+01
1.120869740728016595e+00 7.804753954747025091e+01 6.416613525325082890e+01
1.136656638484749404e+00 7.703455533078249573e+01 6.416613525325082890e+01
1.152443536241481992e+00 7.602157111409475476e+01 6.416613525325038836e+01
1.168230433998214579e+00 7.500858689740701379e+01 6.416613525325038836e+01
1.184017331754947167e+00 7.399560268071927283e+01 6.416613525325038836e+01
1.199804229511679754e+00 7.298261846403153186e+01 6.416613525325038836e+01
1.215591127268412341e+00 7.196963424734379089e+01 6.416613525325082890e+01
1.231378025025145151e+00 7.095665003065603571e+01 6.416613525325082890e+01
1.247164922781877738e+00 6.994366581396829474e+01 6.416613525325038836e+01
1.262951820538610326e+00 6.893068159728055377e+01 6.416613525325038836e+01
1.278738718295342913e+00 6.791769738059281281e+01 6.416613525325082890e+01
1.294525616052075501e+00 6.690471316390505763e+01 6.416613525325082890e+01
1.310312513808808310e+00 6.589172894721731666e+01 6.416613525325038836e+01
1.326099411565540898e+00 6.487874473052957569e+01 6.416613525325038836e+01
1.341886309322273485e+00 6.386576051384183472e+01 6.416613525325061573e+01
1.357673207079006072e+00 6.285277629715408665e+01 5.479169926362470022e+01
1.373460104835738660e+00 6.213577860545686349e+01 6.041273753882183684e+01
1.389247002592471247e+00 6.094531687569467948e+01 6.978717352844797972e+01
1.405033900349204057e+00 5.993233265900693141e+01 5.654481682586406066e+01
1.420820798105936644e+00 5.915998239188849794e+01 5.265407345258350347e+01
1.436607695862669232e+00 5.826984371086408032e+01 5.711051533164011573e+01
1.452394593619401819e+00 5.735678665913867036e+01 4.998758415620719830e+01
1.468181491376134407e+00 5.669154595050385836e+01 6.524869684070542064e+01
1.483968389132867216e+00 5.529663764757015088e+01 6.926773297480890790e+01
1.499755286889599804e+00 5.450450071387592743e+01 5.872951716294107882e+01
1.515542184646332391e+00 5.344232388206290096e+01 8.330843116066169785e+01
1.531329082403064978e+00 5.187413734386159803e+01 1.018814589567690660e+02
1.547115980159797566e+00 5.022553953034837093e+01 9.877144772620552260e+01
1.562902877916530375e+00 4.875554785078546161e+01 1.027904838603090241e+02
1.578689775673262963e+00 4.698005381221282306e+01 9.743793991005350108e+01
1.594476673429995550e+00 4.567906226081211685e+01 8.778849629855092473e+01
1.610263571186728138e+00 4.420823778164777451e+01 9.177080326699888246e+01
1.626050468943460725e+00 4.278150968435344481e+01 7.767182287628078541e+01
1.641837366700193535e+00 4.175584352899399221e+01 5.683783992953868847e+01
1.657624264456926122e+00 4.098692334899111955e+01 5.863615332088270549e+01
1.673411162213658709e+00 3.990447761434424478e+01 6.717543973591298823e+01
1.689198059970391297e+00 3.886593975124229416e+01 6.083997348306318287e+01
1.704984957727123884e+00 3.798352873254535922e+01 5.250165013703181671e+01
1.720771855483856472e+00 3.720826338569615643e+01 4.626816518789791388e+01
1.736558753240589281e+00 3.652266714611943854e+01 4.836257145379380518e+01
1.752345650997321869e+00 3.568127344410871871e+01 5.435144041880685961e+01
1.768132548754054456e+00 3.480658588047374025e+01 5.059668949504970215e+01
1.783919446510787044e+00 3.408374391633372369e+01 4.475351012315039156e+01
1.799706344267519631e+00 3.339354770333559230e+01 5.551113348865556674e+01
1.815493242024252440e+00 3.233104673884223956e+01 7.102636419610126950e+01
1.831280139780985028e+00 3.115097580414298051e+01 7.792248192902025039e+01
1.847067037537717615e+00 2.987073822851366245e+01 7.927574876450299257e+01
1.862853935294450203e+00 2.864793952347571704e+01 7.911930603145388829e+01
1.878640833051182790e+00 2.737264143870925892e+01 7.823415538878751363e+01
1.894427730807915378e+00 2.617779029906147414e+01 7.789144154493611438e+01
1.910214628564648187e+00 2.491331299112041364e+01 7.528573944071646906e+01
1.926001526321380775e+00 2.380073375688026616e+01 7.064405881565598122e+01
1.941788424078113362e+00 2.268281192383367895e+01 6.953004527651482647e+01
1.957575321834845949e+00 2.160540632527760607e+01 7.030753963227614634e+01
1.973362219591578537e+00 2.046293604442933756e+01 7.149814523860912630e+01
1.989149117348311346e+00 1.934793850792172165e+01 7.485440191402707910e+01
2.004936015105043712e+00 1.809949846511310412e+01 7.825085843335953939e+01
2.020722912861776521e+00 1.687726190499370915e+01 7.632876634645023728e+01
2.036509810618509331e+00 1.568950960469521583e+01 7.351695107314795052e+01
2.052296708375241696e+00 1.455605272503670555e+01 7.073240867777184349e+01
2.068083606131974506e+00 1.345621899692839207e+01 6.833526670253212387e+01
2.083870503888706871e+00 1.239844898781284499e+01 6.668535120195419097e+01
2.099657401645439680e+00 1.135070935433427586e+01 6.366773399789288135e+01
2.115444299402172490e+00 1.038821697375767528e+01 5.889686631423209917e+01
2.131231197158904855e+00 9.491111740944811359e+00 5.605003189439084110e+01
2.147018094915637665e+00 8.618504728200973020e+00 5.314735188486478989e+01
2.162804992672370030e+00 7.813048120449908041e+00 4.959657371214032651e+01
2.178591890429102840e+00 7.052552651645347837e+00 4.585109940180977617e+01
2.194378788185835649e+00 6.365354883869597025e+00 4.103400084941097248e+01
2.210165685942568015e+00 5.756953499726686019e+00 3.607474507303700761e+01
2.225952583699300824e+00 5.226338259733138258e+00 3.140721712366940466e+01
2.241739481456033189e+00 4.765308448616943693e+00 2.660766409450946668e+01
2.257526379212765999e+00 4.386233314522124616e+00 2.219442186903951963e+01
2.273313276969498808e+00 4.064546310984308519e+00 1.807954712117643581e+01
2.289100174726231174e+00 3.815393390742040314e+00 1.447741735100424698e+01
2.304887072482963983e+00 3.607439295980606531e+00 1.101203749629610762e+01
2.320673970239696349e+00 3.467701570647375053e+00 7.220472933880659028e+00
2.336460867996429158e+00 3.379461560055748048e+00 3.669072694073413743e+00
2.352247765753161524e+00 3.351855019680662018e+00 1.609088952148598692e-02
2.368034663509894333e+00 3.378953509600366889e+00 -3.695551010722928353e+00
2.383821561266627143e+00 3.468537591602807613e+00 -7.117069327086135822e+00
2.399608459023359508e+00 3.603666401188940327e+00 -1.039612099918789490e+01
2.415395356780092317e+00 3.796782590164408333e+00 -1.265780345956522979e+01
2.431182254536824683e+00 4.003321299270885980e+00 -1.380361179958554985e+01
2.446969152293557492e+00 4.232615006471778685e+00 -1.450060615234717076e+01
2.462756050050290302e+00 4.461160472746391825e+00 -1.436583740909588514e+01
2.478542947807022667e+00 4.686199019206261696e+00 -1.305642596923442689e+01
2.494329845563755477e+00 4.873401396435697031e+00 -1.207045554114506736e+01
2.510116743320487842e+00 5.067309114216749677e+00 -1.116274854595614663e+01
2.525903641077220652e+00 5.225851736393948066e+00 -9.612034614650525555e+00
2.541690538833953461e+00 5.370797529608075216e+00 -8.270141729720451806e+00
2.557477436590685826e+00 5.486971500235517496e+00 -6.816360078078468554e+00
2.573264334347418636e+00 5.586015888859472867e+00 -5.701168604403814122e+00
2.589051232104151001e+00 5.666979031938751632e+00 -5.596631398438462135e+00
2.604838129860883811e+00 5.762722784198007986e+00 -4.094007937411427989e+00
2.620625027617616620e+00 5.796242401385083731e+00 -1.810661030945438066e+00
2.636411925374348986e+00 5.819892225333279434e+00 -6.107836672854910498e-01
2.652198823131081795e+00 5.815527159998920226e+00 5.623449693498263624e-01
2.667985720887814161e+00 5.802136860263002127e+00 1.655621866966618061e+00
2.683772618644546970e+00 5.763252893723694648e+00 2.898032551123172151e+00
2.699559516401279780e+00 5.710634973102473033e+00 4.514242188275635392e+00
2.715346414158012145e+00 5.620721133972821804e+00 5.500955337847117654e+00
2.731133311914744954e+00 5.536948934136582956e+00 5.555750063783487569e+00
2.746920209671477320e+00 5.445305017535000403e+00 5.147644818956269575e+00
2.762707107428210129e+00 5.374418249246908807e+00 4.905589728827487228e+00
2.778494005184942495e+00 5.290416930564045828e+00 5.623949661218825113e+00
2.794280902941675304e+00 5.196848812665563422e+00 5.955306224066081455e+00
2.810067800698408114e+00 5.102385309625316445e+00 5.639963119684336945e+00
2.825854698455140479e+00 5.018773770421164571e+00 5.491142056832353902e+00
2.841641596211873289e+00 4.929009113187502678e+00 6.256014933251829113e+00
2.857428493968605654e+00 4.821247634189486320e+00 7.611422147398495319e+00
2.873215391725338463e+00 4.688687626738881953e+00 8.351913976650745752e+00
2.889002289482071273e+00 4.557546010144663207e+00 7.582123555292810124e+00
2.904789187238803638e+00 4.449291208046238566e+00 6.695963447047684092e+00
2.920576084995536448e+00 4.346129029501941687e+00 6.860513123310891359e+00
2.936362982752268813e+00 4.232678769573375632e+00 4.096401645751963194e+00
2.952149880509001623e+00 4.216790081597946660e+00 -3.844584033080698848e+00
2.967936778265734432e+00 4.354066879668199164e+00 -1.195780898054724162e+01
2.983723676022466798e+00 4.594343497138823729e+00 -2.079798870585223014e+01
2.999510573779199607e+00 5.010738322158137414e+00 -2.954574033698290236e+01
3.015297471535931972e+00 5.527214660832663995e+00 -3.856737928567997642e+01
3.031084369292664782e+00 6.228456869214452851e+00 -5.142956369293779773e+01
3.046871267049397591e+00 7.151041188220219169e+00 -6.223016133728452814e+01
3.062658164806129957e+00 8.193299258047826328e+00 -7.221539830726491971e+01
3.078445062562862766e+00 9.431155407297246995e+00 -9.066722935488262181e+01
3.094231960319595132e+00 1.105600781747134498e+01 -1.127458968592662956e+02
3.110018858076327941e+00 1.299097129971396569e+01 -1.296428435245931041e+02
3.125805755833060751e+00 1.514932444870102124e+01 -1.371644528552591282e+02
3.141592653589793116e+00 1.732177368588226329e+01 -1.376109018160175879e+02
