0.000000000000000000e+00 2.492150105439273489e+02 2.842270596240112823e+01
1.578689775673262907e-02 2.487663041909292474e+02 5.684541192480225646e+01
3.157379551346525814e-02 2.474201851319349430e+02 1.136908238496045129e+02
4.736069327019788722e-02 2.451766533669444357e+02 1.705362357744058670e+02
6.314759102693051629e-02 2.420357088959577538e+02 1.989589417368060822e+02
7.893448878366314536e-02 2.388947644249710720e+02 1.989589417368060822e+02
9.472138654039577443e-02 2.357538199539843902e+02 1.989589417368060822e+02
1.105082842971284035e-01 2.326128754829977083e+02 1.989589417368051727e+02
1.262951820538610326e-01 2.294719310120110549e+02 1.989589417368051727e+02
1.420820798105936755e-01 2.263309865410243731e+02 1.989589417368060822e+02
1.578689775673262907e-01 2.231900420700376912e+02 1.989589417368078728e+02
1.736558753240589059e-01 2.200490975990509526e+02 1.989589417368078728e+02
1.894427730807915489e-01 2.169081531280642707e+02 1.989589417368051727e+02
2.052296708375241918e-01 2.137672086570776173e+02 1.989589417368042916e+02
2.210165685942568070e-01 2.106262641860909639e+02 1.989589417368060822e+02
2.368034663509894222e-01 2.074853197151042536e+02 1.989589417368069917e+02
2.525903641077220652e-01 2.043443752441175718e+02 1.989589417368060822e+02
2.683772618644547081e-01 2.012034307731308900e+02 1.989589417368060822e+02
2.841641596211873511e-01 1.980624863021442081e+02 1.989589417368069917e+02
2.999510573779199385e-01 1.949215418311574979e+02 1.989589417368069917e+02
3.157379551346525814e-01 1.917805973601708160e+02 1.989589417368060822e+02
3.315248528913852244e-01 1.886396528891841342e+02 1.989589417368042916e+02
3.473117506481178118e-01 1.854987084181975092e+02 1.989589417368051727e+02
3.630986484048504548e-01 1.823577639472107990e+02 1.989589417368078728e+02
3.788855461615830977e-01 1.792168194762240887e+02 1.989589417368069917e+02
3.946724439183157407e-01 1.760758750052374069e+02 1.989589417368060822e+02
4.104593416750483836e-01 1.729349305342507250e+02 1.989589417368069917e+02
4.262462394317809711e-01 1.697939860632640148e+02 1.989589417368051727e+02
4.420331371885136140e-01 1.666530415922773898e+02 1.989589417368042916e+02
4.578200349452462570e-01 1.635120971212907079e+02 1.989589417368060822e+02
4.736069327019788444e-01 1.603711526503040261e+02 1.989589417368069917e+02
4.893938304587114874e-01 1.572302081793173159e+02 1.989589417368069917e+02
5.051807282154441303e-01 1.540892637083306340e+02 1.989589417368060822e+02
5.209676259721767178e-01 1.509483192373439522e+02 1.989589417368060822e+02
5.367545237289094162e-01 1.478073747663572703e+02 1.989589417368060822e+02
5.525414214856420037e-01 1.446664302953705885e+02 1.989589417368060822e+02
5.683283192423747021e-01 1.415254858243839067e+02 1.989589417368060822e+02
5.841152169991072896e-01 1.383845413533972248e+02 1.989589417368060822e+02
5.999021147558398770e-01 1.352435968824105430e+02 1.989589417368060822e+02
6.156890125125725755e-01 1.321026524114238612e+02 1.989589417368060822e+02
6.314759102693051629e-01 1.289617079404371793e+02 1.989589417368060822e+02
6.472628080260377503e-01 1.258207634694504975e+02 1.989589417368060822e+02
6.630497057827704488e-01 1.226798189984638157e+02 1.989589417368060822e+02
6.788366035395030362e-01 1.195388745274771338e+02 1.989589417368060822e+02
6.946235012962356237e-01 1.163979300564904520e+02 1.989589417368060822e+02
7.104103990529683221e-01 1.132569855855037702e+02 1.989589417368060822e+02
7.261972968097009096e-01 1.101160411145170883e+02 1.989589417368060822e+02
7.419841945664336080e-01 1.069750966435304065e+02 1.989589417368056274e+02
7.577710923231661955e-01 1.038341521725437389e+02 1.989589417368060822e+02
7.735579900798987829e-01 1.006932077015570428e+02 1.989589417368065369e+02
7.893448878366314814e-01 9.755226323057036097e+01 1.989589417368060822e+02
8.051317855933640688e-01 9.441131875958367914e+01 1.989589417368060822e+02
8.209186833500967673e-01 9.127037428859699730e+01 1.989589417368060822e+02
8.367055811068293547e-01 8.812942981761031547e+01 1.989589417368060822e+02
8.524924788635619421e-01 8.498848534662363363e+01 1.989589417368065369e+02
8.682793766202946406e-01 8.184754087563693759e+01 1.989589417368065369e+02
8.840662743770272280e-01 7.870659640465025575e+01 1.989589417368056274e+02
8.998531721337598155e-01 7.556565193366358812e+01 1.989589417368056274e+02
9.156400698904925139e-01 7.242470746267690629e+01 1.989589417368060822e+02
9.314269676472251014e-01 6.928376299169022445e+01 1.876681661970459061e+02
9.472138654039576888e-01 6.649931115878436572e+01 1.773156846896395962e+02
9.630007631606903873e-01 6.368523382196946159e+01 1.886064602293997723e+02
9.787876609174229747e-01 6.054428935098277975e+01 1.952717504445958241e+02
9.945745586741556732e-01 5.751976350387537451e+01 1.984773380363267279e+02
1.010361456430888261e+00 5.427760646576687975e+01 2.033477296111512658e+02
1.026148354187620848e+00 5.109930387100546056e+01 1.977474381599963351e+02
1.041935251944353436e+00 4.803396928999153914e+01 2.018380048907082767e+02
1.057722149701086245e+00 4.472651197774043652e+01 1.991259610681698859e+02
1.073509047457818832e+00 4.174680691380289943e+01 1.700917836456599730e+02
1.089295945214551420e+00 3.935606878239179451e+01 1.474532016427502583e+02
1.105082842971284007e+00 3.709114967732894286e+01 1.284037583434362659e+02
1.120869740728016595e+00 3.530187477329572943e+01 1.051210244828057228e+02
1.136656638484749404e+00 3.377207994614285980e+01 9.076330281918525600e+01
1.152443536241481992e+00 3.243613280995604953e+01 7.781732619849834975e+01
1.168230433998214579e+00 3.131509160134685033e+01 7.046246228919855525e+01
1.184017331754947167e+00 3.021136543426163712e+01 6.721074283268058025e+01
1.199804229511679754e+00 2.919299335083969282e+01 5.945731696674994993e+01
1.215591127268412341e+00 2.833407226657418576e+01 4.856547532051541793e+01
1.231378025025145151e+00 2.765959696405549550e+01 3.900153362889872000e+01
1.247164922781877738e+00 2.710264581906379888e+01 3.072920691591265552e+01
1.262951820538610326e+00 2.668935926860150687e+01 2.057880924743466622e+01
1.278738718295342913e+00 2.645289470397468889e+01 9.288484526793235219e+00
1.294525616052075501e+00 2.639608655752255117e+01 -2.661759502930091781e+00
1.310312513808808310e+00 2.653693655422622655e+01 -1.315259680786944863e+01
1.326099411565540898e+00 2.681136395960527707e+01 -1.970019539138168341e+01
1.341886309322273485e+00 2.715894649508902248e+01 -2.472154820436156797e+01
1.357673207079006072e+00 2.759191706738606342e+01 -3.234310085079733454e+01
1.373460104835738660e+00 2.818014094762348165e+01 -3.894729892872972954e+01
1.389247002592471247e+00 2.882163111956358037e+01 -4.422498685875522284e+01
1.405033900349204057e+00 2.957649163928750724e+01 -4.856163548266904684e+01
1.420820798105936644e+00 3.035490626809281167e+01 -4.861807291380763019e+01
1.436607695862669232e+00 3.111154873172681334e+01 -4.913140143414678107e+01
1.452394593619401819e+00 3.190617109026453591e+01 -4.800570957710319675e+01
1.468181491376134407e+00 3.262727118939307047e+01 -4.129287606104830388e+01
1.483968389132867216e+00 3.320994391517893973e+01 -3.117811553263696212e+01
1.499755286889599804e+00 3.361168263371574483e+01 -1.897927491085175689e+01
1.515542184646332391e+00 3.380919166020801470e+01 -7.685761489897169341e+00
1.531329082403064978e+00 3.385435129536302412e+01 -2.616526961961025410e+00
1.547115980159797566e+00 3.389180534746044060e+01 9.780192053456380208e-01
1.562902877916530375e+00 3.382347151696519916e+01 3.849818352982887770e+00
1.578689775673262963e+00 3.377025197001937329e+01 9.448769391168143628e+00
1.594476673429995550e+00 3.352513800435456659e+01 1.392261682371675846e+01
1.610263571186728138e+00 3.333066211341500917e+01 1.491913459649315321e+01
1.626050468943460725e+00 3.305408429936702674e+01 2.218939463977168103e+01
1.641837366700193535e+00 3.263005870449127599e+01 3.369143091214762364e+01
1.657624264456926122e+00 3.199031794919083538e+01 4.584333087929480399e+01
1.673411162213658709e+00 3.118261074965229440e+01 5.513258975697764441e+01
1.689198059970391297e+00 3.024957283407625397e+01 5.447883874801672022e+01
1.704984957727123884e+00 2.946250703521136671e+01 5.297420404553680129e+01
1.720771855483856472e+00 2.857697614805389108e+01 5.539786905474829126e+01
1.736558753240589281e+00 2.771338604579501919e+01 5.295303098037297929e+01
1.752345650997321869e+00 2.690504797606140386e+01 5.116587326353456433e+01
1.768132548754054456e+00 2.609788522610429951e+01 5.021203495150710694e+01
1.783919446510787044e+00 2.531966345218754810e+01 5.030514939975482491e+01
1.799706344267519631e+00 2.450956072568212107e+01 5.577855163998219012e+01
1.815493242024252440e+00 2.355852286866948830e+01 6.107567696990744111e+01
1.831280139780985028e+00 2.258116979018780413e+01 6.334790528458427161e+01
1.847067037537717615e+00 2.155838906100765939e+01 6.545238976424847976e+01
1.862853935294450203e+00 2.051458941990379614e+01 6.522170473150262637e+01
1.878640833051182790e+00 1.949909229277558609e+01 6.423239017110051918e+01
1.894427730807915378e+00 1.848652906730035284e+01 6.434064059099263488e+01
1.910214628564648187e+00 1.746761406355022217e+01 6.409781122157588129e+01
1.926001526321380775e+00 1.646271788292961702e+01 6.337567086279209860e+01
1.941788424078113362e+00 1.546660359119974615e+01 6.224869344610179667e+01
1.957575321834845949e+00 1.449729036508201396e+01 6.137694808643837519e+01
1.973362219591578537e+00 1.352870038307796818e+01 6.130690616416609373e+01
1.989149117348311346e+00 1.256159864629143108e+01 6.027539443500934624e+01
2.004936015105043712e+00 1.162557740469352119e+01 5.830450613609045973e+01
2.020722912861776521e+00 1.072070409203693053e+01 5.543596033292681113e+01
2.036509810618509331e+00 9.875253729049118689e+00 5.222131081996727886e+01
2.052296708375241696e+00 9.071879102762173019e+00 4.985450588949881734e+01
2.068083606131974506e+00 8.301157754669233668e+00 4.589947976161340648e+01
2.083870503888706871e+00 7.622658314594554341e+00 4.064769446589697566e+01
2.099657401645439680e+00 7.017755761509189227e+00 3.645889552508474196e+01
2.115444299402172490e+00 6.471512602638735068e+00 3.187768685797246704e+01
2.131231197158904855e+00 6.011256195213287690e+00 2.655713201049108818e+01
2.147018094915637665e+00 5.633003147115386966e+00 2.097249902326475279e+01
2.162804992672370030e+00 5.349074799646376555e+00 1.453379703668353784e+01
2.178591890429102840e+00 5.174116011444933605e+00 8.576037328756051181e+00
2.194378788185835649e+00 5.078296750712388175e+00 3.335830297534165823e+00
2.210165685942568015e+00 5.068791187762967887e+00 -2.104033447281400626e+00
2.225952583699300824e+00 5.144729072530342506e+00 -7.260171931518871524e+00
2.241739481456033189e+00 5.298022371721344825e+00 -1.179001057645997008e+01
2.257526379212765999e+00 5.516984455573082258e+00 -1.543432111049141753e+01
2.273313276969498808e+00 5.785342470353160849e+00 -1.784348774816376704e+01
2.289100174726231174e+00 6.080371088980627725e+00 -1.902462979930933429e+01
2.304887072482963983e+00 6.386022241355931328e+00 -1.997618669789661539e+01
2.320673970239696349e+00 6.711095122918820266e+00 -2.067669260582661650e+01
2.336460867996429158e+00 7.038863905587080083e+00 -2.010616425136299767e+01
2.352247765753161524e+00 7.345923041551500887e+00 -1.827376864268558521e+01
2.368034663509894333e+00 7.615836139971608354e+00 -1.609188377417250493e+01
2.383821561266627143e+00 7.854004889263673128e+00 -1.414832044836570901e+01
2.399608459023359508e+00 8.062552316667286334e+00 -1.205719572445438459e+01
2.415395356780092317e+00 8.234696321533423458e+00 -8.697707692355201914e+00
2.431182254536824683e+00 8.337171960781603275e+00 -4.753731702115340241e+00
2.446969152293557492e+00 8.384789674221890365e+00 -1.514023604088486241e+00
2.462756050050290302e+00 8.384975432459652822e+00 1.327732457253058662e+00
2.478542947807022667e+00 8.342868121119991542e+00 4.580113716585345607e+00
2.494329845563755477e+00 8.240363858543769737e+00 8.238335731889435465e+00
2.510116743320487842e+00 8.082752593350040371e+00 1.135246816404620063e+01
2.525903641077220652e+00 7.881923350159050656e+00 1.357861676652685290e+01
2.541690538833953461e+00 7.654024124208010704e+00 1.514583946427874572e+01
2.557477436590685826e+00 7.403711712034141357e+00 1.643953122472402129e+01
2.573264334347418636e+00 7.134965726981347345e+00 1.715875495489741809e+01
2.589051232104151001e+00 6.861944691822551512e+00 1.687940193974493752e+01
2.604838129860883811e+00 6.602018941746251812e+00 1.672639463328594545e+01
2.620625027617616620e+00 6.333828927993658375e+00 1.702291250427904146e+01
2.636411925374348986e+00 6.064540983292534548e+00 1.642905961326691511e+01
2.652198823131081795e+00 5.815101159285838150e+00 1.577149103222930826e+01
2.667985720887814161e+00 5.566575150498475288e+00 1.559444404481509672e+01
2.683772618644546970e+00 5.322725371868670230e+00 1.504428105029283813e+01
2.699559516401279780e+00 5.091570096969428860e+00 1.388954391299565039e+01
2.715346414158012145e+00 4.884179752584449474e+00 1.152402834099333973e+01
2.731133311914744954e+00 4.727712782639526878e+00 7.415819557110872040e+00
2.746920209671477320e+00 4.650034182323474319e+00 3.173225771622387281e+00
2.762707107428210129e+00 4.627522001008263608e+00 -1.151213238272727590e+00
2.778494005184942495e+00 4.686382353701091574e+00 -6.848110313344315081e+00
2.794280902941675304e+00 4.843742835695449500e+00 -1.306242480263960459e+01
2.810067800698408114e+00 5.098812683329651207e+00 -1.909272102844253993e+01
2.825854698455140479e+00 5.446572505243132412e+00 -2.650206674396177320e+01
2.841641596211873289e+00 5.935583519387708229e+00 -3.304418202151573070e+01
2.857428493968605654e+00 6.489902751300195227e+00 -3.860206020648735148e+01
2.873215391725338463e+00 7.154397074745814322e+00 -4.558962852944080169e+01
2.889002289482071273e+00 7.929340360023600986e+00 -5.085741679509555269e+01
2.904789187238803638e+00 8.760158752977234897e+00 -5.346224596527270734e+01
2.920576084995536448e+00 9.617346381821704426e+00 -5.500670118065743708e+01
2.936362982752268813e+00 1.049692908792560075e+01 -5.351322080656751012e+01
2.952149880509001623e+00 1.130696187283518128e+01 -5.168713583421559576e+01
2.967936778265734432e+00 1.212888814543182647e+01 -4.818056876971341040e+01
2.983723676022466798e+00 1.282820529889256278e+01 -3.909635861170480098e+01
2.999510573779199607e+00 1.336330857755890023e+01 -3.181264652331734055e+01
3.015297471535931972e+00 1.383265129496193602e+01 -2.772428615941091579e+01
3.031084369292664782e+00 1.423866951951293558e+01 -2.298270529955636121e+01
3.046871267049397591e+00 1.455830253243636285e+01 -1.804235317260365434e+01
3.062658164806129957e+00 1.480833508916644448e+01 -1.015314220030428771e+01
3.078445062562862766e+00 1.487887576808790513e+01 -7.520260666959753593e+00
3.094231960319595132e+00 1.504577826167298760e+01 -1.442767872437093146e+01
3.110018858076327941e+00 1.533441234586516622e+01 -1.435922432322395714e+01
3.125805755833060751e+00 1.549915347418643741e+01 -9.246948539362708885e+00
3.141592653589793116e+00 1.562637360817054066e+01 -8.058589847384535432e+00
