0.000000000000000000e+00 2.969954562298688643e+02 2.314823529993090290e+01
1.578689775673262907e-02 2.966300174059400661e+02 4.629647059986360347e+01
3.157379551346525814e-02 2.955337009341536145e+02 9.259294119972541637e+01
4.736069327019788722e-02 2.937065068145096234e+02 1.388894117995854174e+02
6.314759102693051629e-02 2.911484350470080358e+02 1.620376470995181251e+02
7.893448878366314536e-02 2.885903632795063913e+02 1.620376470995181251e+02
9.472138654039577443e-02 2.860322915120048037e+02 1.620376470995163345e+02
1.105082842971284035e-01 2.834742197445032161e+02 1.620376470995163345e+02
1.262951820538610326e-01 2.809161479770016285e+02 1.620376470995163345e+02
1.420820798105936755e-01 2.783580762095000409e+02 1.620376470995163345e+02
1.578689775673262907e-01 2.758000044419984533e+02 1.620376470995163345e+02
1.736558753240589059e-01 2.732419326744968657e+02 1.620376470995163345e+02
1.894427730807915489e-01 2.706838609069952781e+02 1.620376470995163345e+02
2.052296708375241918e-01 2.681257891394936905e+02 1.620376470995163345e+02
2.210165685942568070e-01 2.655677173719921029e+02 1.620376470995163345e+02
2.368034663509894222e-01 2.630096456044905153e+02 1.620376470995163345e+02
2.525903641077220652e-01 2.604515738369889277e+02 1.620376470995163345e+02
2.683772618644547081e-01 2.578935020694873401e+02 1.620376470995172156e+02
2.841641596211873511e-01 2.553354303019857241e+02 1.620376470995172156e+02
2.999510573779199385e-01 2.527773585344841365e+02 1.620376470995163345e+02
3.157379551346525814e-01 2.502192867669825489e+02 1.620376470995172156e+02
3.315248528913852244e-01 2.476612149994809329e+02 1.620376470995172156e+02
3.473117506481178118e-01 2.451031432319793453e+02 1.620376470995163345e+02
3.630986484048504548e-01 2.425450714644777577e+02 1.620376470995163345e+02
3.788855461615830977e-01 2.399869996969761701e+02 1.620376470995163345e+02
3.946724439183157407e-01 2.374289279294745825e+02 1.620376470995172156e+02
4.104593416750483836e-01 2.348708561619729664e+02 1.620376470995172156e+02
4.262462394317809711e-01 2.323127843944713788e+02 1.620376470995172156e+02
4.420331371885136140e-01 2.297547126269697628e+02 1.620376470995181251e+02
4.578200349452462570e-01 2.271966408594681468e+02 1.620376470995181251e+02
4.736069327019788444e-01 2.246385690919665308e+02 1.620376470995181251e+02
4.893938304587114874e-01 2.220804973244649148e+02 1.620376470995172156e+02
5.051807282154441303e-01 2.195224255569633272e+02 1.620376470995163345e+02
5.209676259721767178e-01 2.169643537894617396e+02 1.620376470995163345e+02
5.367545237289094162e-01 2.144062820219601520e+02 1.620376470995163345e+02
5.525414214856420037e-01 2.118482102544585643e+02 1.620376470995163345e+02
5.683283192423747021e-01 2.092901384869569767e+02 1.620376470995172156e+02
5.841152169991072896e-01 2.067320667194553607e+02 1.620376470995172156e+02
5.999021147558398770e-01 2.041739949519537731e+02 1.620376470995163345e+02
6.156890125125725755e-01 2.016159231844521855e+02 1.620376470995163345e+02
6.314759102693051629e-01 1.990578514169505979e+02 1.620376470995172156e+02
6.472628080260377503e-01 1.964997796494489819e+02 1.620376470995172156e+02
6.630497057827704488e-01 1.939417078819473943e+02 1.620376470995163345e+02
6.788366035395030362e-01 1.913836361144458067e+02 1.620376470995163345e+02
6.946235012962356237e-01 1.888255643469442191e+02 1.620376470995172156e+02
7.104103990529683221e-01 1.862674925794426031e+02 1.620376470995172156e+02
7.261972968097009096e-01 1.837094208119410155e+02 1.620376470995163345e+02
7.419841945664336080e-01 1.811513490444394279e+02 1.620376470995181251e+02
7.577710923231661955e-01 1.785932772769377834e+02 1.620376470995181251e+02
7.735579900798987829e-01 1.760352055094361958e+02 1.620376470995163345e+02
7.893448878366314814e-01 1.734771337419346082e+02 1.620376470995172156e+02
8.051317855933640688e-01 1.709190619744329922e+02 1.620376470995172156e+02
8.209186833500967673e-01 1.683609902069314046e+02 1.620376470995163345e+02
8.367055811068293547e-01 1.658029184394298170e+02 1.620376470995172156e+02
8.524924788635619421e-01 1.632448466719282010e+02 1.620376470995172156e+02
8.682793766202946406e-01 1.606867749044266134e+02 1.620376470995172156e+02
8.840662743770272280e-01 1.581287031369249974e+02 1.620376470995172156e+02
8.998531721337598155e-01 1.555706313694234098e+02 1.620376470995163345e+02
9.156400698904925139e-01 1.530125596019218221e+02 1.620376470995163345e+02
9.314269676472251014e-01 1.504544878344202345e+02 1.620376470995163345e+02
9.472138654039576888e-01 1.478964160669186469e+02 1.620376470995163345e+02
9.630007631606903873e-01 1.453383442994170593e+02 1.620376470995172156e+02
9.787876609174229747e-01 1.427802725319154433e+02 1.620376470995172156e+02
9.945745586741556732e-01 1.402222007644138557e+02 1.620376470995163345e+02
1.010361456430888261e+00 1.376641289969122681e+02 1.620376470995172156e+02
1.026148354187620848e+00 1.351060572294106521e+02 1.620376470995172156e+02
1.041935251944353436e+00 1.325479854619090645e+02 1.620376470995172156e+02
1.057722149701086245e+00 1.299899136944074485e+02 1.620376470995176703e+02
1.073509047457818832e+00 1.274318419269058467e+02 1.620376470995167608e+02
1.089295945214551420e+00 1.248737701594042591e+02 1.620376470995167608e+02
1.105082842971284007e+00 1.223156983919026572e+02 1.620376470995167608e+02
1.120869740728016595e+00 1.197576266244010696e+02 1.620376470995163345e+02
1.136656638484749404e+00 1.171995548568994820e+02 1.620376470995163345e+02
1.152443536241481992e+00 1.146414830893978944e+02 1.620376470995167608e+02
1.168230433998214579e+00 1.120834113218962926e+02 1.620376470995172156e+02
1.184017331754947167e+00 1.095253395543946908e+02 1.620376470995167608e+02
1.199804229511679754e+00 1.069672677868931032e+02 1.620376470995172156e+02
1.215591127268412341e+00 1.044091960193914872e+02 1.620376470995172156e+02
1.231378025025145151e+00 1.018511242518898996e+02 1.620376470995167608e+02
1.247164922781877738e+00 9.929305248438829778e+01 1.620376470995167608e+02
1.262951820538610326e+00 9.673498071688671018e+01 1.620376470995167608e+02
1.278738718295342913e+00 9.417690894938510837e+01 1.620376470995167608e+02
1.294525616052075501e+00 9.161883718188352077e+01 1.620376470995163345e+02
1.310312513808808310e+00 8.906076541438193317e+01 1.620376470995167608e+02
1.326099411565540898e+00 8.650269364688033136e+01 1.620376470995172156e+02
1.341886309322273485e+00 8.394462187937872955e+01 1.620376470995167608e+02
1.357673207079006072e+00 8.138655011187714194e+01 1.620376470995167608e+02
1.373460104835738660e+00 7.882847834437554013e+01 1.620376470995172156e+02
1.389247002592471247e+00 7.627040657687393832e+01 1.620376470995172156e+02
1.405033900349204057e+00 7.371233480937233651e+01 1.620376470995167608e+02
1.420820798105936644e+00 7.115426304187074891e+01 1.620376470995167608e+02
1.436607695862669232e+00 6.859619127436914710e+01 1.620376470995167608e+02
1.452394593619401819e+00 6.603811950686755949e+01 1.588643866528703938e+02
1.468181491376134407e+00 6.358023961581933747e+01 1.641849734402821923e+02
1.483968389132867216e+00 6.085417672908036479e+01 1.673582338869283319e+02
1.499755286889599804e+00 5.829610496157877009e+01 1.651209662843493504e+02
1.515542184646332391e+00 5.564068110463252737e+01 1.712930716554946287e+02
1.531329082403064978e+00 5.288773254425483117e+01 1.601532932309478383e+02
1.547115980159797566e+00 5.058403377335054074e+01 1.445661378014839329e+02
1.562902877916530375e+00 4.832323087113933724e+01 1.344855541430773656e+02
1.578689775673262963e+00 4.633781438732195568e+01 1.027667630282979871e+02
1.594476673429995550e+00 4.507849410970311510e+01 8.064829903708209713e+01
1.610263571186728138e+00 4.379144148501632827e+01 6.276338594979007723e+01
1.626050468943460725e+00 4.309681579599174484e+01 3.237301744136260595e+01
1.641837366700193535e+00 4.276930245216890114e+01 2.874513653847699146e+01
1.657624264456926122e+00 4.218922273291923375e+01 3.145511368319986545e+01
1.673411162213658709e+00 4.177614512488274556e+01 3.044988398497812554e+01
1.689198059970391297e+00 4.122780432256879379e+01 4.101481159415009614e+01
1.704984957727123884e+00 4.048115185058574639e+01 4.342023878571853146e+01
1.720771855483856472e+00 3.985686258200268384e+01 4.935002690043512530e+01
1.736558753240589281e+00 3.892298419264739806e+01 6.075971843468812494e+01
1.752345650997321869e+00 3.793844765669011565e+01 6.332747620311363335e+01
1.768132548754054456e+00 3.692349540862645085e+01 6.599715082403307065e+01
1.783919446510787044e+00 3.585466711210077051e+01 6.860264333187494401e+01
1.799706344267519631e+00 3.475744957638264054e+01 7.382821008697622744e+01
1.815493242024252440e+00 3.352363030368942987e+01 8.114359660466068647e+01
1.831280139780985028e+00 3.219543824995997028e+01 8.560470950857524031e+01
1.847067037537717615e+00 3.082076471067608026e+01 9.084726652949757408e+01
1.862853935294450203e+00 2.932704523360033733e+01 9.282779314709702589e+01
1.878640833051182790e+00 2.788983895188338735e+01 9.087543351693128102e+01
1.894427730807915378e+00 2.645776287853924202e+01 9.269834178795349544e+01
1.910214628564648187e+00 2.496300046383323235e+01 9.280986059155377177e+01
1.926001526321380775e+00 2.352740331858830558e+01 9.158161229491038569e+01
1.941788424078113362e+00 2.207142136444027614e+01 9.008972342835599534e+01
1.957575321834845949e+00 2.068292881319675303e+01 8.422888055917364625e+01
1.973362219591578537e+00 1.941199591333683827e+01 8.090745040666807597e+01
1.989149117348311346e+00 1.812837351854078349e+01 7.964967163678483075e+01
2.004936015105043712e+00 1.689715346836234033e+01 7.444301293559067290e+01
2.020722912861776521e+00 1.577792505070619455e+01 7.000439893354854348e+01
2.036509810618509331e+00 1.468684889139143301e+01 6.573362679351316729e+01
2.052296708375241696e+00 1.370246495996936886e+01 6.142342083994603286e+01
2.068083606131974506e+00 1.274747836205345664e+01 5.939226716360903424e+01
2.083870503888706871e+00 1.182722566146447996e+01 5.673054922797381039e+01
2.099657401645439680e+00 1.095627960136283718e+01 5.372957601499905422e+01
2.115444299402172490e+00 1.013077901534171232e+01 5.299330132050165076e+01
2.131231197158904855e+00 9.283079941885869601e+00 5.139987303517386863e+01
2.147018094915637665e+00 8.507889934711055702e+00 4.843482500726905471e+01
2.162804992672370030e+00 7.753808681375883083e+00 4.563384208492691130e+01
2.178591890429102840e+00 7.067056336227808266e+00 4.191369307015240508e+01
2.194378788185835649e+00 6.430434307164745178e+00 3.871034205707277920e+01
2.210165685942568015e+00 5.844823911861498189e+00 3.496428486990860307e+01
2.225952583699300824e+00 5.326479126407703824e+00 2.935908314348253967e+01
2.241739481456033189e+00 4.917846224226355645e+00 2.381331836135818136e+01
2.257526379212765999e+00 4.574602281969132989e+00 1.900121255369140272e+01
2.273313276969498808e+00 4.317905824548214255e+00 1.475078564975235906e+01
2.289100174726231174e+00 4.108863992200894266e+00 1.117460776519394550e+01
2.304887072482963983e+00 3.965081044026799617e+00 6.557122784690845307e+00
2.320673970239696349e+00 3.901830738240381624e+00 2.329117010140618227e+00
2.336460867996429158e+00 3.891541979821686148e+00 -3.979031396687210398e-01
2.352247765753161524e+00 3.914394050606447628e+00 -3.225448854443218938e+00
2.368034663509894333e+00 3.993381642391017117e+00 -6.239577801386274380e+00
2.383821561266627143e+00 4.111401204197774994e+00 -9.246405072830063077e+00
2.399608459023359508e+00 4.285325745395221375e+00 -1.244867966700577711e+01
2.415395356780092317e+00 4.504453270416448163e+00 -1.345645528416894265e+01
2.431182254536824683e+00 4.710197112873660608e+00 -1.405136130092461855e+01
2.446969152293557492e+00 4.948108078817661237e+00 -1.599301078412521804e+01
2.462756050050290302e+00 5.215157165016274909e+00 -1.591961690098404603e+01
2.478542947807022667e+00 5.450750807502036999e+00 -1.403060240532991365e+01
2.494329845563755477e+00 5.658156536292895389e+00 -1.332492032803521198e+01
2.510116743320487842e+00 5.871469117172637198e+00 -1.250448106088528455e+01
2.525903641077220652e+00 6.052970464311286491e+00 -1.132415501474989306e+01
2.541690538833953461e+00 6.229015671971132484e+00 -1.032443709681694344e+01
2.557477436590685826e+00 6.378952129997819576e+00 -7.709718375664731838e+00
2.573264334347418636e+00 6.472440743430776244e+00 -5.721701728828663569e+00
2.589051232104151001e+00 6.559607970372896446e+00 -5.180902719924791455e+00
2.604838129860883811e+00 6.636021506484837573e+00 -1.961622226562350413e+00
2.620625027617616620e+00 6.621543829429044514e+00 2.878482786069695099e+00
2.636411925374348986e+00 6.545136879608443259e+00 5.244342937104934599e+00
2.652198823131081795e+00 6.455960017930407524e+00 7.819107782363865056e+00
2.667985720887814161e+00 6.298257969390341771e+00 1.051950960729656082e+01
2.683772618644546970e+00 6.123819172687692713e+00 1.179416368827757289e+01
2.699559516401279780e+00 5.925871456844328478e+00 1.347722927995004660e+01
2.715346414158012145e+00 5.698291891314463342e+00 1.416037813464377493e+01
2.731133311914744954e+00 5.478774573227741307e+00 1.260766274788100105e+01
2.746920209671477320e+00 5.300220125810135130e+00 1.244925440793469384e+01
2.762707107428210129e+00 5.085704360256505296e+00 1.270999549373760473e+01
2.778494005184942495e+00 4.898917327113799125e+00 1.201587780152109275e+01
2.794280902941675304e+00 4.706317491636491823e+00 1.204478317877132909e+01
2.810067800698408114e+00 4.518617806023247141e+00 1.186762390819821000e+01
2.825854698455140479e+00 4.331611561128330123e+00 1.139853871104357452e+01
2.841641596211873289e+00 4.158722675608439445e+00 1.247411766836599689e+01
2.857428493968605654e+00 3.937756320656438103e+00 1.328867958150986262e+01
2.873215391725338463e+00 3.739148623857885934e+00 1.248529428132097507e+01
2.889002289482071273e+00 3.543548192092572435e+00 1.122835323475434599e+01
2.904789187238803638e+00 3.384626894870796043e+00 1.010268481446659905e+01
2.920576084995536448e+00 3.224568087623613355e+00 8.296704631556696796e+00
2.936362982752268813e+00 3.122668439398404772e+00 4.704566210004842652e+00
2.952149880509001623e+00 3.076027076129362214e+00 -1.386620357332393194e+00
2.967936778265734432e+00 3.166449307015625880e+00 -7.742928842772334619e+00
2.983723676022466798e+00 3.320500728086368092e+00 -1.144826713891386127e+01
2.999510573779199607e+00 3.527914552643216073e+00 -1.400964779286641004e+01
3.015297471535931972e+00 3.762838482714002009e+00 -1.791500352507660310e+01
3.031084369292664782e+00 4.093559210566994011e+00 -2.305686631298669553e+01
3.046871267049397591e+00 4.490831264861549599e+00 -2.605405664210096717e+01
3.062658164806129957e+00 4.916184667280931286e+00 -2.123427928565088152e+01
3.078445062562862766e+00 5.161278056902501632e+00 -1.793578868262370563e+01
3.094231960319595132e+00 5.482485591518816648e+00 -2.302636138763933360e+01
3.110018858076327941e+00 5.888307682774978069e+00 -2.166817751378882662e+01
3.125805755833060751e+00 6.166632197488651101e+00 -1.714519338741603960e+01
3.141592653589793116e+00 6.429646512828068872e+00 -1.666029129929914276e+01
