0.000000000000000000e+00 4.205309936019085058e+02 3.396541268402182823e+01
1.578689775673262907e-02 4.199947851046006235e+02 6.793082536804006111e+01
3.157379551346525814e-02 4.183861596126770905e+02 1.358616507360801222e+02
4.736069327019788722e-02 4.157051171261377931e+02 2.037924761041201691e+02
6.314759102693051629e-02 4.119516576449828449e+02 2.377578887881384162e+02
7.893448878366314536e-02 4.081981981638278967e+02 2.377578887881402068e+02
9.472138654039577443e-02 4.044447386826728916e+02 2.377578887881384162e+02
1.105082842971284035e-01 4.006912792015180003e+02 2.377578887881384162e+02
1.262951820538610326e-01 3.969378197203629952e+02 2.377578887881402068e+02
1.420820798105936755e-01 3.931843602392080470e+02 2.377578887881384162e+02
1.578689775673262907e-01 3.894309007580530988e+02 2.377578887881402068e+02
1.736558753240589059e-01 3.856774412768980937e+02 2.377578887881402068e+02
1.894427730807915489e-01 3.819239817957431455e+02 2.377578887881402068e+02
2.052296708375241918e-01 3.781705223145881405e+02 2.377578887881402068e+02
2.210165685942568070e-01 3.744170628334331923e+02 2.377578887881384162e+02
2.368034663509894222e-01 3.706636033522782441e+02 2.377578887881402068e+02
2.525903641077220652e-01 3.669101438711232390e+02 2.377578887881402068e+02
2.683772618644547081e-01 3.631566843899682908e+02 2.377578887881402068e+02
2.841641596211873511e-01 3.594032249088132858e+02 2.377578887881402068e+02
2.999510573779199385e-01 3.556497654276583376e+02 2.377578887881384162e+02
3.157379551346525814e-01 3.518963059465033894e+02 2.377578887881384162e+02
3.315248528913852244e-01 3.481428464653484411e+02 2.377578887881384162e+02
3.473117506481178118e-01 3.443893869841934929e+02 2.377578887881402068e+02
3.630986484048504548e-01 3.406359275030384879e+02 2.377578887881384162e+02
3.788855461615830977e-01 3.368824680218835965e+02 2.377578887881402068e+02
3.946724439183157407e-01 3.331290085407285346e+02 2.377578887881402068e+02
4.104593416750483836e-01 3.293755490595736433e+02 2.377578887881384162e+02
4.262462394317809711e-01 3.256220895784186382e+02 2.377578887881402068e+02
4.420331371885136140e-01 3.218686300972636900e+02 2.377578887881402068e+02
4.578200349452462570e-01 3.181151706161086850e+02 2.377578887881402068e+02
4.736069327019788444e-01 3.143617111349537367e+02 2.377578887881384162e+02
4.893938304587114874e-01 3.106082516537987885e+02 2.377578887881384162e+02
5.051807282154441303e-01 3.068547921726438403e+02 2.377578887881402068e+02
5.209676259721767178e-01 3.031013326914888353e+02 2.377578887881402068e+02
5.367545237289094162e-01 2.993478732103338871e+02 2.377578887881384162e+02
5.525414214856420037e-01 2.955944137291789389e+02 2.377578887881402068e+02
5.683283192423747021e-01 2.918409542480239338e+02 2.377578887881402068e+02
5.841152169991072896e-01 2.880874947668689856e+02 2.377578887881384162e+02
5.999021147558398770e-01 2.843340352857140374e+02 2.377578887881384162e+02
6.156890125125725755e-01 2.805805758045590892e+02 2.377578887881384162e+02
6.314759102693051629e-01 2.768271163234041410e+02 2.377578887881402068e+02
6.472628080260377503e-01 2.730736568422491359e+02 2.377578887881402068e+02
6.630497057827704488e-01 2.693201973610941877e+02 2.377578887881402068e+02
6.788366035395030362e-01 2.655667378799391827e+02 2.377578887881402068e+02
6.946235012962356237e-01 2.618132783987842345e+02 2.377578887881384162e+02
7.104103990529683221e-01 2.580598189176292863e+02 2.377578887881402068e+02
7.261972968097009096e-01 2.543063594364742812e+02 2.377578887881411163e+02
7.419841945664336080e-01 2.505528999553193046e+02 2.377578887881384162e+02
7.577710923231661955e-01 2.467994404741643848e+02 2.377578887881375067e+02
7.735579900798987829e-01 2.430459809930094366e+02 2.377578887881402068e+02
7.893448878366314814e-01 2.392925215118544315e+02 2.377578887881402068e+02
8.051317855933640688e-01 2.355390620306994833e+02 2.377578887881393257e+02
8.209186833500967673e-01 2.317856025495445067e+02 2.377578887881393257e+02
8.367055811068293547e-01 2.280321430683895585e+02 2.377578887881384162e+02
8.524924788635619421e-01 2.242786835872346103e+02 2.377578887881393257e+02
8.682793766202946406e-01 2.205252241060796337e+02 2.377578887881402068e+02
8.840662743770272280e-01 2.167717646249246570e+02 2.377578887881402068e+02
8.998531721337598155e-01 2.130183051437696804e+02 2.377578887881393257e+02
9.156400698904925139e-01 2.092648456626147322e+02 2.377578887881393257e+02
9.314269676472251014e-01 2.055113861814597556e+02 2.377578887881402068e+02
9.472138654039576888e-01 2.017579267003047789e+02 2.377578887881393257e+02
9.630007631606903873e-01 1.980044672191498307e+02 2.377578887881393257e+02
9.787876609174229747e-01 1.942510077379948541e+02 2.377578887881402068e+02
9.945745586741556732e-01 1.904975482568398775e+02 2.377578887881402068e+02
1.010361456430888261e+00 1.867440887756849008e+02 2.377578887881384162e+02
1.026148354187620848e+00 1.829906292945299811e+02 2.377578887881375067e+02
1.041935251944353436e+00 1.792371698133750328e+02 2.377578887881393257e+02
1.057722149701086245e+00 1.754837103322200562e+02 2.377578887881402068e+02
1.073509047457818832e+00 1.717302508510650796e+02 2.377578887881411163e+02
1.089295945214551420e+00 1.679767913699100745e+02 2.377578887881402068e+02
1.105082842971284007e+00 1.642233318887551263e+02 2.377578887881384162e+02
1.120869740728016595e+00 1.604698724076001781e+02 2.377578887881393257e+02
1.136656638484749404e+00 1.567164129264452015e+02 2.377578887881393257e+02
1.152443536241481992e+00 1.529629534452902533e+02 2.377578887881393257e+02
1.168230433998214579e+00 1.492094939641352767e+02 2.377578887881402068e+02
1.184017331754947167e+00 1.454560344829803000e+02 2.377578887881393257e+02
1.199804229511679754e+00 1.417025750018253518e+02 2.377578887881393257e+02
1.215591127268412341e+00 1.379491155206703752e+02 2.377578887881393257e+02
1.231378025025145151e+00 1.341956560395154270e+02 2.377578887881393257e+02
1.247164922781877738e+00 1.304421965583604504e+02 2.377578887881393257e+02
1.262951820538610326e+00 1.266887370772055021e+02 2.377578887881388710e+02
1.278738718295342913e+00 1.229352775960505397e+02 2.377578887881402068e+02
1.294525616052075501e+00 1.191818181148955489e+02 2.377578887881402068e+02
1.310312513808808310e+00 1.154283586337405865e+02 2.377578887881393257e+02
1.326099411565540898e+00 1.116748991525856241e+02 2.377578887881393257e+02
1.341886309322273485e+00 1.079214396714306616e+02 2.377578887881393257e+02
1.357673207079006072e+00 1.041679801902756992e+02 2.377578887881397520e+02
1.373460104835738660e+00 1.004145207091207226e+02 2.377578887881393257e+02
1.389247002592471247e+00 9.666106122796577438e+01 2.377578887881393257e+02
1.405033900349204057e+00 9.290760174681079775e+01 2.377578887881393257e+02
1.420820798105936644e+00 8.915414226565584954e+01 2.377578887881393257e+02
1.436607695862669232e+00 8.540068278450087291e+01 2.266392030000274929e+02
1.452394593619401819e+00 8.199828241479823987e+01 2.141062923953041377e+02
1.468181491376134407e+00 7.864053449026533826e+01 2.252249781834159705e+02
1.483968389132867216e+00 7.488707500911039006e+01 2.313446572168850253e+02
1.499755286889599804e+00 7.133610559016669583e+01 2.264401771501194673e+02
1.515542184646332391e+00 6.773749915973967006e+01 2.199612916670884317e+02
1.531329082403064978e+00 6.439109274619235634e+01 2.166202171790459658e+02
1.547115980159797566e+00 6.089797671844603855e+01 2.252274807198402016e+02
1.562902877916530375e+00 5.727980632593118315e+01 2.229008478478752409e+02
1.578689775673262963e+00 5.386015092871919308e+01 1.874287036906096375e+02
1.594476673429995550e+00 5.136197076225000302e+01 1.502608803788116631e+02
1.610263571186728138e+00 4.911584461796532963e+01 1.246496402356923880e+02
1.626050468943460725e+00 4.742630851062124009e+01 1.105492250904706140e+02
1.641837366700193535e+00 4.562538599078676782e+01 9.923872939146902183e+01
1.657624264456926122e+00 4.429296516179888243e+01 8.181596374389762616e+01
1.673411162213658709e+00 4.304214548179985655e+01 7.365051998409801115e+01
1.689198059970391297e+00 4.196753870436058520e+01 7.027626879885927735e+01
1.704984957727123884e+00 4.082325694129535520e+01 7.249518312410310728e+01
1.720771855483856472e+00 3.967859061668893617e+01 8.024662037266932657e+01
1.736558753240589281e+00 3.828956655900201866e+01 8.179414358789405526e+01
1.752345650997321869e+00 3.709603905284575376e+01 7.639530631931576465e+01
1.768132548754054456e+00 3.587747677908740229e+01 7.472323916191395199e+01
1.783919446510787044e+00 3.473674277944372335e+01 7.359688780380287199e+01
1.799706344267519631e+00 3.355374369314268534e+01 7.905194446577770861e+01
1.815493242024252440e+00 3.224077284993944659e+01 8.557766887534536693e+01
1.831280139780985028e+00 3.085173187555349017e+01 8.434266786787011938e+01
1.847067037537717615e+00 2.957775470161919884e+01 7.769210309893406929e+01
1.862853935294450203e+00 2.839869729929668551e+01 7.079153680439083018e+01
1.878640833051182790e+00 2.734259719447341297e+01 6.908591952967447014e+01
1.894427730807915378e+00 2.621739260320702769e+01 7.307396459943771561e+01
1.910214628564648187e+00 2.503537477885256735e+01 7.494006630556337711e+01
1.926001526321380775e+00 2.385125027390964192e+01 7.527962051251230946e+01
1.941788424078113362e+00 2.265851143445923910e+01 7.644730524692032247e+01
1.957575321834845949e+00 2.143751869048792003e+01 8.069653755264690176e+01
1.973362219591578537e+00 2.011061545912729542e+01 8.584376217936313935e+01
1.989149117348311346e+00 1.872710529733016571e+01 8.551740018827707956e+01
2.004936015105043712e+00 1.741050655273945935e+01 8.071903571223911911e+01
2.020722912861776521e+00 1.617849896970782808e+01 7.518790753081913181e+01
2.036509810618509331e+00 1.503653893527604168e+01 7.139145451701708112e+01
2.052296708375241696e+00 1.392439978337867501e+01 6.854265836598452211e+01
2.068083606131974506e+00 1.287238705607913758e+01 6.325476992483759631e+01
2.083870503888706871e+00 1.192720661252056047e+01 5.761260032865776992e+01
2.099657401645439680e+00 1.105333859430309573e+01 5.316373702624247954e+01
2.115444299402172490e+00 1.024862565092233879e+01 5.005955702721696099e+01
2.131231197158904855e+00 9.472768377231094661e+00 4.814400851412153060e+01
2.147018094915637665e+00 8.728536570898935310e+00 4.535278128412049625e+01
2.162804992672370030e+00 8.040808934999359892e+00 4.190185725955626594e+01
2.178591890429102840e+00 7.405535898151295982e+00 3.877607671732747718e+01
2.194378788185835649e+00 6.816501017912020899e+00 3.567852168775404209e+01
2.210165685942568015e+00 6.279029550159414441e+00 3.290078779064546666e+01
2.225952583699300824e+00 5.777698271978266575e+00 2.897931088313941217e+01
2.241739481456033189e+00 5.364042714214032337e+00 2.439481454125539983e+01
2.257526379212765999e+00 5.007461386063759790e+00 2.058521138495742875e+01
2.273313276969498808e+00 4.714089459343929533e+00 1.603012507902430528e+01
2.289100174726231174e+00 4.501329494763375294e+00 1.140949516782872131e+01
2.304887072482963983e+00 4.353848392003035528e+00 7.630925926443719476e+00
2.320673970239696349e+00 4.260392199983440875e+00 4.023622950386473107e+00
2.336460867996429158e+00 4.226807343744247270e+00 1.534652176898867237e+00
2.352247765753161524e+00 4.211937405965741732e+00 -1.793335551224986446e+00
2.368034663509894333e+00 4.283429753725652489e+00 -6.635753714019728022e+00
2.383821561266627143e+00 4.421453336809918255e+00 -9.623458588369505406e+00
2.399608459023359508e+00 4.587278867327132303e+00 -1.152341385090345582e+01
2.415395356780092317e+00 4.785291249355377197e+00 -1.364425613825769190e+01
2.431182254536824683e+00 5.018079820569823823e+00 -1.578615139820839097e+01
2.446969152293557492e+00 5.283719965547012620e+00 -1.847935124534294005e+01
2.462756050050290302e+00 5.601543078011781418e+00 -1.928480368145534030e+01
2.478542947807022667e+00 5.892614413502605508e+00 -1.722793823706648908e+01
2.494329845563755477e+00 6.145494477027527935e+00 -1.536590459893704441e+01
2.510116743320487842e+00 6.377774343188859163e+00 -1.408639594429603648e+01
2.525903641077220652e+00 6.590255462094437355e+00 -1.305698086516114564e+01
2.541690538833953461e+00 6.790032787048685847e+00 -1.119764173614100855e+01
2.557477436590685826e+00 6.943807512504397650e+00 -7.357403348796011322e+00
2.573264334347418636e+00 7.022333935893655621e+00 -3.674648208881726053e+00
2.589051232104151001e+00 7.059830103635550635e+00 -2.174213976878290655e+00
2.604838129860883811e+00 7.090982123402128856e+00 -6.690525474553390417e-01
2.620625027617616620e+00 7.080954631956668521e+00 2.961406018786825634e+00
2.636411925374348986e+00 6.997479295332608373e+00 7.094700227878413479e+00
2.652198823131081795e+00 6.856948017732300116e+00 9.254086038956925719e+00
2.667985720887814161e+00 6.705292675074568720e+00 1.024445540345156047e+01
2.683772618644546970e+00 6.533491677676906306e+00 1.194975694464423555e+01
2.699559516401279780e+00 6.327993492868760228e+00 1.523136459977029311e+01
2.715346414158012145e+00 6.052579686412725479e+00 1.770424663392266496e+01
2.731133311914744954e+00 5.769003229929330345e+00 1.739290090548981382e+01
2.746920209671477320e+00 5.503419789836825338e+00 1.755631217531062305e+01
2.762707107428210129e+00 5.214683819335512283e+00 1.977670139849246311e+01
2.778494005184942495e+00 4.878994263949961940e+00 2.075778931771997193e+01
2.794280902941675304e+00 4.559281624106228392e+00 1.965734987539072520e+01
2.810067800698408114e+00 4.258337118647733455e+00 1.784568833701819912e+01
2.825854698455140479e+00 3.995825509756183891e+00 1.697434064186539970e+01
2.841641596211873289e+00 3.722392758245572697e+00 1.698084577298864772e+01
2.857428493968605654e+00 3.459675757674149477e+00 1.594287851686524071e+01
2.873215391725338463e+00 3.219015572058051333e+00 1.260869543757796762e+01
2.889002289482071273e+00 3.061571386236500381e+00 9.380152590544900804e+00
2.904789187238803638e+00 2.922848552279085244e+00 7.825256299814441263e+00
2.920576084995536448e+00 2.814498343985703421e+00 5.105064337268710339e+00
2.936362982752268813e+00 2.761662294811078944e+00 8.285847310699024915e-01
2.952149880509001623e+00 2.788336779121322717e+00 -3.187014211233387684e+00
2.967936778265734432e+00 2.862288429815069701e+00 -7.637039361506998247e+00
2.983723676022466798e+00 3.029467098249829959e+00 -9.361082100009653573e+00
2.999510573779199607e+00 3.157853321825534465e+00 -8.013762903502156476e+00
3.015297471535931972e+00 3.282492009458400695e+00 -9.506506013226697860e+00
3.031084369292664782e+00 3.458009798734682061e+00 -9.685572030142969524e+00
3.046871267049397591e+00 3.588302280169073377e+00 -7.759514913844555828e+00
3.062658164806129957e+00 3.703007135908094050e+00 -1.022417885147023142e+01
3.078445062562862766e+00 3.911118412518490572e+00 -1.270566213478394779e+01
3.094231960319595132e+00 4.104173114014940893e+00 -1.414484454091383547e+01
3.110018858076327941e+00 4.357724841623059397e+00 -1.999207144303340655e+01
3.125805755833060751e+00 4.735398689647865922e+00 -2.290338518412774249e+01
3.141592653589793116e+00 5.080871641992838583e+00 -2.188352377196077114e+01
