0.000000000000000000e+00 3.592842373115283863e+02 4.356390377540716941e+01
1.578689775673262907e-02 3.585964984167418947e+02 8.712780755080532913e+01
3.157379551346525814e-02 3.565332817323827044e+02 1.742556151016052581e+02
4.736069327019788722e-02 3.530945872584507015e+02 2.613834226524106157e+02
6.314759102693051629e-02 3.482804149949458292e+02 3.049473264278141755e+02
7.893448878366314536e-02 3.434662427314409570e+02 3.049473264278123565e+02
9.472138654039577443e-02 3.386520704679361415e+02 3.049473264278123565e+02
1.105082842971284035e-01 3.338378982044312693e+02 3.049473264278141755e+02
1.262951820538610326e-01 3.290237259409263970e+02 3.049473264278159945e+02
1.420820798105936755e-01 3.242095536774214679e+02 3.049473264278159945e+02
1.578689775673262907e-01 3.193953814139165956e+02 3.049473264278105944e+02
1.736558753240589059e-01 3.145812091504118371e+02 3.049473264278123565e+02
1.894427730807915489e-01 3.097670368869069080e+02 3.049473264278159945e+02
2.052296708375241918e-01 3.049528646234020357e+02 3.049473264278123565e+02
2.210165685942568070e-01 3.001386923598972203e+02 3.049473264278123565e+02
2.368034663509894222e-01 2.953245200963923480e+02 3.049473264278123565e+02
2.525903641077220652e-01 2.905103478328875326e+02 3.049473264278141755e+02
2.683772618644547081e-01 2.856961755693826035e+02 3.049473264278141755e+02
2.841641596211873511e-01 2.808820033058777881e+02 3.049473264278123565e+02
2.999510573779199385e-01 2.760678310423729158e+02 3.049473264278159945e+02
3.157379551346525814e-01 2.712536587788679867e+02 3.049473264278159945e+02
3.315248528913852244e-01 2.664394865153631144e+02 3.049473264278123565e+02
3.473117506481178118e-01 2.616253142518582990e+02 3.049473264278123565e+02
3.630986484048504548e-01 2.568111419883534268e+02 3.049473264278141755e+02
3.788855461615830977e-01 2.519969697248485545e+02 3.049473264278141755e+02
3.946724439183157407e-01 2.471827974613436822e+02 3.049473264278141755e+02
4.104593416750483836e-01 2.423686251978388100e+02 3.049473264278132660e+02
4.262462394317809711e-01 2.375544529343339661e+02 3.049473264278132660e+02
4.420331371885136140e-01 2.327402806708290939e+02 3.049473264278141755e+02
4.578200349452462570e-01 2.279261084073242216e+02 3.049473264278141755e+02
4.736069327019788444e-01 2.231119361438193494e+02 3.049473264278132660e+02
4.893938304587114874e-01 2.182977638803145055e+02 3.049473264278132660e+02
5.051807282154441303e-01 2.134835916168096333e+02 3.049473264278132660e+02
5.209676259721767178e-01 2.086694193533047894e+02 3.049473264278132660e+02
5.367545237289094162e-01 2.038552470897999171e+02 3.049473264278132660e+02
5.525414214856420037e-01 1.990410748262950733e+02 3.049473264278141755e+02
5.683283192423747021e-01 1.942269025627901726e+02 3.049473264278150850e+02
5.841152169991072896e-01 1.894127302992853004e+02 3.049473264278141755e+02
5.999021147558398770e-01 1.845985580357804281e+02 3.049473264278132660e+02
6.156890125125725755e-01 1.797843857722755843e+02 3.049473264278132660e+02
6.314759102693051629e-01 1.749702135087707120e+02 3.049473264278132660e+02
6.472628080260377503e-01 1.701560412452658682e+02 3.049473264278132660e+02
6.630497057827704488e-01 1.653418689817609959e+02 3.049473264278132660e+02
6.788366035395030362e-01 1.605276967182561521e+02 3.049473264278132660e+02
6.946235012962356237e-01 1.557135244547512798e+02 3.049473264278141755e+02
7.104103990529683221e-01 1.508993521912464075e+02 3.049473264278141755e+02
7.261972968097009096e-01 1.460851799277415353e+02 3.049473264278141755e+02
7.419841945664336080e-01 1.412710076642366630e+02 3.049473264278141755e+02
7.577710923231661955e-01 1.364568354007317907e+02 3.049473264278132660e+02
7.735579900798987829e-01 1.316426631372269469e+02 3.049473264278132660e+02
7.893448878366314814e-01 1.268284908737220746e+02 3.049473264278137208e+02
8.051317855933640688e-01 1.220143186102172166e+02 3.049473264278137208e+02
8.209186833500967673e-01 1.172001463467123443e+02 3.049473264278141755e+02
8.367055811068293547e-01 1.123859740832074721e+02 3.049473264278137208e+02
8.524924788635619421e-01 1.075718018197026140e+02 3.049473264278132660e+02
8.682793766202946406e-01 1.027576295561977560e+02 3.049473264278132660e+02
8.840662743770272280e-01 9.794345729269289791e+01 3.049473264278132660e+02
8.998531721337598155e-01 9.312928502918803986e+01 3.049473264278137208e+02
9.156400698904925139e-01 8.831511276568316759e+01 3.049473264278137208e+02
9.314269676472251014e-01 8.350094050217830954e+01 3.081711935327464857e+02
9.472138654039576888e-01 7.858497851793970312e+01 3.150815276203830990e+02
9.630007631606903873e-01 7.355262077902207807e+01 3.118576605154494246e+02
9.787876609174229747e-01 6.873844851551723423e+01 3.066887366564505442e+02
9.945745586741556732e-01 6.386929332154831229e+01 3.019590605599450441e+02
1.010361456430888261e+00 5.920445488395945688e+01 2.838939421397408296e+02
1.026148354187620848e+00 5.490568404491659749e+01 2.606380399670998145e+02
1.041935251944353436e+00 5.097512270700786274e+01 2.378666656175601588e+02
1.057722149701086245e+00 4.739533058523793585e+01 2.115822527091846155e+02
1.073509047457818832e+00 4.429466792568973688e+01 1.893424315126107444e+02
1.089295945214551420e+00 4.141707137063646371e+01 1.651733974573740227e+02
1.105082842971284007e+00 3.907951685010628751e+01 1.384225221200853184e+02
1.120869740728016595e+00 3.704654696275876802e+01 1.252771857933136914e+02
1.136656638484749404e+00 3.512404060336580613e+01 1.179055777666915219e+02
1.152443536241481992e+00 3.332382036045627416e+01 1.036580484074988959e+02
1.168230433998214579e+00 3.185116257962255304e+01 8.570033887961925245e+01
1.184017331754947167e+00 3.061793538523649971e+01 7.436632926247388298e+01
1.199804229511679754e+00 2.950313530640217508e+01 6.568434347649720451e+01
1.215591127268412341e+00 2.854403135587336138e+01 5.712443412390667419e+01
1.231378025025145151e+00 2.769950010455152878e+01 4.607466627274189364e+01
1.247164922781877738e+00 2.708927926462665425e+01 3.108524702948083984e+01
1.262951820538610326e+00 2.671802087135714743e+01 1.874230031781837980e+01
1.278738718295342913e+00 2.649751370693990182e+01 9.674123779137618229e+00
1.294525616052075501e+00 2.641257206538270452e+01 -2.141538852027493611e+00
1.310312513808808310e+00 2.656513021673795905e+01 -1.403277744070626731e+01
1.326099411565540898e+00 2.685564011078153257e+01 -2.447070434808864192e+01
1.341886309322273485e+00 2.733776323189497504e+01 -3.356821645983477964e+01
1.357673207079006072e+00 2.791551611303609448e+01 -3.814524086855757901e+01
1.373460104835738660e+00 2.854215326689068988e+01 -4.213317095036922666e+01
1.389247002592471247e+00 2.924582023695692712e+01 -4.868239297358915252e+01
1.405033900349204057e+00 3.007924118774495170e+01 -5.377971444084251829e+01
1.420820798105936644e+00 3.094384994348464346e+01 -5.390902260508276100e+01
1.436607695862669232e+00 3.178135364380861105e+01 -5.189928205301632147e+01
1.452394593619401819e+00 3.258250726232223826e+01 -4.652648469436000056e+01
1.468181491376134407e+00 3.325037135750870476e+01 -4.169303399943382260e+01
1.483968389132867216e+00 3.389891459215631642e+01 -3.770028375723197911e+01
1.499755286889599804e+00 3.444071240765916286e+01 -2.658359141298064898e+01
1.515542184646332391e+00 3.473825947144327841e+01 -1.241042831703290972e+01
1.531329082403064978e+00 3.483255673357567872e+01 -6.535869512139417914e+00
1.547115980159797566e+00 3.494462167892226034e+01 -1.508998118216302142e+00
1.562902877916530375e+00 3.488020153159044412e+01 5.322726637656349347e+00
1.578689775673262963e+00 3.477656299649082428e+01 1.119990449858645754e+01
1.594476673429995550e+00 3.452657803718173568e+01 1.846528478469998191e+01
1.610263571186728138e+00 3.419354387060080569e+01 2.401494793475007583e+01
1.626050468943460725e+00 3.376833498182342197e+01 2.737227131446151773e+01
1.641837366700193535e+00 3.332929737337890685e+01 3.595320912065955099e+01
1.657624264456926122e+00 3.263315570899486318e+01 4.591645276043876578e+01
1.673411162213658709e+00 3.187954068321712597e+01 4.959736047780262425e+01
1.689198059970391297e+00 3.106717879126109949e+01 5.587859654548742583e+01
1.704984957727123884e+00 3.011524130231047991e+01 6.263427351785145447e+01
1.720771855483856472e+00 2.908957704707400538e+01 6.490257833117921393e+01
1.736558753240589281e+00 2.806602056578516624e+01 6.595408133033149056e+01
1.752345650997321869e+00 2.700715636987166235e+01 6.592320033137893631e+01
1.768132548754054456e+00 2.598457491892900251e+01 6.415198074766880154e+01
1.783919446510787044e+00 2.498163484796100775e+01 6.431823440383358559e+01
1.799706344267519631e+00 2.395380413807523468e+01 6.226294300863008147e+01
1.815493242024252440e+00 2.301575741733998015e+01 5.900889048388181379e+01
1.831280139780985028e+00 2.209066949646068423e+01 5.698622226790241996e+01
1.847067037537717615e+00 2.121648608836834882e+01 5.673292405636332347e+01
1.862853935294450203e+00 2.029939575342411473e+01 5.803155069345368844e+01
1.878640833051182790e+00 1.938420977344394913e+01 5.853654800748675058e+01
1.894427730807915378e+00 1.845117475657158579e+01 5.881170120768662457e+01
1.910214628564648187e+00 1.752730114571343378e+01 5.873011220516689690e+01
1.926001526321380775e+00 1.659684220332277604e+01 5.904785957581268718e+01
1.941788424078113362e+00 1.566293610195891262e+01 6.026028410208837016e+01
1.957575321834845949e+00 1.469419631550011651e+01 6.024664760471502944e+01
1.973362219591578537e+00 1.376072077011583872e+01 5.863787444822992256e+01
1.989149117348311346e+00 1.284277605832745550e+01 5.737465180212917915e+01
2.004936015105043712e+00 1.194918524645914104e+01 5.619308485028722799e+01
2.020722912861776521e+00 1.106854708799368403e+01 5.472194660584546000e+01
2.036509810618509331e+00 1.022140569422741230e+01 5.215276359442266596e+01
2.052296708375241696e+00 9.421886394801287423e+00 4.894977281057031604e+01
2.068083606131974506e+00 8.675875577075883527e+00 4.548935371069497080e+01
2.083870503888706871e+00 7.985614842700112348e+00 4.192320969713794199e+01
2.099657401645439680e+00 7.352200726830326438e+00 3.758601693963440482e+01
2.115444299402172490e+00 6.798881629682454353e+00 3.228904999663902942e+01
2.131231197158904855e+00 6.332712864912389605e+00 2.685182726432424971e+01
2.147018094915637665e+00 5.951067526475789293e+00 2.121385850620420399e+01
2.162804992672370030e+00 5.662910834385912473e+00 1.487433329094189105e+01
2.178591890429102840e+00 5.481428368748461288e+00 8.690088140733939426e+00
2.194378788185835649e+00 5.388531768436389591e+00 2.247857004334217645e+00
2.210165685942568015e+00 5.410454991350102105e+00 -3.885014313170596534e+00
2.225952583699300824e+00 5.511196415927323677e+00 -9.169199569835001284e+00
2.241739481456033189e+00 5.699961423590226062e+00 -1.428120141707792889e+01
2.257526379212765999e+00 5.962108149156752468e+00 -1.812598726024310380e+01
2.273313276969498808e+00 6.272267638824818192e+00 -2.043427681468312684e+01
2.289100174726231174e+00 6.607295826769101765e+00 -2.167547068709337665e+01
2.304887072482963983e+00 6.956644517957214724e+00 -2.189322675286802067e+01
2.320673970239696349e+00 7.298548091394083670e+00 -2.146726775157760869e+01
2.336460867996429158e+00 7.634447640178333216e+00 -2.000546168859162321e+01
2.352247765753161524e+00 7.930196447902138956e+00 -1.680096135951216496e+01
2.368034663509894333e+00 8.164917758573201567e+00 -1.410388509145897018e+01
2.383821561266627143e+00 8.375509631725275739e+00 -1.253416178214268761e+01
2.399608459023359508e+00 8.560668819615266045e+00 -1.083832068720953146e+01
2.415395356780092317e+00 8.717716552812589725e+00 -8.424557559328064826e+00
2.431182254536824683e+00 8.826664077284908316e+00 -5.484060197935180625e+00
2.446969152293557492e+00 8.890869148085728924e+00 -3.249120101894437340e+00
2.462756050050290302e+00 8.929251130980812690e+00 -1.916716447003179891e+00
2.478542947807022667e+00 8.951387161240702994e+00 1.168975560202995867e+00
2.494329845563755477e+00 8.892342135682724802e+00 6.044860200021323848e+00
2.510116743320487842e+00 8.760527981377745022e+00 1.009904526471931341e+01
2.525903641077220652e+00 8.573476945613247580e+00 1.309405412201415331e+01
2.541690538833953461e+00 8.347098994087023272e+00 1.537869965620517654e+01
2.557477436590685826e+00 8.087913027405226885e+00 1.784129175941916401e+01
2.573264334347418636e+00 7.783781696379049819e+00 1.971008409069554901e+01
2.589051232104151001e+00 7.465590862772400804e+00 1.885351741309227336e+01
2.604838129860883811e+00 7.188504592868517840e+00 1.743542887035280131e+01
2.620625027617616620e+00 6.915088196930312847e+00 1.723115976181921738e+01
2.636411925374348986e+00 6.644451478088987173e+00 1.676218781354776510e+01
2.652198823131081795e+00 6.385842306547056424e+00 1.645458074796382419e+01
2.667985720887814161e+00 6.124917910292975165e+00 1.549879146606507696e+01
2.683772618644546970e+00 5.896486634091677281e+00 1.410289680436600079e+01
2.699559516401279780e+00 5.679635930444420389e+00 1.426377626902283424e+01
2.715346414158012145e+00 5.446125078923731877e+00 1.235680048553048493e+01
2.731133311914744954e+00 5.289484838713592652e+00 7.599003540892843134e+00
2.746920209671477320e+00 5.206195695017482805e+00 3.196796376053209432e+00
2.762707107428210129e+00 5.188549843637901837e+00 -2.294909533777013344e+00
2.778494005184942495e+00 5.278654699358860114e+00 -7.972828624236598216e+00
2.794280902941675304e+00 5.440282304283450721e+00 -1.335569890141166205e+01
2.810067800698408114e+00 5.700344805411444504e+00 -2.109324147078671530e+01
2.825854698455140479e+00 6.106275997198215677e+00 -2.785868584571123208e+01
2.841641596211873289e+00 6.579949255577799860e+00 -3.206017306888176677e+01
2.857428493968605654e+00 7.118537345801394522e+00 -3.719918684497978489e+01
2.873215391725338463e+00 7.754468774288378441e+00 -4.226286999157477453e+01
2.889002289482071273e+00 8.452936560727543736e+00 -4.609933719206779301e+01
2.904789187238803638e+00 9.209999820097010570e+00 -4.976395337782633277e+01
2.920576084995536448e+00 1.002417344862065107e+01 -5.036406268867602876e+01
2.936362982752268813e+00 1.080018443665661287e+01 -4.872451995172703931e+01
2.952149880509001623e+00 1.156259147806823862e+01 -4.729999012059362684e+01
2.967936778265734432e+00 1.229362465251316294e+01 -4.403644461700861257e+01
2.983723676022466798e+00 1.295298917554570650e+01 -3.915512316495164669e+01
2.999510573779199607e+00 1.352990050462789284e+01 -3.636696658254923165e+01
3.015297471535931972e+00 1.410123234186814045e+01 -3.177881951852598874e+01
3.031084369292664782e+00 1.453327845376515093e+01 -2.180469923392004006e+01
3.046871267049397591e+00 1.478968945671254431e+01 -1.682996817108274001e+01
3.062658164806129957e+00 1.506466442729704625e+01 -1.419764654387481961e+01
3.078445062562862766e+00 1.523796304546130465e+01 -9.626125496071137988e+00
3.094231960319595132e+00 1.536859774529695066e+01 -7.377202762686665416e+00
3.110018858076327941e+00 1.547088933695174440e+01 -3.270205483389366563e+00
3.125805755833060751e+00 1.547185054451649933e+01 -2.099496320632131763e+00
3.141592653589793116e+00 1.553717840446065601e+01 -4.138106229027571636e+00
