0.000000000000000000e+00 1.093730185536271051e+02 5.690629592755310107e+00
1.578689775673262907e-02 1.092831811660748400e+02 1.138125918550971960e+01
3.157379551346525814e-02 1.090136690034180731e+02 2.276251837101898801e+01
4.736069327019788722e-02 1.085644820656567902e+02 3.414377755652825641e+01
6.314759102693051629e-02 1.079356203527910054e+02 3.983440714928356385e+01
7.893448878366314536e-02 1.073067586399251923e+02 3.983440714928356385e+01
9.472138654039577443e-02 1.066778969270594075e+02 3.983440714928356385e+01
1.105082842971284035e-01 1.060490352141935944e+02 3.983440714928356385e+01
1.262951820538610326e-01 1.054201735013278096e+02 3.983440714928266857e+01
1.420820798105936755e-01 1.047913117884620249e+02 3.983440714928356385e+01
1.578689775673262907e-01 1.041624500755962117e+02 3.983440714928356385e+01
1.736558753240589059e-01 1.035335883627304270e+02 3.983440714928311621e+01
1.894427730807915489e-01 1.029047266498646280e+02 3.983440714928356385e+01
2.052296708375241918e-01 1.022758649369988291e+02 3.983440714928311621e+01
2.210165685942568070e-01 1.016470032241330443e+02 3.983440714928311621e+01
2.368034663509894222e-01 1.010181415112672454e+02 3.983440714928356385e+01
2.525903641077220652e-01 1.003892797984014464e+02 3.983440714928356385e+01
2.683772618644547081e-01 9.976041808553564749e+01 3.983440714928356385e+01
2.841641596211873511e-01 9.913155637266984854e+01 3.983440714928311621e+01
2.999510573779199385e-01 9.850269465980406380e+01 3.983440714928311621e+01
3.157379551346525814e-01 9.787383294693826485e+01 3.983440714928356385e+01
3.315248528913852244e-01 9.724497123407246590e+01 3.983440714928356385e+01
3.473117506481178118e-01 9.661610952120666695e+01 3.983440714928356385e+01
3.630986484048504548e-01 9.598724780834086800e+01 3.983440714928311621e+01
3.788855461615830977e-01 9.535838609547508327e+01 3.983440714928311621e+01
3.946724439183157407e-01 9.472952438260928432e+01 3.983440714928356385e+01
4.104593416750483836e-01 9.410066266974348537e+01 3.983440714928356385e+01
4.262462394317809711e-01 9.347180095687768642e+01 3.983440714928266857e+01
4.420331371885136140e-01 9.284293924401191589e+01 3.983440714928266857e+01
4.578200349452462570e-01 9.221407753114611694e+01 3.983440714928356385e+01
4.736069327019788444e-01 9.158521581828031799e+01 3.983440714928401860e+01
4.893938304587114874e-01 9.095635410541450483e+01 3.983440714928311621e+01
5.051807282154441303e-01 9.032749239254873430e+01 3.983440714928266857e+01
5.209676259721767178e-01 8.969863067968293535e+01 3.983440714928356385e+01
5.367545237289094162e-01 8.906976896681713640e+01 3.983440714928356385e+01
5.525414214856420037e-01 8.844090725395133745e+01 3.983440714928401860e+01
5.683283192423747021e-01 8.781204554108552429e+01 3.983440714928311621e+01
5.841152169991072896e-01 8.718318382821975376e+01 3.983440714928266857e+01
5.999021147558398770e-01 8.655432211535395481e+01 3.983440714928401860e+01
6.156890125125725755e-01 8.592546040248814165e+01 3.983440714928356385e+01
6.314759102693051629e-01 8.529659868962235691e+01 3.983440714928266857e+01
6.472628080260377503e-01 8.466773697675657218e+01 3.983440714928311621e+01
6.630497057827704488e-01 8.403887526389077323e+01 3.983440714928356385e+01
6.788366035395030362e-01 8.341001355102497428e+01 3.983440714928356385e+01
6.946235012962356237e-01 8.278115183815917533e+01 3.983440714928356385e+01
7.104103990529683221e-01 8.215229012529337638e+01 3.983440714928311621e+01
7.261972968097009096e-01 8.152342841242759164e+01 3.983440714928311621e+01
7.419841945664336080e-01 8.089456669956179269e+01 3.983440714928356385e+01
7.577710923231661955e-01 8.026570498669599374e+01 3.983440714928356385e+01
7.735579900798987829e-01 7.963684327383019479e+01 3.983440714928356385e+01
7.893448878366314814e-01 7.900798156096439584e+01 3.983440714928266857e+01
8.051317855933640688e-01 7.837911984809862531e+01 3.983440714928311621e+01
8.209186833500967673e-01 7.775025813523281215e+01 3.983440714928401860e+01
8.367055811068293547e-01 7.712139642236701320e+01 3.983440714928311621e+01
8.524924788635619421e-01 7.649253470950122846e+01 3.983440714928356385e+01
8.682793766202946406e-01 7.586367299663541530e+01 3.983440714928311621e+01
8.840662743770272280e-01 7.523481128376964477e+01 3.983440714928311621e+01
8.998531721337598155e-01 7.460594957090383161e+01 3.983440714928356385e+01
9.156400698904925139e-01 7.397708785803804687e+01 3.983440714928311621e+01
9.314269676472251014e-01 7.334822614517224793e+01 3.983440714928311621e+01
9.472138654039576888e-01 7.271936443230646319e+01 3.983440714928311621e+01
9.630007631606903873e-01 7.209050271944066424e+01 3.983440714928356385e+01
9.787876609174229747e-01 7.146164100657486529e+01 3.983440714928356385e+01
9.945745586741556732e-01 7.083277929370906634e+01 3.983440714928356385e+01
1.010361456430888261e+00 7.020391758084326739e+01 3.983440714928311621e+01
1.026148354187620848e+00 6.957505586797748265e+01 3.983440714928311621e+01
1.041935251944353436e+00 6.894619415511168370e+01 3.983440714928356385e+01
1.057722149701086245e+00 6.831733244224588475e+01 3.983440714928311621e+01
1.073509047457818832e+00 6.768847072938010001e+01 3.983440714928356385e+01
1.089295945214551420e+00 6.705960901651428685e+01 3.983440714928356385e+01
1.105082842971284007e+00 6.643074730364850211e+01 3.983440714928311621e+01
1.120869740728016595e+00 6.580188559078270316e+01 3.983440714928356385e+01
1.136656638484749404e+00 6.517302387791690421e+01 3.983440714928311621e+01
1.152443536241481992e+00 6.454416216505111947e+01 3.983440714928311621e+01
1.168230433998214579e+00 6.391530045218532052e+01 3.983440714928356385e+01
1.184017331754947167e+00 6.328643873931952157e+01 3.983440714928311621e+01
1.199804229511679754e+00 6.265757702645373683e+01 3.983440714928334359e+01
1.215591127268412341e+00 6.202871531358793078e+01 3.983440714928334359e+01
1.231378025025145151e+00 6.139985360072214604e+01 3.983440714928334359e+01
1.247164922781877738e+00 6.077099188785633999e+01 3.983440714928379123e+01
1.262951820538610326e+00 6.014213017499054104e+01 3.983440714928311621e+01
1.278738718295342913e+00 5.951326846212475630e+01 3.983440714928334359e+01
1.294525616052075501e+00 5.888440674925895024e+01 3.983440714928334359e+01
1.310312513808808310e+00 5.825554503639316550e+01 3.983440714928334359e+01
1.326099411565540898e+00 5.762668332352735945e+01 3.983440714928356385e+01
1.341886309322273485e+00 5.699782161066156760e+01 3.983440714928288884e+01
1.357673207079006072e+00 5.636895989779578287e+01 3.983440714928334359e+01
1.373460104835738660e+00 5.574009818492997681e+01 3.983440714928356385e+01
1.389247002592471247e+00 5.511123647206418497e+01 3.983440714928311621e+01
1.405033900349204057e+00 5.448237475919839312e+01 3.983440714928311621e+01
1.420820798105936644e+00 5.385351304633260128e+01 3.983440714928334359e+01
1.436607695862669232e+00 5.322465133346680233e+01 3.983440714928356385e+01
1.452394593619401819e+00 5.259578962060100338e+01 3.983440714928334359e+01
1.468181491376134407e+00 5.196692790773521153e+01 3.983440714928334359e+01
1.483968389132867216e+00 5.133806619486941258e+01 3.983440714928334359e+01
1.499755286889599804e+00 5.070920448200362074e+01 3.983440714928334359e+01
1.515542184646332391e+00 5.008034276913782179e+01 3.983440714928356385e+01
1.531329082403064978e+00 4.945148105627202284e+01 3.983440714928334359e+01
1.547115980159797566e+00 4.882261934340623100e+01 3.983560143278708665e+01
1.562902877916530375e+00 4.819371992247729963e+01 4.863708627528905737e+01
1.578689775673262963e+00 4.728696192697948675e+01 4.863589199178530720e+01
1.594476673429995550e+00 4.665810021411368780e+01 3.955370427712058046e+01
1.610263571186728138e+00 4.603810135633360545e+01 3.836217461139776219e+01
1.626050468943460725e+00 4.544686075748156640e+01 4.010060013927956390e+01
1.641837366700193535e+00 4.477197320756875598e+01 4.642131039431196626e+01
1.657624264456926122e+00 4.398116379562446099e+01 5.443872788025319664e+01
1.673411162213658709e+00 4.305313594546446154e+01 4.756594977041656591e+01
1.689198059970391297e+00 4.247932622416956860e+01 4.803503930215941864e+01
1.704984957727123884e+00 4.153648743705681312e+01 6.582672381204291412e+01
1.720771855483856472e+00 4.040092670720677148e+01 7.656575750875995823e+01
1.736558753240589281e+00 3.911901586614165893e+01 8.173237880236686692e+01
1.752345650997321869e+00 3.782032529207175742e+01 8.119470309823277887e+01
1.768132548754054456e+00 3.655539091374153315e+01 7.870221187485468306e+01
1.783919446510787044e+00 3.533539774787767840e+01 8.221467072333696535e+01
1.799706344267519631e+00 3.395956171211601315e+01 8.546103821893522934e+01
1.815493242024252440e+00 3.263706840278457832e+01 8.022369145190832285e+01
1.831280139780985028e+00 3.142659528287812876e+01 7.464790399299580770e+01
1.847067037537717615e+00 3.028015074660094186e+01 7.523798779497923306e+01
1.862853935294450203e+00 2.905104644139485970e+01 7.829593160677785590e+01
1.878640833051182790e+00 2.780805101251227640e+01 7.762194743842250944e+01
1.894427730807915378e+00 2.660022694561715895e+01 7.727955785856839555e+01
1.910214628564648187e+00 2.536804205531483092e+01 8.052431239492484849e+01
1.926001526321380775e+00 2.405776877219740584e+01 8.331686687136578939e+01
1.941788424078113362e+00 2.273741233789571936e+01 8.429250152576861410e+01
1.957575321834845949e+00 2.139633456570432912e+01 8.088253140523924856e+01
1.973362219591578537e+00 2.018364383069526369e+01 7.646614256429620582e+01
1.989149117348311346e+00 1.898200821667575866e+01 7.664454974084989658e+01
2.004936015105043712e+00 1.776368448995605220e+01 7.538606972462521583e+01
2.020722912861776521e+00 1.660178386662660799e+01 7.081900957103644600e+01
2.036509810618509331e+00 1.552765956329400865e+01 6.675579577421807187e+01
2.052296708375241696e+00 1.449405002151279831e+01 6.515735104226736496e+01
2.068083606131974506e+00 1.347039468528638650e+01 6.390162967779116343e+01
2.083870503888706871e+00 1.247643303308903739e+01 6.073599886200072007e+01
2.099657401645439680e+00 1.155272867691151717e+01 5.690279249414014373e+01
2.115444299402172490e+00 1.067979589873391078e+01 5.443040767819692149e+01
2.131231197158904855e+00 9.834154115165578247e+00 5.263942059721365752e+01
2.147018094915637665e+00 9.017769596850195413e+00 5.046724924604439622e+01
2.162804992672370030e+00 8.240711507343888798e+00 4.640859611450080280e+01
2.178591890429102840e+00 7.552474073063948801e+00 4.194227871339227676e+01
2.194378788185835649e+00 6.916434575878474433e+00 3.853765891293995338e+01
2.210165685942568015e+00 6.335693910979110832e+00 3.449926660260598510e+01
2.225952583699300824e+00 5.827161786803271681e+00 2.925911527782227139e+01
2.241739481456033189e+00 5.411872588292243158e+00 2.465439682381032327e+01
2.257526379212765999e+00 5.048728902980457178e+00 2.023259485024738424e+01
2.273313276969498808e+00 4.773052775783741986e+00 1.547920865017924719e+01
2.289100174726231174e+00 4.559991534349435049e+00 1.092362149729651222e+01
2.304887072482963983e+00 4.428152584361608746e+00 6.395431139601185144e+00
2.320673970239696349e+00 4.358063499327219148e+00 2.701392311165792037e+00
2.336460867996429158e+00 4.342859375927212717e+00 -1.640813473638590703e-01
2.352247765753161524e+00 4.363244170236459496e+00 -3.768652885036023470e+00
2.368034663509894333e+00 4.461850051480571011e+00 -7.472181771347755408e+00
2.383821561266627143e+00 4.599169309524436144e+00 -1.084393883471529385e+01
2.399608459023359508e+00 4.804234358808396443e+00 -1.326767764351966150e+01
2.415395356780092317e+00 5.018080250379500562e+00 -1.428824984885553917e+01
2.431182254536824683e+00 5.255368637781462127e+00 -1.611248881133207078e+01
2.446969152293557492e+00 5.526812677321496281e+00 -1.749278726800077166e+01
2.462756050050290302e+00 5.807682325941867063e+00 -1.730302709023342445e+01
2.478542947807022667e+00 6.073134916432476160e+00 -1.591743245764416770e+01
2.494329845563755477e+00 6.310256083458918752e+00 -1.236327092100049718e+01
2.510116743320487842e+00 6.463490304369717165e+00 -9.443095244143602685e+00
2.525903641077220652e+00 6.608410441711685124e+00 -7.677217274878388231e+00
2.541690538833953461e+00 6.705889192719170389e+00 -5.528194422461480073e+00
2.557477436590685826e+00 6.782956521965163077e+00 -4.127834203778993682e+00
2.573264334347418636e+00 6.836220585782776027e+00 -2.456889761376652270e+00
2.589051232104151001e+00 6.860529856889995948e+00 -1.906834275140509405e+00
2.604838129860883811e+00 6.896426581264129219e+00 -2.848413995721915892e+00
2.620625027617616620e+00 6.950465097928612224e+00 -1.806081949919533303e+00
2.636411925374348986e+00 6.953451443431449164e+00 -6.937036005072585443e-01
2.652198823131081795e+00 6.972367953557983000e+00 1.000298073881881189e+00
2.667985720887814161e+00 6.921868236594189483e+00 4.260117906552942202e+00
2.683772618644546970e+00 6.837859861913228698e+00 6.560196294417206531e+00
2.699559516401279780e+00 6.714737940266068073e+00 9.867671753776381394e+00
2.715346414158012145e+00 6.526300011765496123e+00 1.343328403320485798e+01
2.731133311914744954e+00 6.290598177127360024e+00 1.522340398881975787e+01
2.746920209671477320e+00 6.045639367203629710e+00 1.756954854262047760e+01
2.762707107428210129e+00 5.735860844178759521e+00 1.974866999673765378e+01
2.778494005184942495e+00 5.422098899063728439e+00 2.044442636023304161e+01
2.794280902941675304e+00 5.090352706890662660e+00 2.024133808453312966e+01
2.810067800698408114e+00 4.783003029463762878e+00 1.833531843659698524e+01
2.825854698455140479e+00 4.511437111899279984e+00 1.634743182251206406e+01
2.841641596211873289e+00 4.266852559929452227e+00 1.508283570804581331e+01
2.857428493968605654e+00 4.035214741490249502e+00 1.265087358351195945e+01
2.873215391725338463e+00 3.867416464336946191e+00 9.913677250068531066e+00
2.889002289482071273e+00 3.722202323210093144e+00 8.289742001677074867e+00
2.904789187238803638e+00 3.605677845516610081e+00 7.204889030754584311e+00
2.920576084995536448e+00 3.494716630255839007e+00 6.664414827176984524e+00
2.936362982752268813e+00 3.395256974546418061e+00 5.472543614053444472e+00
2.952149880509001623e+00 3.321927657247195409e+00 2.614307688090308890e+00
2.967936778265734432e+00 3.312713358193374535e+00 -4.093689224924816350e-01
2.983723676022466798e+00 3.334852987895540632e+00 -4.205284535378809530e+00
2.999510573779199607e+00 3.445490152189362831e+00 -1.071732154290937267e+01
3.015297471535931972e+00 3.673239506743417149e+00 -1.605850032631906288e+01
3.031084369292664782e+00 3.952517957745476096e+00 -1.870203962562936439e+01
3.046871267049397591e+00 4.263733881567763007e+00 -2.037131208475189581e+01
3.062658164806129957e+00 4.595717599850416057e+00 -2.071612687348904203e+01
3.078445062562862766e+00 4.917820635302308396e+00 -1.757005167518097011e+01
3.094231960319595132e+00 5.150470818603597678e+00 -1.439038238768805300e+01
3.110018858076327941e+00 5.372179626171742939e+00 -1.009400713941717598e+01
3.125805755833060751e+00 5.469176935935013972e+00 -4.067385981645047721e+00
3.141592653589793116e+00 5.500602439430538837e+00 -1.990606639744838313e+00
