0.000000000000000000e+00 4.594926274271205671e+02 3.809440240848875447e+01
1.578689775673262907e-02 4.588912349911939259e+02 7.618880481697210882e+01
3.157379551346525814e-02 4.570870576834141730e+02 1.523776096339442176e+02
4.736069327019788722e-02 4.540800955037811377e+02 2.285664144509199218e+02
6.314759102693051629e-02 4.498703484522948770e+02 2.666608168594050881e+02
7.893448878366314536e-02 4.456606014008086731e+02 2.666608168594032691e+02
9.472138654039577443e-02 4.414508543493224693e+02 2.666608168594050881e+02
1.105082842971284035e-01 4.372411072978362085e+02 2.666608168594050881e+02
1.262951820538610326e-01 4.330313602463500047e+02 2.666608168594032691e+02
1.420820798105936755e-01 4.288216131948638008e+02 2.666608168594050881e+02
1.578689775673262907e-01 4.246118661433775401e+02 2.666608168594050881e+02
1.736558753240589059e-01 4.204021190918913362e+02 2.666608168594050881e+02
1.894427730807915489e-01 4.161923720404050755e+02 2.666608168594050881e+02
2.052296708375241918e-01 4.119826249889188716e+02 2.666608168594032691e+02
2.210165685942568070e-01 4.077728779374326677e+02 2.666608168594050881e+02
2.368034663509894222e-01 4.035631308859464070e+02 2.666608168594050881e+02
2.525903641077220652e-01 3.993533838344602032e+02 2.666608168594032691e+02
2.683772618644547081e-01 3.951436367829739993e+02 2.666608168594050881e+02
2.841641596211873511e-01 3.909338897314877386e+02 2.666608168594068502e+02
2.999510573779199385e-01 3.867241426800014779e+02 2.666608168594032691e+02
3.157379551346525814e-01 3.825143956285153308e+02 2.666608168594032691e+02
3.315248528913852244e-01 3.783046485770290701e+02 2.666608168594086692e+02
3.473117506481178118e-01 3.740949015255427526e+02 2.666608168594050881e+02
3.630986484048504548e-01 3.698851544740566055e+02 2.666608168594032691e+02
3.788855461615830977e-01 3.656754074225703448e+02 2.666608168594050881e+02
3.946724439183157407e-01 3.614656603710841409e+02 2.666608168594050881e+02
4.104593416750483836e-01 3.572559133195978802e+02 2.666608168594068502e+02
4.262462394317809711e-01 3.530461662681116195e+02 2.666608168594050881e+02
4.420331371885136140e-01 3.488364192166254156e+02 2.666608168594050881e+02
4.578200349452462570e-01 3.446266721651391549e+02 2.666608168594050881e+02
4.736069327019788444e-01 3.404169251136529510e+02 2.666608168594050881e+02
4.893938304587114874e-01 3.362071780621666903e+02 2.666608168594050881e+02
5.051807282154441303e-01 3.319974310106804865e+02 2.666608168594032691e+02
5.209676259721767178e-01 3.277876839591942826e+02 2.666608168594050881e+02
5.367545237289094162e-01 3.235779369077080219e+02 2.666608168594050881e+02
5.525414214856420037e-01 3.193681898562218180e+02 2.666608168594032691e+02
5.683283192423747021e-01 3.151584428047356141e+02 2.666608168594050881e+02
5.841152169991072896e-01 3.109486957532493534e+02 2.666608168594050881e+02
5.999021147558398770e-01 3.067389487017631495e+02 2.666608168594032691e+02
6.156890125125725755e-01 3.025292016502769457e+02 2.666608168594050881e+02
6.314759102693051629e-01 2.983194545987906849e+02 2.666608168594050881e+02
6.472628080260377503e-01 2.941097075473044811e+02 2.666608168594050881e+02
6.630497057827704488e-01 2.898999604958182204e+02 2.666608168594068502e+02
6.788366035395030362e-01 2.856902134443319596e+02 2.666608168594050881e+02
6.946235012962356237e-01 2.814804663928457558e+02 2.666608168594050881e+02
7.104103990529683221e-01 2.772707193413594950e+02 2.666608168594068502e+02
7.261972968097009096e-01 2.730609722898732343e+02 2.666608168594032691e+02
7.419841945664336080e-01 2.688512252383870873e+02 2.666608168594032691e+02
7.577710923231661955e-01 2.646414781869008266e+02 2.666608168594068502e+02
7.735579900798987829e-01 2.604317311354145659e+02 2.666608168594050881e+02
7.893448878366314814e-01 2.562219840839283620e+02 2.666608168594041786e+02
8.051317855933640688e-01 2.520122370324421297e+02 2.666608168594050881e+02
8.209186833500967673e-01 2.478024899809558974e+02 2.666608168594041786e+02
8.367055811068293547e-01 2.435927429294696935e+02 2.666608168594041786e+02
8.524924788635619421e-01 2.393829958779834612e+02 2.666608168594050881e+02
8.682793766202946406e-01 2.351732488264972289e+02 2.666608168594041786e+02
8.840662743770272280e-01 2.309635017750110251e+02 2.666608168594041786e+02
8.998531721337598155e-01 2.267537547235247928e+02 2.666608168594059407e+02
9.156400698904925139e-01 2.225440076720385321e+02 2.666608168594059407e+02
9.314269676472251014e-01 2.183342606205522998e+02 2.666608168594041786e+02
9.472138654039576888e-01 2.141245135690660959e+02 2.666608168594041786e+02
9.630007631606903873e-01 2.099147665175798636e+02 2.666608168594050881e+02
9.787876609174229747e-01 2.057050194660936313e+02 2.666608168594050881e+02
9.945745586741556732e-01 2.014952724146073990e+02 2.666608168594050881e+02
1.010361456430888261e+00 1.972855253631211667e+02 2.666608168594050881e+02
1.026148354187620848e+00 1.930757783116349344e+02 2.666608168594050881e+02
1.041935251944353436e+00 1.888660312601487021e+02 2.666608168594050881e+02
1.057722149701086245e+00 1.846562842086624698e+02 2.666608168594050881e+02
1.073509047457818832e+00 1.804465371571762375e+02 2.666608168594059407e+02
1.089295945214551420e+00 1.762367901056899768e+02 2.666608168594050881e+02
1.105082842971284007e+00 1.720270430542037730e+02 2.666608168594041786e+02
1.120869740728016595e+00 1.678172960027175407e+02 2.666608168594041786e+02
1.136656638484749404e+00 1.636075489512313368e+02 2.666608168594041786e+02
1.152443536241481992e+00 1.593978018997451045e+02 2.666608168594050881e+02
1.168230433998214579e+00 1.551880548482588722e+02 2.666608168594050881e+02
1.184017331754947167e+00 1.509783077967726399e+02 2.666608168594041786e+02
1.199804229511679754e+00 1.467685607452864360e+02 2.666608168594041786e+02
1.215591127268412341e+00 1.425588136938002037e+02 2.666608168594050881e+02
1.231378025025145151e+00 1.383490666423139714e+02 2.666608168594050881e+02
1.247164922781877738e+00 1.341393195908277391e+02 2.666608168594050881e+02
1.262951820538610326e+00 1.299295725393415069e+02 2.666608168594050881e+02
1.278738718295342913e+00 1.257198254878552746e+02 2.666608168594046333e+02
1.294525616052075501e+00 1.215100784363690565e+02 2.666608168594046333e+02
1.310312513808808310e+00 1.173003313848828242e+02 2.666608168594046333e+02
1.326099411565540898e+00 1.130905843333966061e+02 2.666608168594046333e+02
1.341886309322273485e+00 1.088808372819103738e+02 2.666608168594050881e+02
1.357673207079006072e+00 1.046710902304241415e+02 2.615067960340979880e+02
1.373460104835738660e+00 1.006240751785482956e+02 2.661122150592902358e+02
1.389247002592471247e+00 9.626891756850682214e+01 2.712662358845968242e+02
1.405033900349204057e+00 9.205917051702060405e+01 2.596418291829083387e+02
1.420820798105936644e+00 8.807103954714359872e+01 2.555672865433957384e+02
1.436607695862669232e+00 8.398994127176824520e+01 2.554984400348635347e+02
1.452394593619401819e+00 8.000398404747345182e+01 2.486209303539955613e+02
1.468181491376134407e+00 7.614003485640370172e+01 2.594712798058334897e+02
1.483968389132867216e+00 7.181149091726693712e+01 2.558141518023848562e+02
1.499755286889599804e+00 6.806301113794464186e+01 2.277005987836705003e+02
1.515542184646332391e+00 6.462211877297772844e+01 2.263809031505159908e+02
1.531329082403064978e+00 6.091530679371666679e+01 2.029225577938271954e+02
1.547115980159797566e+00 5.821508342812609271e+01 1.647678520623196050e+02
1.562902877916530375e+00 5.571296032550809230e+01 1.509487350941744523e+02
1.578689775673262963e+00 5.344905893324639123e+01 1.187851315730748922e+02
1.594476673429995550e+00 5.196246287117975982e+01 9.178263759837302871e+01
1.610263571186728138e+00 5.055113270202887321e+01 9.228412913857457056e+01
1.626050468943460725e+00 4.904870264862018558e+01 7.617414568056065605e+01
1.641837366700193535e+00 4.814602580289793821e+01 8.351092523504549092e+01
1.657624264456926122e+00 4.641194577210857375e+01 1.114961645356294611e+02
1.673411162213658709e+00 4.462566870331429669e+01 1.080187102969974688e+02
1.689198059970391297e+00 4.300138510156293137e+01 1.062788770285057751e+02
1.704984957727123884e+00 4.127004117261553517e+01 1.070733144594937016e+02
1.720771855483856472e+00 3.962067416586991442e+01 1.026473044758870259e+02
1.736558753240589281e+00 3.802907617108547100e+01 1.040029464884691492e+02
1.752345650997321869e+00 3.633690640064511967e+01 9.493151130814500505e+01
1.768132548754054456e+00 3.503172804525788564e+01 7.585401573271553843e+01
1.783919446510787044e+00 3.394190721902518248e+01 7.206028569698534625e+01
1.799706344267519631e+00 3.275651132001938493e+01 7.379075639313791157e+01
1.815493242024252440e+00 3.161205296588431679e+01 7.139050884603764757e+01
1.831280139780985028e+00 3.050244199211235951e+01 6.886765813271819070e+01
1.847067037537717615e+00 2.943763961051064015e+01 6.926392008232060959e+01
1.862853935294450203e+00 2.831551714297216904e+01 7.386727535959310842e+01
1.878640833051182790e+00 2.710536936317001633e+01 7.771753381138098860e+01
1.894427730807915378e+00 2.586167962260080344e+01 7.984580212441565550e+01
1.910214628564648187e+00 2.458433433428510639e+01 8.152083744190666437e+01
1.926001526321380775e+00 2.328775737112360034e+01 8.443993578962189872e+01
1.941788424078113362e+00 2.191824506849344800e+01 8.718188321015057340e+01
1.957575321834845949e+00 2.053509441816749614e+01 8.550091154475626354e+01
1.973362219591578537e+00 1.921865677116443294e+01 8.052224687107991485e+01
1.989149117348311346e+00 1.799270146117525115e+01 7.674097329023339853e+01
2.004936015105043712e+00 1.679565297299430426e+01 7.336396542129480736e+01
2.020722912861776521e+00 1.567632261890635270e+01 6.827069565013810859e+01
2.036509810618509331e+00 1.464008798897482144e+01 6.300093985618474335e+01
2.052296708375241696e+00 1.368714382673105234e+01 5.902673648842998944e+01
2.068083606131974506e+00 1.277638988126193453e+01 5.787153139750910213e+01
2.083870503888706871e+00 1.185991992833501563e+01 5.736777620021133117e+01
2.099657401645439680e+00 1.096507144645422294e+01 5.504264235034889197e+01
2.115444299402172490e+00 1.012201479424429706e+01 5.248883827327157547e+01
2.131231197158904855e+00 9.307799600074597279e+00 5.004436954764774725e+01
2.147018094915637665e+00 8.541924103546579161e+00 4.700968764895544894e+01
2.162804992672370030e+00 7.823525335094604571e+00 4.467135151605995702e+01
2.178591890429102840e+00 7.131479985468375915e+00 4.066999722766432512e+01
2.194378788185835649e+00 6.539419159095132272e+00 3.551671802034659464e+01
2.210165685942568015e+00 6.010082393384545973e+00 3.174747531635355813e+01
2.225952583699300824e+00 5.537030865387799317e+00 2.717023452249560833e+01
2.241739481456033189e+00 5.152214964518375240e+00 2.255730681852618957e+01
2.257526379212765999e+00 4.824811072565157843e+00 1.840423292852939596e+01
2.273313276969498808e+00 4.571123477450804273e+00 1.332051197947320631e+01
2.289100174726231174e+00 4.404231951190606509e+00 9.361490296646472586e+00
2.304887072482963983e+00 4.275545697123199318e+00 6.379559351277740653e+00
2.320673970239696349e+00 4.202805048767348062e+00 2.425653774412865449e+00
2.336460867996429158e+00 4.198958600863422319e+00 -8.090393422093373754e-01
2.352247765753161524e+00 4.228349491520614123e+00 -3.805923364860245517e+00
2.368034663509894333e+00 4.319126046925439333e+00 -6.854051391715204389e+00
2.383821561266627143e+00 4.444757908601411955e+00 -8.621383286186492967e+00
2.399608459023359508e+00 4.591335839846698796e+00 -1.099385363432935314e+01
2.415395356780092317e+00 4.791875595156693812e+00 -1.355152321346931110e+01
2.431182254536824683e+00 5.019208862684756411e+00 -1.461762136436770909e+01
2.446969152293557492e+00 5.253409383008500910e+00 -1.521478970359706828e+01
2.462756050050290302e+00 5.499597521566506941e+00 -1.520428382085625429e+01
2.478542947807022667e+00 5.733466331296904528e+00 -1.484135364403961965e+01
2.494329845563755477e+00 5.968195386666436342e+00 -1.515408523261623053e+01
2.510116743320487842e+00 6.211938319625152971e+00 -1.455125380239344324e+01
2.525903641077220652e+00 6.427633698687740704e+00 -1.280876435024989846e+01
2.541690538833953461e+00 6.616359626000106964e+00 -1.115952524359039799e+01
2.557477436590685826e+00 6.779982266756217513e+00 -9.748843920684951314e+00
2.573264334347418636e+00 6.924167630444502564e+00 -7.866049921937438683e+00
2.589051232104151001e+00 7.028343318490179570e+00 -5.764499783173425485e+00
2.604838129860883811e+00 7.106174767835835127e+00 -3.036117874699694408e+00
2.620625027617616620e+00 7.124205083420724449e+00 2.017378899145219895e-01
2.636411925374348986e+00 7.099805136952356044e+00 2.886963121036922875e+00
2.652198823131081795e+00 7.033052700182189199e+00 6.008957997149025232e+00
2.667985720887814161e+00 6.910079525901370978e+00 1.000705465170425157e+01
2.683772618644546970e+00 6.717092002917207871e+00 1.318412910528833137e+01
2.699559516401279780e+00 6.493806529507871517e+00 1.645707056843408012e+01
2.715346414158012145e+00 6.197479822038802766e+00 1.838590336004765646e+01
2.731133311914744954e+00 5.913293776487392961e+00 1.902309104468351819e+01
2.746920209671477320e+00 5.596848635359933155e+00 2.002781588099431787e+01
2.762707107428210129e+00 5.280939613279546307e+00 1.933434564797998334e+01
2.778494005184942495e+00 4.986389959483956247e+00 1.810202904267631396e+01
2.794280902941675304e+00 4.709389849907275050e+00 1.715056174955313395e+01
2.810067800698408114e+00 4.444881629862506678e+00 1.528325826947067334e+01
2.825854698455140479e+00 4.226839378527531110e+00 1.455826857386269424e+01
2.841641596211873289e+00 3.985221834881258474e+00 1.414501848862089339e+01
2.857428493968605654e+00 3.780227457233629629e+00 1.276313350221741594e+01
2.873215391725338463e+00 3.582241267571188104e+00 1.253545013232144001e+01
2.889002289482071273e+00 3.384435718086471478e+00 1.116659412856147782e+01
2.904789187238803638e+00 3.229669507974126219e+00 7.877257154831064589e+00
2.920576084995536448e+00 3.135720811472854308e+00 4.221329364472270917e+00
2.936362982752268813e+00 3.096386117825292494e+00 1.478791029076589991e+00
2.952149880509001623e+00 3.089029765913643200e+00 -3.722820977999207193e-01
2.967936778265734432e+00 3.108140476654551065e+00 -2.744850882431730810e+00
2.983723676022466798e+00 3.175695126390497336e+00 -6.484492668212491928e+00
2.999510573779199607e+00 3.312880522169256992e+00 -9.229539520604157943e+00
3.015297471535931972e+00 3.467106719897499190e+00 -7.897398254243208626e+00
3.031084369292664782e+00 3.562231359737129566e+00 -5.993216304539139117e+00
3.046871267049397591e+00 3.656335305964983906e+00 -4.838813077521588291e+00
3.062658164806129957e+00 3.715011054374677713e+00 -4.656197759133751113e+00
3.078445062562862766e+00 3.803349141882128137e+00 -6.779066070693688495e+00
3.094231960319595132e+00 3.929051900263030639e+00 -8.511355143476743379e+00
3.110018858076327941e+00 4.072084928724743591e+00 -9.678827364005588407e+00
3.125805755833060751e+00 4.234649216264275040e+00 -9.966424246377753704e+00
3.141592653589793116e+00 4.386762769880316881e+00 -9.635430339768308983e+00
