0.000000000000000000e+00 8.636461472696156250e+01 4.271419300217476511e+00
1.578689775673262907e-02 8.629718226719289476e+01 8.542838600434953022e+00
3.157379551346525814e-02 8.609488488788689153e+01 1.708567720086990604e+01
4.736069327019788722e-02 8.575772258904355283e+01 2.562851580130440965e+01
6.314759102693051629e-02 8.528569537066289286e+01 2.989993510152098821e+01
7.893448878366314536e-02 8.481366815228224709e+01 2.989993510152098821e+01
9.472138654039577443e-02 8.434164093390158712e+01 2.989993510152143585e+01
1.105082842971284035e-01 8.386961371552092714e+01 2.989993510152143585e+01
1.262951820538610326e-01 8.339758649714026717e+01 2.989993510152188705e+01
1.420820798105936755e-01 8.292555927875959298e+01 2.989993510152188705e+01
1.578689775673262907e-01 8.245353206037893301e+01 2.989993510152143585e+01
1.736558753240589059e-01 8.198150484199827304e+01 2.989993510152143585e+01
1.894427730807915489e-01 8.150947762361761306e+01 2.989993510152188705e+01
2.052296708375241918e-01 8.103745040523693888e+01 2.989993510152098821e+01
2.210165685942568070e-01 8.056542318685630732e+01 2.989993510152053702e+01
2.368034663509894222e-01 8.009339596847564735e+01 2.989993510152143585e+01
2.525903641077220652e-01 7.962136875009498738e+01 2.989993510152143585e+01
2.683772618644547081e-01 7.914934153171432740e+01 2.989993510152188705e+01
2.841641596211873511e-01 7.867731431333365322e+01 2.989993510152188705e+01
2.999510573779199385e-01 7.820528709495299324e+01 2.989993510152098821e+01
3.157379551346525814e-01 7.773325987657234748e+01 2.989993510152098821e+01
3.315248528913852244e-01 7.726123265819168751e+01 2.989993510152143585e+01
3.473117506481178118e-01 7.678920543981102753e+01 2.989993510152188705e+01
3.630986484048504548e-01 7.631717822143035335e+01 2.989993510152188705e+01
3.788855461615830977e-01 7.584515100304969337e+01 2.989993510152143585e+01
3.946724439183157407e-01 7.537312378466903340e+01 2.989993510152143585e+01
4.104593416750483836e-01 7.490109656628837342e+01 2.989993510152143585e+01
4.262462394317809711e-01 7.442906934790771345e+01 2.989993510152143585e+01
4.420331371885136140e-01 7.395704212952705348e+01 2.989993510152143585e+01
4.578200349452462570e-01 7.348501491114639350e+01 2.989993510152098821e+01
4.736069327019788444e-01 7.301298769276574774e+01 2.989993510152098821e+01
4.893938304587114874e-01 7.254096047438508776e+01 2.989993510152188705e+01
5.051807282154441303e-01 7.206893325600441358e+01 2.989993510152188705e+01
5.209676259721767178e-01 7.159690603762375360e+01 2.989993510152098821e+01
5.367545237289094162e-01 7.112487881924310784e+01 2.989993510152143585e+01
5.525414214856420037e-01 7.065285160086243366e+01 2.989993510152188705e+01
5.683283192423747021e-01 7.018082438248177368e+01 2.989993510152143585e+01
5.841152169991072896e-01 6.970879716410111371e+01 2.989993510152143585e+01
5.999021147558398770e-01 6.923676994572045373e+01 2.989993510152143585e+01
6.156890125125725755e-01 6.876474272733979376e+01 2.989993510152143585e+01
6.314759102693051629e-01 6.829271550895913379e+01 2.989993510152143585e+01
6.472628080260377503e-01 6.782068829057847381e+01 2.989993510152143585e+01
6.630497057827704488e-01 6.734866107219781384e+01 2.989993510152143585e+01
6.788366035395030362e-01 6.687663385381715386e+01 2.989993510152143585e+01
6.946235012962356237e-01 6.640460663543649389e+01 2.989993510152098821e+01
7.104103990529683221e-01 6.593257941705584813e+01 2.989993510152143585e+01
7.261972968097009096e-01 6.546055219867517394e+01 2.989993510152143585e+01
7.419841945664336080e-01 6.498852498029452818e+01 2.989993510152143585e+01
7.577710923231661955e-01 6.451649776191385399e+01 2.989993510152188705e+01
7.735579900798987829e-01 6.404447054353319402e+01 2.989993510152143585e+01
7.893448878366314814e-01 6.357244332515253404e+01 2.989993510152143585e+01
8.051317855933640688e-01 6.310041610677187407e+01 2.989993510152143585e+01
8.209186833500967673e-01 6.262838888839121410e+01 2.989993510152143585e+01
8.367055811068293547e-01 6.215636167001055412e+01 2.989993510152166323e+01
8.524924788635619421e-01 6.168433445162988704e+01 2.989993510152143585e+01
8.682793766202946406e-01 6.121230723324923417e+01 2.989993510152143585e+01
8.840662743770272280e-01 6.074028001486856709e+01 2.989993510152143585e+01
8.998531721337598155e-01 6.026825279648791422e+01 2.989993510152121203e+01
9.156400698904925139e-01 5.979622557810725425e+01 2.989993510152143585e+01
9.314269676472251014e-01 5.932419835972659428e+01 2.989993510152143585e+01
9.472138654039576888e-01 5.885217114134593430e+01 2.989993510152166323e+01
9.630007631606903873e-01 5.838014392296526722e+01 2.989993510152143585e+01
9.787876609174229747e-01 5.790811670458461435e+01 2.989993510152143585e+01
9.945745586741556732e-01 5.743608948620394727e+01 2.989993510152143585e+01
1.010361456430888261e+00 5.696406226782329441e+01 2.989993510152121203e+01
1.026148354187620848e+00 5.649203504944263443e+01 2.989993510152143585e+01
1.041935251944353436e+00 5.602000783106197446e+01 2.989993510152143585e+01
1.057722149701086245e+00 5.554798061268131448e+01 2.989993510152166323e+01
1.073509047457818832e+00 5.507595339430064740e+01 2.989993510152143585e+01
1.089295945214551420e+00 5.460392617591999453e+01 2.989993510152143585e+01
1.105082842971284007e+00 5.413189895753932745e+01 2.989993510152143585e+01
1.120869740728016595e+00 5.365987173915867459e+01 2.989993510152121203e+01
1.136656638484749404e+00 5.318784452077801461e+01 2.989993510152143585e+01
1.152443536241481992e+00 5.271581730239735464e+01 2.989993510152143585e+01
1.168230433998214579e+00 5.224379008401669466e+01 2.989993510152166323e+01
1.184017331754947167e+00 5.177176286563602758e+01 2.989993510152143585e+01
1.199804229511679754e+00 5.129973564725537472e+01 2.989993510152143585e+01
1.215591127268412341e+00 5.082770842887470764e+01 2.989993510152143585e+01
1.231378025025145151e+00 5.035568121049405477e+01 2.989993510152121203e+01
1.247164922781877738e+00 4.988365399211339479e+01 2.989993510152143585e+01
1.262951820538610326e+00 4.941162677373273482e+01 2.989993510152166323e+01
1.278738718295342913e+00 4.893959955535206774e+01 2.989993510152166323e+01
1.294525616052075501e+00 4.846757233697140776e+01 2.989993510152143585e+01
1.310312513808808310e+00 4.799554511859074779e+01 2.989993510152143585e+01
1.326099411565540898e+00 4.752351790021008782e+01 2.989993510152143585e+01
1.341886309322273485e+00 4.705149068182942784e+01 2.989993510152143585e+01
1.357673207079006072e+00 4.657946346344876787e+01 2.989993510152121203e+01
1.373460104835738660e+00 4.610743624506811500e+01 2.989993510152143585e+01
1.389247002592471247e+00 4.563540902668744792e+01 2.989993510152166323e+01
1.405033900349204057e+00 4.516338180830678795e+01 2.989993510152143585e+01
1.420820798105936644e+00 4.469135458992612797e+01 2.989993510152143585e+01
1.436607695862669232e+00 4.421932737154546800e+01 2.989993510152166323e+01
1.452394593619401819e+00 4.374730015316480092e+01 2.989993510152166323e+01
1.468181491376134407e+00 4.327527293478414094e+01 2.989993510152121203e+01
1.483968389132867216e+00 4.280324571640348807e+01 2.989993510152143585e+01
1.499755286889599804e+00 4.233121849802282100e+01 2.989993510152143585e+01
1.515542184646332391e+00 4.185919127964216813e+01 2.989993510152121203e+01
1.531329082403064978e+00 4.138716406126150815e+01 2.989993510152143585e+01
1.547115980159797566e+00 4.091513684288084818e+01 2.989993510152166323e+01
1.562902877916530375e+00 4.044310962450018110e+01 2.989993510152121203e+01
1.578689775673262963e+00 3.997108240611953534e+01 2.989993510152143585e+01
1.594476673429995550e+00 3.949905518773886115e+01 2.989993510152188705e+01
1.610263571186728138e+00 3.902702796935820118e+01 2.989993510152121203e+01
1.626050468943460725e+00 3.855500075097754831e+01 2.989993510152121203e+01
1.641837366700193535e+00 3.808297353259688833e+01 2.989993510152143585e+01
1.657624264456926122e+00 3.761094631421622836e+01 2.989993510152166323e+01
1.673411162213658709e+00 3.713891909583556128e+01 2.989993510152166323e+01
1.689198059970391297e+00 3.666689187745490131e+01 2.989993510152143585e+01
1.704984957727123884e+00 3.619486465907424133e+01 2.989993510152121203e+01
1.720771855483856472e+00 3.572283744069358846e+01 2.989993510152121203e+01
1.736558753240589281e+00 3.525081022231292849e+01 2.989993510152166323e+01
1.752345650997321869e+00 3.477878300393226141e+01 1.852832643762564402e+01
1.768132548754054456e+00 3.466580063216460417e+01 1.236048961017793069e+01
1.783919446510787044e+00 3.438851543253419152e+01 2.373209827407394812e+01
1.799706344267519631e+00 3.391648821415353154e+01 3.167584876170623431e+01
1.815493242024252440e+00 3.338838866101662717e+01 3.827706752711515747e+01
1.831280139780985028e+00 3.270793591119729626e+01 4.502417555273103744e+01
1.847067037537717615e+00 3.196680454895233581e+01 5.229023473464022231e+01
1.862853935294450203e+00 3.105693473233466761e+01 7.645186269505427390e+01
1.878640833051182790e+00 2.955292906959516941e+01 8.951792304143327783e+01
1.894427730807915378e+00 2.823051413543433341e+01 8.195360177709368088e+01
1.910214628564648187e+00 2.696534280549325047e+01 8.121366201120569883e+01
1.926001526321380775e+00 2.566629057819284299e+01 8.316291296601210092e+01
1.941788424078113362e+00 2.433957399720027581e+01 8.698205974435428800e+01
1.957575321834845949e+00 2.291993681048458242e+01 8.629926109291081104e+01
1.973362219591578537e+00 2.161477877448956164e+01 7.749156194237713180e+01
1.989149117348311346e+00 2.047323407969694031e+01 7.806421882121126998e+01
2.004936015105043712e+00 1.914999509251023113e+01 8.125588051106764453e+01
2.020722912861776521e+00 1.790767752417392344e+01 7.977326366346669317e+01
2.036509810618509331e+00 1.663125037815818530e+01 7.706888626623839400e+01
2.052296708375241696e+00 1.547432026875320155e+01 7.070830566978622755e+01
2.068083606131974506e+00 1.439872079383675896e+01 6.867798043791223961e+01
2.083870503888706871e+00 1.330589575812879310e+01 6.971665846638143194e+01
2.099657401645439680e+00 1.219750127553713526e+01 6.637857589934975522e+01
2.115444299402172490e+00 1.121007217620769048e+01 6.275025343393940602e+01
2.131231197158904855e+00 1.021623760519581126e+01 5.958563592834308764e+01
2.147018094915637665e+00 9.328727491866397159e+00 5.501208768497497914e+01
2.162804992672370030e+00 8.479297197861590973e+00 5.255158667949797291e+01
2.178591890429102840e+00 7.669474440139783411e+00 4.972954226005998635e+01
2.194378788185835649e+00 6.909146799564227948e+00 4.495242375058873563e+01
2.210165685942568015e+00 6.250155804804055748e+00 4.001228790191027684e+01
2.225952583699300824e+00 5.645807003323413120e+00 3.552585509765858518e+01
2.241739481456033189e+00 5.128469720509586161e+00 3.177875475418517937e+01
2.257526379212765999e+00 4.642431099042208409e+00 2.968183622942327915e+01
2.273313276969498808e+00 4.191301492937610895e+00 2.633633637101849700e+01
2.289100174726231174e+00 3.810892999889832655e+00 2.207260612543363365e+01
2.304887072482963983e+00 3.494385540683908609e+00 1.885170653273839037e+01
2.320673970239696349e+00 3.215673072745293570e+00 1.628803140677876016e+01
2.336460867996429158e+00 2.980110567729376214e+00 1.348880708304056419e+01
2.352247765753161524e+00 2.789780236184788986e+00 1.002926637576824476e+01
2.368034663509894333e+00 2.663448562030796829e+00 5.720651538907034706e+00
2.383821561266627143e+00 2.609157554291547942e+00 1.868077338931355413e+00
2.399608459023359508e+00 2.604466270128039884e+00 -1.757634613982151039e+00
2.415395356780092317e+00 2.664652750180808827e+00 -4.572642802110912896e+00
2.431182254536824683e+00 2.748841958918008643e+00 -6.268073313735462726e+00
2.446969152293557492e+00 2.862559615252100897e+00 -7.862987344628285413e+00
2.462756050050290302e+00 2.997106313462267302e+00 -9.209207677590525165e+00
2.478542947807022667e+00 3.153329255305378442e+00 -1.012849394422377891e+01
2.494329845563755477e+00 3.316901310116560087e+00 -1.081840675726252776e+01
2.510116743320487842e+00 3.494907418040676284e+00 -1.042220395103395525e+01
2.525903641077220652e+00 3.645969846466135866e+00 -1.023319213744422562e+01
2.541690538833953461e+00 3.818008134038340717e+00 -1.128278681784857618e+01
2.557477436590685826e+00 4.002210250274908176e+00 -1.159074355335379281e+01
2.573264334347418636e+00 4.183971900840949054e+00 -1.070316581852902260e+01
2.589051232104151001e+00 4.340149819175854518e+00 -9.614500227558837153e+00
2.604838129860883811e+00 4.487538164990056977e+00 -8.192964813545641434e+00
2.620625027617616620e+00 4.598832814847760631e+00 -6.837834054366466852e+00
2.636411925374348986e+00 4.703434539177632878e+00 -6.964445703910506325e+00
2.652198823131081795e+00 4.818726799367662572e+00 -7.118932542876505565e+00
2.667985720887814161e+00 4.928206259560568903e+00 -6.066709098306130699e+00
2.683772618644546970e+00 5.010275831877259556e+00 -5.441005643496382049e+00
2.699559516401279780e+00 5.099999459135934110e+00 -6.106270587798128702e+00
2.715346414158012145e+00 5.203073970766284972e+00 -8.285380055492565177e+00
2.731133311914744954e+00 5.361600354759399778e+00 -1.075163667228607878e+01
2.746920209671477320e+00 5.542543948492119732e+00 -1.022438512351586226e+01
2.762707107428210129e+00 5.684422999900205831e+00 -9.368073882838805488e+00
2.778494005184942495e+00 5.838329597623906686e+00 -1.150646129403263451e+01
2.794280902941675304e+00 6.047725655881595053e+00 -1.491588908121053514e+01
2.810067800698408114e+00 6.309280829375577326e+00 -1.589582136630201603e+01
2.825854698455140479e+00 6.549617069219786814e+00 -1.247420439932541747e+01
2.841641596211873289e+00 6.703138808273046756e+00 -1.042922158643945352e+01
2.857428493968605654e+00 6.878907178954643875e+00 -1.321644325770269113e+01
2.873215391725338463e+00 7.120432085107068154e+00 -1.259228082960399853e+01
2.889002289482071273e+00 7.276493278916689178e+00 -9.837250163130173419e+00
2.904789187238803638e+00 7.431031410172542984e+00 -5.820232530607774457e+00
2.920576084995536448e+00 7.460260110678917478e+00 -3.794305024956154959e+00
2.936362982752268813e+00 7.550832021146222317e+00 -9.709775823706682019e+00
2.952149880509001623e+00 7.766834587018220937e+00 -1.591145066180927969e+01
2.967936778265734432e+00 8.053216910664779959e+00 -1.198593716646310092e+01
2.983723676022466798e+00 8.145276116149370083e+00 -2.317509476243965238e+01
2.999510573779199607e+00 8.784942613699229241e+00 -4.641323982978330775e+01
3.015297471535931972e+00 9.610718259652369255e+00 -6.090058774791711471e+01
3.031084369292664782e+00 1.070780531790181200e+01 -7.268425038917403924e+01
3.046871267049397591e+00 1.190563591848965785e+01 -7.191014177909546845e+01
3.062658164806129957e+00 1.297828142977926724e+01 -7.649423098814635580e+01
3.078445062562862766e+00 1.432084912566916834e+01 -1.137964508451306358e+02
3.094231960319595132e+00 1.657126729892152284e+01 -1.515309618796511870e+02
3.110018858076327941e+00 1.910525673001597369e+01 -1.655100866776986663e+02
3.125805755833060751e+00 2.179704893109909136e+01 -1.627615803843806077e+02
3.141592653589793116e+00 2.424425758652084539e+01 -1.550151710064818928e+02
