0.000000000000000000e+00 1.867827825900555467e+02 1.243794551114398139e+01
1.578689775673262907e-02 1.865864260159673051e+02 2.487589102228796278e+01
3.157379551346525814e-02 1.859973562937025804e+02 4.975178204457592557e+01
4.736069327019788722e-02 1.850155734232613725e+02 7.462767306686389190e+01
6.314759102693051629e-02 1.836410774046436813e+02 8.706561857800787152e+01
7.893448878366314536e-02 1.822665813860259902e+02 8.706561857800876680e+01
9.472138654039577443e-02 1.808920853674082707e+02 8.706561857800876680e+01
1.105082842971284035e-01 1.795175893487905796e+02 8.706561857800787152e+01
1.262951820538610326e-01 1.781430933301728885e+02 8.706561857800696203e+01
1.420820798105936755e-01 1.767685973115552258e+02 8.706561857800787152e+01
1.578689775673262907e-01 1.753941012929375063e+02 8.706561857800876680e+01
1.736558753240589059e-01 1.740196052743198152e+02 8.706561857800787152e+01
1.894427730807915489e-01 1.726451092557021241e+02 8.706561857800876680e+01
2.052296708375241918e-01 1.712706132370844045e+02 8.706561857800876680e+01
2.210165685942568070e-01 1.698961172184667134e+02 8.706561857800787152e+01
2.368034663509894222e-01 1.685216211998490223e+02 8.706561857800787152e+01
2.525903641077220652e-01 1.671471251812313312e+02 8.706561857800787152e+01
2.683772618644547081e-01 1.657726291626136401e+02 8.706561857800787152e+01
2.841641596211873511e-01 1.643981331439959490e+02 8.706561857800787152e+01
2.999510573779199385e-01 1.630236371253782579e+02 8.706561857800787152e+01
3.157379551346525814e-01 1.616491411067605668e+02 8.706561857800787152e+01
3.315248528913852244e-01 1.602746450881428757e+02 8.706561857800787152e+01
3.473117506481178118e-01 1.589001490695251846e+02 8.706561857800787152e+01
3.630986484048504548e-01 1.575256530509074935e+02 8.706561857800787152e+01
3.788855461615830977e-01 1.561511570322898024e+02 8.706561857800787152e+01
3.946724439183157407e-01 1.547766610136721113e+02 8.706561857800787152e+01
4.104593416750483836e-01 1.534021649950544202e+02 8.706561857800787152e+01
4.262462394317809711e-01 1.520276689764367291e+02 8.706561857800876680e+01
4.420331371885136140e-01 1.506531729578190095e+02 8.706561857800787152e+01
4.578200349452462570e-01 1.492786769392013468e+02 8.706561857800787152e+01
4.736069327019788444e-01 1.479041809205836273e+02 8.706561857800876680e+01
4.893938304587114874e-01 1.465296849019659362e+02 8.706561857800787152e+01
5.051807282154441303e-01 1.451551888833482451e+02 8.706561857800787152e+01
5.209676259721767178e-01 1.437806928647305540e+02 8.706561857800787152e+01
5.367545237289094162e-01 1.424061968461128629e+02 8.706561857800787152e+01
5.525414214856420037e-01 1.410317008274951718e+02 8.706561857800787152e+01
5.683283192423747021e-01 1.396572048088774807e+02 8.706561857800787152e+01
5.841152169991072896e-01 1.382827087902597896e+02 8.706561857800787152e+01
5.999021147558398770e-01 1.369082127716420985e+02 8.706561857800787152e+01
6.156890125125725755e-01 1.355337167530244074e+02 8.706561857800787152e+01
6.314759102693051629e-01 1.341592207344067162e+02 8.706561857800876680e+01
6.472628080260377503e-01 1.327847247157889967e+02 8.706561857800876680e+01
6.630497057827704488e-01 1.314102286971713056e+02 8.706561857800787152e+01
6.788366035395030362e-01 1.300357326785536145e+02 8.706561857800876680e+01
6.946235012962356237e-01 1.286612366599358950e+02 8.706561857800922155e+01
7.104103990529683221e-01 1.272867406413181897e+02 8.706561857800876680e+01
7.261972968097009096e-01 1.259122446227004843e+02 8.706561857800831206e+01
7.419841945664336080e-01 1.245377486040827932e+02 8.706561857800787152e+01
7.577710923231661955e-01 1.231632525854651021e+02 8.706561857800787152e+01
7.735579900798987829e-01 1.217887565668474110e+02 8.706561857800787152e+01
7.893448878366314814e-01 1.204142605482297199e+02 8.706561857800787152e+01
8.051317855933640688e-01 1.190397645296120288e+02 8.706561857800787152e+01
8.209186833500967673e-01 1.176652685109943377e+02 8.706561857800787152e+01
8.367055811068293547e-01 1.162907724923766466e+02 8.706561857800831206e+01
8.524924788635619421e-01 1.149162764737589413e+02 8.706561857800831206e+01
8.682793766202946406e-01 1.135417804551412502e+02 8.706561857800787152e+01
8.840662743770272280e-01 1.121672844365235591e+02 8.706561857800787152e+01
8.998531721337598155e-01 1.107927884179058680e+02 8.706561857800787152e+01
9.156400698904925139e-01 1.094182923992881769e+02 8.706561857800741677e+01
9.314269676472251014e-01 1.080437963806705000e+02 8.706561857800787152e+01
9.472138654039576888e-01 1.066693003620527946e+02 8.706561857800831206e+01
9.630007631606903873e-01 1.052948043434351035e+02 8.706561857800787152e+01
9.787876609174229747e-01 1.039203083248174124e+02 8.706561857800787152e+01
9.945745586741556732e-01 1.025458123061997213e+02 8.706561857800831206e+01
1.010361456430888261e+00 1.011713162875820160e+02 8.706561857800922155e+01
1.026148354187620848e+00 9.979682026896429647e+01 8.706561857800876680e+01
1.041935251944353436e+00 9.842232425034660537e+01 8.706561857800787152e+01
1.057722149701086245e+00 9.704782823172891426e+01 8.706561857800787152e+01
1.073509047457818832e+00 9.567333221311122315e+01 8.706561857800787152e+01
1.089295945214551420e+00 9.429883619449353205e+01 8.706561857800831206e+01
1.105082842971284007e+00 9.292434017587582673e+01 8.706561857800831206e+01
1.120869740728016595e+00 9.154984415725813562e+01 8.706561857800787152e+01
1.136656638484749404e+00 9.017534813864044452e+01 8.706561857800831206e+01
1.152443536241481992e+00 8.880085212002273920e+01 8.706561857800787152e+01
1.168230433998214579e+00 8.742635610140506230e+01 8.706561857800741677e+01
1.184017331754947167e+00 8.605186008278737120e+01 8.706561857800787152e+01
1.199804229511679754e+00 8.467736406416968009e+01 8.706561857800831206e+01
1.215591127268412341e+00 8.330286804555197477e+01 8.706561857800831206e+01
1.231378025025145151e+00 8.192837202693428367e+01 8.706561857800831206e+01
1.247164922781877738e+00 8.055387600831657835e+01 8.706561857800831206e+01
1.262951820538610326e+00 7.917937998969888724e+01 8.706561857800787152e+01
1.278738718295342913e+00 7.780488397108119614e+01 8.706561857800787152e+01
1.294525616052075501e+00 7.643038795246350503e+01 8.706561857800787152e+01
1.310312513808808310e+00 7.505589193384581392e+01 8.706561857800831206e+01
1.326099411565540898e+00 7.368139591522810861e+01 8.706561857800831206e+01
1.341886309322273485e+00 7.230689989661041750e+01 8.706561857800787152e+01
1.357673207079006072e+00 7.093240387799272639e+01 8.706561857800787152e+01
1.373460104835738660e+00 6.955790785937503529e+01 8.706561857800787152e+01
1.389247002592471247e+00 6.818341184075734418e+01 8.706561857800787152e+01
1.405033900349204057e+00 6.680891582213965307e+01 8.706561857800787152e+01
1.420820798105936644e+00 6.543441980352196197e+01 8.706561857800787152e+01
1.436607695862669232e+00 6.405992378490427086e+01 8.706561857800831206e+01
1.452394593619401819e+00 6.268542776628656554e+01 8.706561857800853943e+01
1.468181491376134407e+00 6.131093174766886733e+01 8.706561857800831206e+01
1.483968389132867216e+00 5.993643572905116912e+01 8.706561857800831206e+01
1.499755286889599804e+00 5.856193971043347091e+01 8.706561857800831206e+01
1.515542184646332391e+00 5.718744369181577270e+01 8.706561857800809889e+01
1.531329082403064978e+00 5.581294767319808159e+01 9.426920373893649696e+01
1.547115980159797566e+00 5.421100712974539704e+01 9.173804538150028520e+01
1.562902877916530375e+00 5.291642938751759573e+01 8.453446022057187292e+01
1.578689775673262963e+00 5.154193336889989752e+01 8.755542803183115552e+01
1.594476673429995550e+00 5.015197220674663470e+01 8.643743081554588059e+01
1.610263571186728138e+00 4.881277560362055112e+01 8.230131373235811054e+01
1.626050468943460725e+00 4.755340735647160955e+01 7.964033299989550585e+01
1.641837366700193535e+00 4.629822801485757111e+01 7.124543316568312434e+01
1.657624264456926122e+00 4.530391861843007462e+01 7.457656235167517877e+01
1.673411162213658709e+00 4.394356288506858732e+01 8.176235548254929597e+01
1.689198059970391297e+00 4.272237072572480798e+01 7.599358241054494556e+01
1.704984957727123884e+00 4.154415705370237077e+01 7.590204128196822353e+01
1.720771855483856472e+00 4.032585519523334483e+01 8.026229400558311511e+01
1.736558753240589281e+00 3.900997179532846104e+01 8.445068668093226449e+01
1.752345650997321869e+00 3.765942648299786555e+01 8.895998435294535511e+01
1.768132548754054456e+00 3.620116744048749524e+01 9.165242222200058109e+01
1.783919446510787044e+00 3.476561164544663995e+01 8.679152807988329243e+01
1.799706344267519631e+00 3.346082948059208206e+01 8.655845353989357704e+01
1.815493242024252440e+00 3.203263273341625705e+01 8.895912431278098609e+01
1.831280139780985028e+00 3.065205228048339947e+01 8.706276361253308949e+01
1.847067037537717615e+00 2.928373083827697343e+01 8.551772962504053055e+01
1.862853935294450203e+00 2.795193297252655995e+01 8.031750641408665103e+01
1.878640833051182790e+00 2.674780231460716706e+01 7.534883004078231750e+01
1.894427730807915378e+00 2.557288442064005096e+01 8.141557241893343644e+01
1.910214628564648187e+00 2.417720367944004067e+01 8.225402337906638195e+01
1.926001526321380775e+00 2.297581270630961825e+01 7.701209422039228514e+01
1.941788424078113362e+00 2.174563956446165491e+01 7.483783616249226611e+01
1.957575321834845949e+00 2.061289817064487195e+01 7.164837624826822093e+01
1.973362219591578537e+00 1.948342838392701282e+01 7.220848793851524761e+01
1.989149117348311346e+00 1.833300213813766888e+01 7.036769670583726111e+01
2.004936015105043712e+00 1.726165311738336428e+01 6.548305923062552836e+01
2.020722912861776521e+00 1.626545341639376474e+01 6.425186746555330330e+01
2.036509810618509331e+00 1.523297779266771279e+01 6.446675612111809528e+01
2.052296708375241696e+00 1.422999324120914721e+01 6.487791164650604969e+01
2.068083606131974506e+00 1.318453587700026475e+01 6.352909258304429585e+01
2.083870503888706871e+00 1.222413866283610417e+01 5.915430394240632239e+01
2.099657401645439680e+00 1.131680998058135579e+01 5.744474668188048128e+01
2.115444299402172490e+00 1.041038997777959807e+01 5.496001635860073264e+01
2.131231197158904855e+00 9.581513662658190711e+00 5.129252139523848797e+01
2.147018094915637665e+00 8.790890395876296282e+00 4.796713982918401342e+01
2.162804992672370030e+00 8.067008998325739810e+00 4.351773168651052970e+01
2.178591890429102840e+00 7.416870434396565237e+00 3.989325810888953328e+01
2.194378788185835649e+00 6.807427424429771889e+00 3.665259904813942171e+01
2.210165685942568015e+00 6.259608767013579822e+00 3.189557561594023838e+01
2.225952583699300824e+00 5.800363042147806070e+00 2.801849609914549077e+01
2.241739481456033189e+00 5.374958500584336107e+00 2.474349079901464421e+01
2.257526379212765999e+00 5.019117123370408606e+00 2.078489562341258079e+01
2.273313276969498808e+00 4.718700456401988319e+00 1.654058845989033344e+01
2.289100174726231174e+00 4.496867965665447997e+00 1.227308870081872527e+01
2.304887072482963983e+00 4.331192463443716889e+00 8.501154012904097002e+00
2.320673970239696349e+00 4.228454267233539454e+00 4.478523218143759976e+00
2.336460867996429158e+00 4.189788487151739460e+00 5.072384378228700363e-01
2.352247765753161524e+00 4.212438824521150593e+00 -3.827712075303204564e+00
2.368034663509894333e+00 4.310643885501784567e+00 -7.913052662946958193e+00
2.383821561266627143e+00 4.462283931188319563e+00 -1.064342694214311535e+01
2.399608459023359508e+00 4.646697271335518131e+00 -1.376811930858415245e+01
2.415395356780092317e+00 4.896995714842548253e+00 -1.630857344288194710e+01
2.431182254536824683e+00 5.161620834337402819e+00 -1.707077727381992815e+01
2.446969152293557492e+00 5.435984945742048602e+00 -1.818247120966464081e+01
2.462756050050290302e+00 5.735710462240823482e+00 -1.817660854251845493e+01
2.478542947807022667e+00 6.009889466991832130e+00 -1.678688466035769622e+01
2.494329845563755477e+00 6.265736125815084101e+00 -1.577443711804027160e+01
2.510116743320487842e+00 6.507948318896851880e+00 -1.374167939434909513e+01
2.525903641077220652e+00 6.699613101023861539e+00 -1.246047728466696292e+01
2.541690538833953461e+00 6.901372880683105393e+00 -1.171483087184761729e+01
2.557477436590685826e+00 7.069494775446408141e+00 -8.778895974793467616e+00
2.573264334347418636e+00 7.178555947025217598e+00 -5.756608364352974405e+00
2.589051232104151001e+00 7.251252750793592661e+00 -3.326334506466719354e+00
2.604838129860883811e+00 7.283580952541781173e+00 -1.664580149133323694e-01
2.620625027617616620e+00 7.256508462118043568e+00 3.579384006146115293e+00
2.636411925374348986e+00 7.170566213867555660e+00 7.598358335951718168e+00
2.652198823131081795e+00 7.016599449780669850e+00 1.103191447499161448e+01
2.667985720887814161e+00 6.822246802112132968e+00 1.265762741734914343e+01
2.683772618644546970e+00 6.616950110019656606e+00 1.347170338290588099e+01
2.699559516401279780e+00 6.396893994282204510e+00 1.441566005077789647e+01
2.715346414158012145e+00 6.161793007384765097e+00 1.546011740947861313e+01
2.731133311914744954e+00 5.908759408581162553e+00 1.521244526561066657e+01
2.746920209671477320e+00 5.681478371308591235e+00 1.506424389067300673e+01
2.762707107428210129e+00 5.433124052412084737e+00 1.614330699176578676e+01
2.778494005184942495e+00 5.171772897439484318e+00 1.753907630932028638e+01
2.794280902941675304e+00 4.879348843526543078e+00 1.861936600167702593e+01
2.810067800698408114e+00 4.583888842712166678e+00 1.780944528085386480e+01
2.825854698455140479e+00 4.317037060020614270e+00 1.541508161192991722e+01
2.841641596211873289e+00 4.097176208073713077e+00 1.388028771709608478e+01
2.857428493968605654e+00 3.878783693972958968e+00 1.282720171468292136e+01
2.873215391725338463e+00 3.692172764124343587e+00 1.065710797210750016e+01
2.889002289482071273e+00 3.542298346096716344e+00 6.940002894389708743e+00
2.904789187238803638e+00 3.473050531874025904e+00 3.219347869951105778e+00
2.920576084995536448e+00 3.440651314764170188e+00 1.359977401790421370e+00
2.936362982752268813e+00 3.430110883486961360e+00 -2.063775517301261742e-01
2.952149880509001623e+00 3.447167437381066790e+00 -3.164048271382164934e+00
2.967936778265734432e+00 3.530011896602315069e+00 -8.127998607937394482e+00
2.983723676022466798e+00 3.703799203361812342e+00 -1.314368389851125052e+01
2.999510573779199607e+00 3.945007884307535129e+00 -1.443035781148209118e+01
3.015297471535931972e+00 4.159420370087683949e+00 -1.394602210708254653e+01
3.031084369292664782e+00 4.385336734542825354e+00 -1.379988252278605998e+01
3.046871267049397591e+00 4.595135038971974062e+00 -1.367737717731481517e+01
3.062658164806129957e+00 4.817183444699900008e+00 -1.127767197092683915e+01
3.078445062562862766e+00 4.951213947649956815e+00 -4.940576886162778791e+00
3.094231960319595132e+00 4.973176209022156513e+00 -8.825347903150504436e-01
3.110018858076327941e+00 4.979078920652883156e+00 -1.792762918175990761e+00
3.125805755833060751e+00 5.029780538804768497e+00 -1.569380640991144382e+00
3.141592653589793116e+00 5.028630224094328582e+00 7.286515236657821470e-02
