0.000000000000000000e+00 3.729135410274616333e+02 4.626527271757426263e+01
1.578689775673262907e-02 3.721831558973819369e+02 9.253054543514491570e+01
3.157379551346525814e-02 3.699920005071429614e+02 1.850610908702862503e+02
4.736069327019788722e-02 3.663400748567447067e+02 2.775916363054275848e+02
6.314759102693051629e-02 3.612273789461871729e+02 3.238569090229982521e+02
7.893448878366314536e-02 3.561146830356296391e+02 3.238569090229964331e+02
9.472138654039577443e-02 3.510019871250721621e+02 3.238569090229964331e+02
1.105082842971284035e-01 3.458892912145146283e+02 3.238569090230018332e+02
1.262951820538610326e-01 3.407765953039569808e+02 3.238569090230018332e+02
1.420820798105936755e-01 3.356638993933994470e+02 3.238569090229964331e+02
1.578689775673262907e-01 3.305512034828419701e+02 3.238569090229964331e+02
1.736558753240589059e-01 3.254385075722844363e+02 3.238569090229982521e+02
1.894427730807915489e-01 3.203258116617269025e+02 3.238569090229982521e+02
2.052296708375241918e-01 3.152131157511693687e+02 3.238569090229982521e+02
2.210165685942568070e-01 3.101004198406118348e+02 3.238569090230000143e+02
2.368034663509894222e-01 3.049877239300542442e+02 3.238569090230000143e+02
2.525903641077220652e-01 2.998750280194967104e+02 3.238569090229982521e+02
2.683772618644547081e-01 2.947623321089391766e+02 3.238569090229982521e+02
2.841641596211873511e-01 2.896496361983816428e+02 3.238569090229964331e+02
2.999510573779199385e-01 2.845369402878241658e+02 3.238569090229982521e+02
3.157379551346525814e-01 2.794242443772665752e+02 3.238569090230000143e+02
3.315248528913852244e-01 2.743115484667090413e+02 3.238569090229982521e+02
3.473117506481178118e-01 2.691988525561515075e+02 3.238569090229982521e+02
3.630986484048504548e-01 2.640861566455939737e+02 3.238569090230000143e+02
3.788855461615830977e-01 2.589734607350363831e+02 3.238569090230000143e+02
3.946724439183157407e-01 2.538607648244788493e+02 3.238569090229982521e+02
4.104593416750483836e-01 2.487480689139213155e+02 3.238569090229982521e+02
4.262462394317809711e-01 2.436353730033637817e+02 3.238569090229982521e+02
4.420331371885136140e-01 2.385226770928062479e+02 3.238569090229982521e+02
4.578200349452462570e-01 2.334099811822487140e+02 3.238569090229982521e+02
4.736069327019788444e-01 2.282972852716911802e+02 3.238569090229982521e+02
4.893938304587114874e-01 2.231845893611336464e+02 3.238569090229991048e+02
5.051807282154441303e-01 2.180718934505760842e+02 3.238569090229982521e+02
5.209676259721767178e-01 2.129591975400185788e+02 3.238569090229973426e+02
5.367545237289094162e-01 2.078465016294610450e+02 3.238569090230000143e+02
5.525414214856420037e-01 2.027338057189034544e+02 3.238569090230000143e+02
5.683283192423747021e-01 1.976211098083459206e+02 3.238569090229973426e+02
5.841152169991072896e-01 1.925084138977884152e+02 3.238569090229973426e+02
5.999021147558398770e-01 1.873957179872308814e+02 3.238569090229991048e+02
6.156890125125725755e-01 1.822830220766733191e+02 3.238569090229991048e+02
6.314759102693051629e-01 1.771703261661157853e+02 3.238569090229982521e+02
6.472628080260377503e-01 1.720576302555582515e+02 3.238569090229982521e+02
6.630497057827704488e-01 1.669449343450007177e+02 3.238569090229982521e+02
6.788366035395030362e-01 1.618322384344431839e+02 3.238569090229991048e+02
6.946235012962356237e-01 1.567195425238856217e+02 3.238569090229991048e+02
7.104103990529683221e-01 1.516068466133280879e+02 3.238569090229982521e+02
7.261972968097009096e-01 1.464941507027705541e+02 3.238569090229982521e+02
7.419841945664336080e-01 1.413814547922130203e+02 3.238569090229991048e+02
7.577710923231661955e-01 1.362687588816554580e+02 3.238569090229991048e+02
7.735579900798987829e-01 1.311560629710979242e+02 3.238569090229986500e+02
7.893448878366314814e-01 1.260433670605403762e+02 3.238569090229982521e+02
8.051317855933640688e-01 1.209306711499828566e+02 3.238569090229982521e+02
8.209186833500967673e-01 1.158179752394253086e+02 3.238569090229986500e+02
8.367055811068293547e-01 1.107052793288677748e+02 3.238569090229982521e+02
8.524924788635619421e-01 1.055925834183102410e+02 3.238569090229991048e+02
8.682793766202946406e-01 1.004798875077526787e+02 3.238569090229986500e+02
8.840662743770272280e-01 9.536719159719515915e+01 3.165783940019352372e+02
8.998531721337598155e-01 9.048430603155433971e+01 3.076747300249743375e+02
9.156400698904925139e-01 8.565273258672598899e+01 3.149532450460373525e+02
9.314269676472251014e-01 8.054003667616844098e+01 3.284232383770070669e+02
9.472138654039576888e-01 7.528316441634031264e+01 3.365226615822803637e+02
9.630007631606903873e-01 6.991473897372245005e+01 3.279203578961129324e+02
9.787876609174229747e-01 6.492947409142610127e+01 3.332068092309966119e+02
9.945745586741556732e-01 5.939413531536873592e+01 3.348854453843831038e+02
1.010361456430888261e+00 5.435586951842385162e+01 2.940398618476281740e+02
1.026148354187620848e+00 5.011018084458414990e+01 2.441221297643808157e+02
1.041935251944353436e+00 4.664800731293166081e+01 2.043695616781458000e+02
1.057722149701086245e+00 4.365745809498184826e+01 1.724367468646881036e+02
1.073509047457818832e+00 4.120352472841882729e+01 1.535412148042057368e+02
1.089295945214551420e+00 3.880957917586481187e+01 1.176531790534464506e+02
1.105082842971284007e+00 3.748876731147619523e+01 8.889166201645534215e+01
1.120869740728016595e+00 3.600293201650518427e+01 1.056545242244675933e+02
1.136656638484749404e+00 3.415285296854039387e+01 1.145431851295800385e+02
1.152443536241481992e+00 3.238636891176282973e+01 1.032202159907578505e+02
1.168230433998214579e+00 3.089379897599248892e+01 8.906729817887277534e+01
1.184017331754947167e+00 2.957417625212626433e+01 7.640435667753476423e+01
1.199804229511679754e+00 2.848142344191814246e+01 6.400055954117753743e+01
1.215591127268412341e+00 2.755343567242576697e+01 5.538358976958182467e+01
1.231378025025145151e+00 2.673275330373171954e+01 4.433169671565520531e+01
1.247164922781877738e+00 2.615371574556071010e+01 3.189403802995269288e+01
1.262951820538610326e+00 2.572573746887530888e+01 2.146547992156276408e+01
1.278738718295342913e+00 2.547596907191889315e+01 9.595428139283701086e+00
1.294525616052075501e+00 2.542277338294141487e+01 -1.899069797949438421e+00
1.310312513808808310e+00 2.553592991338514651e+01 -1.086418988419326759e+01
1.326099411565540898e+00 2.576579709276439090e+01 -2.169788366853538975e+01
1.341886309322273485e+00 2.622101445541044029e+01 -3.424114347243908441e+01
1.357673207079006072e+00 2.684691995491040828e+01 -4.453136028878692088e+01
1.373460104835738660e+00 2.762703851910504582e+01 -5.172825865094624476e+01
1.389247002592471247e+00 2.848017741582302520e+01 -5.697201957282801033e+01
1.405033900349204057e+00 2.942586141508665776e+01 -5.844663361057246220e+01
1.420820798105936644e+00 3.032555947389366580e+01 -5.761111519475208098e+01
1.436607695862669232e+00 3.124486298554845121e+01 -5.339558638621117126e+01
1.452394593619401819e+00 3.201146079977346659e+01 -4.452745575760879859e+01
1.468181491376134407e+00 3.265076376837406258e+01 -3.631545260453449941e+01
1.483968389132867216e+00 3.315807747428797825e+01 -2.761650833541454375e+01
1.499755286889599804e+00 3.352272175535235021e+01 -1.952082394539228005e+01
1.515542184646332391e+00 3.377442397779415018e+01 -1.312389573321011582e+01
1.531329082403064978e+00 3.393709295557276562e+01 -7.145242446493875299e+00
1.547115980159797566e+00 3.400002640169388002e+01 -1.963299148874153355e+00
1.562902877916530375e+00 3.399908176143107852e+01 9.658786278729867281e-01
1.578689775673262963e+00 3.396952994740659193e+01 7.548868739796437133e+00
1.594476673429995550e+00 3.376073532348275563e+01 1.388044904085929332e+01
1.610263571186728138e+00 3.353127148775542565e+01 1.920236048626141212e+01
1.626050468943460725e+00 3.315444392011369246e+01 2.530230412214383762e+01
1.641837366700193535e+00 3.273238171138334707e+01 3.080646048783503232e+01
1.657624264456926122e+00 3.218176703617714196e+01 3.689148730216530225e+01
1.673411162213658709e+00 3.156757743511717962e+01 4.383885366991702170e+01
1.689198059970391297e+00 3.079760803485845599e+01 4.810719357234159332e+01
1.704984957727123884e+00 3.004865074253737589e+01 5.136788720205969128e+01
1.720771855483856472e+00 2.917572886838187429e+01 5.552900513030072460e+01
1.736558753240589281e+00 2.829538928948709753e+01 5.787603104159089185e+01
1.752345650997321869e+00 2.734836289914371577e+01 6.170085294740054138e+01
1.768132548754054456e+00 2.634725917551948271e+01 6.491938143432912511e+01
1.783919446510787044e+00 2.529861162487555504e+01 6.646437774146858146e+01
1.799706344267519631e+00 2.424872650378064165e+01 6.679143706213372411e+01
1.815493242024252440e+00 2.318975244902526001e+01 6.671233989928094843e+01
1.831280139780985028e+00 2.214236472557595548e+01 6.744451525611432885e+01
1.847067037537717615e+00 2.106027311582391803e+01 6.830619724726928155e+01
1.862853935294450203e+00 1.998567882138825169e+01 6.545025691336070395e+01
1.878640833051182790e+00 1.899376008773770153e+01 6.179489683977821102e+01
1.894427730807915378e+00 1.803457938479341394e+01 5.990740077348622350e+01
1.910214628564648187e+00 1.710225606597243697e+01 5.891897550271483652e+01
1.926001526321380775e+00 1.617428370040782681e+01 5.782324844527653340e+01
1.941788424078113362e+00 1.527655664363697774e+01 5.594624008155961548e+01
1.957575321834845949e+00 1.440784855632542971e+01 5.515390056803484953e+01
1.973362219591578537e+00 1.353513866533184995e+01 5.558367499045109383e+01
1.989149117348311346e+00 1.265286096829001394e+01 5.573622719121907920e+01
2.004936015105043712e+00 1.177533442530425667e+01 5.547936212168489334e+01
2.020722912861776521e+00 1.090116693344244503e+01 5.426105097074358241e+01
2.036509810618509331e+00 1.006210709760828337e+01 5.236265637131234740e+01
2.052296708375241696e+00 9.247879128632780166e+00 5.053501649061419698e+01
2.068083606131974506e+00 8.466524820664036000e+00 4.699052379576132665e+01
2.083870503888706871e+00 7.764209939234788749e+00 4.288676799782786730e+01
2.099657401645439680e+00 7.112426777667193001e+00 3.829949717651913232e+01
2.115444299402172490e+00 6.554949447114833738e+00 3.219386255601020963e+01
2.131231197158904855e+00 6.095944344535120685e+00 2.628265830624130572e+01
2.147018094915637665e+00 5.725106168203291546e+00 2.025109468781385758e+01
2.162804992672370030e+00 5.456540421938263385e+00 1.391890567376043464e+01
2.178591890429102840e+00 5.285633486688768201e+00 8.180144350169396006e+00
2.194378788185835649e+00 5.198262216955386705e+00 2.176614035474718989e+00
2.210165685942568015e+00 5.216909520220951002e+00 -3.790827229412867982e+00
2.225952583699300824e+00 5.317953020723744650e+00 -8.924829311231043505e+00
2.241739481456033189e+00 5.498700255886340926e+00 -1.361407060450652828e+01
2.257526379212765999e+00 5.747800902096312115e+00 -1.747838596573348013e+01
2.273313276969498808e+00 6.050559240273830852e+00 -2.056180054821203029e+01
2.289100174726231174e+00 6.397014987994216639e+00 -2.281948125315435405e+01
2.304887072482963983e+00 6.771056875084280335e+00 -2.358257973331552648e+01
2.320673970239696349e+00 7.141606538173911112e+00 -2.229956700462020436e+01
2.336460867996429158e+00 7.475138843726975679e+00 -2.008034911193885108e+01
2.352247765753161524e+00 7.775619374873262046e+00 -1.759007600231903012e+01
2.368034663509894333e+00 8.030524306490509190e+00 -1.485514526871764041e+01
2.383821561266627143e+00 8.244652693910573760e+00 -1.178909279490799378e+01
2.399608459023359508e+00 8.402750711686200802e+00 -8.442111349548143906e+00
2.415395356780092317e+00 8.511202191363111069e+00 -6.043455472319712918e+00
2.431182254536824683e+00 8.593565538963956030e+00 -4.888150334272480357e+00
2.446969152293557492e+00 8.665539650456507204e+00 -3.328269395316358459e+00
2.462756050050290302e+00 8.698651636265399389e+00 -9.555689354086618348e-01
2.478542947807022667e+00 8.695710588622119985e+00 1.442824458988740899e+00
2.494329845563755477e+00 8.653096191835462747e+00 4.133047139469514519e+00
2.510116743320487842e+00 8.565214603392997006e+00 7.327270787366417792e+00
2.525903641077220652e+00 8.421746442323367887e+00 1.118933399201149292e+01
2.541690538833953461e+00 8.211924859997360215e+00 1.489868783448424772e+01
2.557477436590685826e+00 7.951338319218409723e+00 1.742146319454906589e+01
2.573264334347418636e+00 7.661863143547306798e+00 1.851176726536321482e+01
2.589051232104151001e+00 7.366851564988971646e+00 1.909145021036248835e+01
2.604838129860883811e+00 7.059073598549818307e+00 1.924342012209361030e+01
2.620625027617616620e+00 6.759263753074285397e+00 1.850695874062368418e+01
2.636411925374348986e+00 6.474738667697227612e+00 1.694635389326314723e+01
2.652198823131081795e+00 6.224203040549578958e+00 1.516158153318401247e+01
2.667985720887814161e+00 5.996029992707744505e+00 1.392061834162608314e+01
2.683772618644546970e+00 5.784676283610083125e+00 1.330572485729365262e+01
2.699559516401279780e+00 5.575917756905123035e+00 1.280712431873083013e+01
2.715346414158012145e+00 5.380306759254947835e+00 1.088466462915851274e+01
2.731133311914744954e+00 5.232247581671424008e+00 7.500923972654052641e+00
2.746920209671477320e+00 5.143474119580319304e+00 3.877911746926618441e+00
2.762707107428210129e+00 5.109807189154698115e+00 -1.833142931584114399e-01
2.778494005184942495e+00 5.149262047587198410e+00 -5.727338468392169979e+00
2.794280902941675304e+00 5.290641002792115799e+00 -1.233285207678085094e+01
2.810067800698408114e+00 5.538656997157292317e+00 -2.020964593643521923e+01
2.825854698455140479e+00 5.928736230988655542e+00 -2.738240946605999682e+01
2.841641596211873289e+00 6.403223594304646049e+00 -3.330333219530012201e+01
2.857428493968605654e+00 6.980248831640065710e+00 -3.847428638565961734e+01
2.873215391725338463e+00 7.618002845171963244e+00 -4.298059533950340239e+01
2.889002289482071273e+00 8.337309359936543984e+00 -4.673524854745470947e+01
2.904789187238803638e+00 9.093612026080272415e+00 -4.912895215957605188e+01
2.920576084995536448e+00 9.888496849213815665e+00 -5.031862146318985651e+01
2.936362982752268813e+00 1.068236189067849295e+01 -5.158983798377690988e+01
2.952149880509001623e+00 1.151738384428639073e+01 -5.229421739649367851e+01
2.967936778265734432e+00 1.233348881729208202e+01 -5.292047046431694213e+01
2.983723676022466798e+00 1.318828395720311164e+01 -5.247150757161167434e+01
2.999510573779199607e+00 1.399021346764139295e+01 -4.797557917555325702e+01
3.015297471535931972e+00 1.470305508373209236e+01 -4.488965222493576590e+01
3.031084369292664782e+00 1.540755016766208563e+01 -3.879164601657372202e+01
3.046871267049397591e+00 1.592785458269012011e+01 -2.947845349569962892e+01
3.062658164806129957e+00 1.633829683038850078e+01 -1.863501814186759731e+01
3.078445062562862766e+00 1.651623283489116290e+01 -7.519205890131000380e+00
3.094231960319595132e+00 1.657570669958714049e+01 -1.821021379755632719e+00
3.110018858076327941e+00 1.657372939156121561e+01 -2.205668740087612711e+00
3.125805755833060751e+00 1.664534803335710933e+01 -1.868719470080752454e-01
3.141592653589793116e+00 1.657962964820325169e+01 4.162843528002881932e+00
