0.000000000000000000e+00 1.621387140895591301e+02 1.398571252808956089e+01
1.578689775673262907e-02 1.619179230758231256e+02 2.797142505617642172e+01
3.157379551346525814e-02 1.612555500346151973e+02 5.594285011235284344e+01
4.736069327019788722e-02 1.601515949659352600e+02 8.391427516853016755e+01
6.314759102693051629e-02 1.586060578697833705e+02 9.789998769661701772e+01
7.893448878366314536e-02 1.570605207736315094e+02 9.789998769661612243e+01
9.472138654039577443e-02 1.555149836774796483e+02 9.789998769661701772e+01
1.105082842971284035e-01 1.539694465813277588e+02 9.789998769661792721e+01
1.262951820538610326e-01 1.524239094851758693e+02 9.789998769661792721e+01
1.420820798105936755e-01 1.508783723890239798e+02 9.789998769661701772e+01
1.578689775673262907e-01 1.493328352928721188e+02 9.789998769661701772e+01
1.736558753240589059e-01 1.477872981967202293e+02 9.789998769661792721e+01
1.894427730807915489e-01 1.462417611005683398e+02 9.789998769661701772e+01
2.052296708375241918e-01 1.446962240044164787e+02 9.789998769661701772e+01
2.210165685942568070e-01 1.431506869082645892e+02 9.789998769661701772e+01
2.368034663509894222e-01 1.416051498121127281e+02 9.789998769661792721e+01
2.525903641077220652e-01 1.400596127159608102e+02 9.789998769661792721e+01
2.683772618644547081e-01 1.385140756198089491e+02 9.789998769661701772e+01
2.841641596211873511e-01 1.369685385236570596e+02 9.789998769661792721e+01
2.999510573779199385e-01 1.354230014275051701e+02 9.789998769661701772e+01
3.157379551346525814e-01 1.338774643313533090e+02 9.789998769661701772e+01
3.315248528913852244e-01 1.323319272352014195e+02 9.789998769661792721e+01
3.473117506481178118e-01 1.307863901390495300e+02 9.789998769661701772e+01
3.630986484048504548e-01 1.292408530428976690e+02 9.789998769661657718e+01
3.788855461615830977e-01 1.276953159467457937e+02 9.789998769661701772e+01
3.946724439183157407e-01 1.261497788505939184e+02 9.789998769661747247e+01
4.104593416750483836e-01 1.246042417544420289e+02 9.789998769661792721e+01
4.262462394317809711e-01 1.230587046582901394e+02 9.789998769661747247e+01
4.420331371885136140e-01 1.215131675621382641e+02 9.789998769661701772e+01
4.578200349452462570e-01 1.199676304659863888e+02 9.789998769661747247e+01
4.736069327019788444e-01 1.184220933698344993e+02 9.789998769661747247e+01
4.893938304587114874e-01 1.168765562736826240e+02 9.789998769661747247e+01
5.051807282154441303e-01 1.153310191775307345e+02 9.789998769661747247e+01
5.209676259721767178e-01 1.137854820813788592e+02 9.789998769661747247e+01
5.367545237289094162e-01 1.122399449852269697e+02 9.789998769661747247e+01
5.525414214856420037e-01 1.106944078890750944e+02 9.789998769661747247e+01
5.683283192423747021e-01 1.091488707929232049e+02 9.789998769661747247e+01
5.841152169991072896e-01 1.076033336967713296e+02 9.789998769661747247e+01
5.999021147558398770e-01 1.060577966006194401e+02 9.789998769661747247e+01
6.156890125125725755e-01 1.045122595044675649e+02 9.789998769661747247e+01
6.314759102693051629e-01 1.029667224083156754e+02 9.789998769661747247e+01
6.472628080260377503e-01 1.014211853121638001e+02 9.789998769661747247e+01
6.630497057827704488e-01 9.987564821601191056e+01 9.789998769661701772e+01
6.788366035395030362e-01 9.833011111986004948e+01 9.789998769661701772e+01
6.946235012962356237e-01 9.678457402370815998e+01 9.789998769661747247e+01
7.104103990529683221e-01 9.523903692755628470e+01 9.789998769661701772e+01
7.261972968097009096e-01 9.369349983140440941e+01 9.789998769661747247e+01
7.419841945664336080e-01 9.214796273525251991e+01 9.789998769661701772e+01
7.577710923231661955e-01 9.060242563910065883e+01 9.789998769661747247e+01
7.735579900798987829e-01 8.905688854294875512e+01 9.789998769661792721e+01
7.893448878366314814e-01 8.751135144679687983e+01 9.789998769661747247e+01
8.051317855933640688e-01 8.596581435064499033e+01 9.789998769661701772e+01
8.209186833500967673e-01 8.442027725449312925e+01 9.789998769661747247e+01
8.367055811068293547e-01 8.287474015834122554e+01 9.789998769661747247e+01
8.524924788635619421e-01 8.132920306218936446e+01 9.789998769661701772e+01
8.682793766202946406e-01 7.978366596603747496e+01 9.690439882088323031e+01
8.840662743770272280e-01 7.826956338946351366e+01 9.223434691572019517e+01
8.998531721337598155e-01 7.687147755720251041e+01 9.322993579145445153e+01
9.156400698904925139e-01 7.532594046105063512e+01 1.195211915130928162e+02
9.314269676472251014e-01 7.309773989684239837e+01 1.546268828170317988e+02
9.472138654039576888e-01 7.044378288210111805e+01 1.808322925046323064e+02
9.630007631606903873e-01 6.738817807107000135e+01 2.049695767496289989e+02
9.787876609174229747e-01 6.397211537932680869e+01 2.288502396626232098e+02
9.945745586741556732e-01 6.016250740075481929e+01 2.527928256897075698e+02
1.010361456430888261e+00 5.599048639372891500e+01 2.702797472520175575e+02
1.026148354187620848e+00 5.162874992958854392e+01 2.488786294890379054e+02
1.041935251944353436e+00 4.813244343857054730e+01 2.091633026895342766e+02
1.057722149701086245e+00 4.502467058154815049e+01 1.817026208673357246e+02
1.073509047457818832e+00 4.239540204304458371e+01 1.570797618900542716e+02
1.089295945214551420e+00 4.006506630032776428e+01 1.365779391656037092e+02
1.105082842971284007e+00 3.808311812017931430e+01 1.182149557001925189e+02
1.120869740728016595e+00 3.633257146241653146e+01 9.844038240081263780e+01
1.136656638484749404e+00 3.497498161598873168e+01 9.098141220999140444e+01
1.152443536241481992e+00 3.345994295777197181e+01 9.177428285919303619e+01
1.168230433998214579e+00 3.207731917559765122e+01 8.799985107178140709e+01
1.184017331754947167e+00 3.068145365481614917e+01 8.182422323481711146e+01
1.199804229511679754e+00 2.949381788313340280e+01 6.946994770644988648e+01
1.215591127268412341e+00 2.848802373160157586e+01 5.564300026729829085e+01
1.231378025025145151e+00 2.773695717093803381e+01 4.193725485898642091e+01
1.247164922781877738e+00 2.716390542228786131e+01 2.887442854235908385e+01
1.262951820538610326e+00 2.682528186857342334e+01 1.730172933741391006e+01
1.278738718295342913e+00 2.661762415815903182e+01 7.217924644809095014e+00
1.294525616052075501e+00 2.659738459180661962e+01 -3.153640690640049371e+00
1.310312513808808310e+00 2.671719656444824409e+01 -1.244669929718835277e+01
1.326099411565540898e+00 2.699037413023363641e+01 -1.896358863013909613e+01
1.341886309322273485e+00 2.731594903405773067e+01 -2.332514432522498282e+01
1.357673207079006072e+00 2.772683746748035460e+01 -2.589163456828610776e+01
1.373460104835738660e+00 2.813344620942616459e+01 -3.130927976138409008e+01
1.389247002592471247e+00 2.871539026434017217e+01 -4.094619365791136545e+01
1.405033900349204057e+00 2.942627295503580598e+01 -4.511541521307941593e+01
1.420820798105936644e+00 3.013985515878302124e+01 -4.474723334452500012e+01
1.436607695862669232e+00 3.083911295044915235e+01 -4.349104532610886764e+01
1.452394593619401819e+00 3.151303253057643161e+01 -3.948517816928008983e+01
1.468181491376134407e+00 3.208580989177874443e+01 -3.996946212677675447e+01
1.483968389132867216e+00 3.277502015455047513e+01 -3.551726257014087906e+01
1.499755286889599804e+00 3.320722467736642614e+01 -2.458145114342014637e+01
1.515542184646332391e+00 3.355114986637705954e+01 -2.094596390051172463e+01
1.531329082403064978e+00 3.386856825839360852e+01 -1.852914517204229128e+01
1.547115980159797566e+00 3.413618530707843490e+01 -1.336257627572543960e+01
1.562902877916530375e+00 3.429047550925644572e+01 -9.780279993425391893e+00
1.578689775673262963e+00 3.444498586765528358e+01 3.713186623042521312e-02
1.594476673429995550e+00 3.428930311530505293e+01 8.666252760705242864e+00
1.610263571186728138e+00 3.417135937512077248e+01 1.472886534824882432e+01
1.626050468943460725e+00 3.382425693265408029e+01 2.703286465198434030e+01
1.641837366700193535e+00 3.331782923445583577e+01 3.779686952699746882e+01
1.657624264456926122e+00 3.263086630315953585e+01 4.510545626976663414e+01
1.673411162213658709e+00 3.189367878165267456e+01 5.112611532795432367e+01
1.689198059970391297e+00 3.101662079239686420e+01 5.422096322966821447e+01
1.704984957727123884e+00 3.018171717609601146e+01 5.519003162778204796e+01
1.720771855483856472e+00 2.927406201939959374e+01 5.620520270511590155e+01
1.736558753240589281e+00 2.840710559909181754e+01 5.691308528358814556e+01
1.752345650997321869e+00 2.747709990261517277e+01 5.917396252866167572e+01
1.768132548754054456e+00 2.653875900649039821e+01 6.051101101427298090e+01
1.783919446510787044e+00 2.556653761453747364e+01 6.191256664713153413e+01
1.799706344267519631e+00 2.458394428746007776e+01 6.133487544705897676e+01
1.815493242024252440e+00 2.362996279932817245e+01 6.147296960666875520e+01
1.831280139780985028e+00 2.264300931549365359e+01 6.330690339800283795e+01
1.847067037537717615e+00 2.163112357684893183e+01 6.184936586724934671e+01
1.862853935294450203e+00 2.069019008496362488e+01 5.898978920942144555e+01
1.878640833051182790e+00 1.976859203496823980e+01 5.771577920599369094e+01
1.894427730807915378e+00 1.886788387441326975e+01 5.627468194541616953e+01
1.910214628564648187e+00 1.799178673463837441e+01 5.785235334519119732e+01
1.926001526321380775e+00 1.704126549991946504e+01 6.013614263172741659e+01
1.941788424078113362e+00 1.609306046421563252e+01 5.982191294275209970e+01
1.957575321834845949e+00 1.515246065344068960e+01 6.068982773793378982e+01
1.973362219591578537e+00 1.417685225347067934e+01 6.132232976475815178e+01
1.989149117348311346e+00 1.321628195303893172e+01 6.051937313679376729e+01
2.004936015105043712e+00 1.226602594144645053e+01 6.001908881439986487e+01
2.020722912861776521e+00 1.132125151590856049e+01 5.780991346634036887e+01
2.036509810618509331e+00 1.044074755500909824e+01 5.429261446010680459e+01
2.052296708375241696e+00 9.607027609053741202e+00 5.113352211689168314e+01
2.068083606131974506e+00 8.826268183807107093e+00 4.672351330075006359e+01
2.083870503888706871e+00 8.131788954425184457e+00 4.198573178531680838e+01
2.099657401645439680e+00 7.500619273934315601e+00 3.727330287957504851e+01
2.115444299402172490e+00 6.954929311194026020e+00 3.151968230186837161e+01
2.131231197158904855e+00 6.505423270285733750e+00 2.568761566493196113e+01
2.147018094915637665e+00 6.143873786960977412e+00 1.945572732882005695e+01
2.162804992672370030e+00 5.891132114039831613e+00 1.289524298260742974e+01
2.178591890429102840e+00 5.736722021931682569e+00 7.046530675912531017e+00
2.194378788185835649e+00 5.668646395399209226e+00 1.423615142571725611e+00
2.210165685942568015e+00 5.691773088530250213e+00 -3.757771225535624371e+00
2.225952583699300824e+00 5.787293495660654763e+00 -8.871910651952211069e+00
2.241739481456033189e+00 5.971892981268723588e+00 -1.348575163787154985e+01
2.257526379212765999e+00 6.213089860220190275e+00 -1.620892424403310983e+01
2.273313276969498808e+00 6.483670240843074417e+00 -1.852860817527475135e+01
2.289100174726231174e+00 6.798108345895435889e+00 -2.054469423077977908e+01
2.304887072482963983e+00 7.132344215372384610e+00 -2.122435333664206425e+01
2.320673970239696349e+00 7.468241738052106449e+00 -2.137627670726031326e+01
2.336460867996429158e+00 7.807274404966672243e+00 -2.013088907393077065e+01
2.352247765753161524e+00 8.103850313176648612e+00 -1.825089987981687401e+01
2.368034663509894333e+00 8.383524585708737931e+00 -1.675604148625603429e+01
2.383821561266627143e+00 8.632902140678837100e+00 -1.394103813737376640e+01
2.399608459023359508e+00 8.823696073103597826e+00 -1.062134822698170034e+01
2.415395356780092317e+00 8.968258417674864091e+00 -7.835763605920041286e+00
2.431182254536824683e+00 9.071100870888770373e+00 -4.937262606275394816e+00
2.446969152293557492e+00 9.124146537601681928e+00 -2.169652509116150707e+00
2.462756050050290302e+00 9.139605035546880529e+00 8.717167176600238987e-01
2.478542947807022667e+00 9.096623132212615204e+00 3.682469006371747344e+00
2.494329845563755477e+00 9.023335512155025384e+00 5.863562098391684962e+00
2.510116743320487842e+00 8.911488221537490872e+00 8.665212926116403480e+00
2.525903641077220652e+00 8.749741851145190097e+00 1.162280805766105374e+01
2.541690538833953461e+00 8.544512056632644459e+00 1.434685507635511748e+01
2.557477436590685826e+00 8.296757182703032640e+00 1.649740505272712454e+01
2.573264334347418636e+00 8.023626362995029737e+00 1.755614901789506277e+01
2.589051232104151001e+00 7.742442923608090055e+00 1.878610001384740968e+01
2.604838129860883811e+00 7.430477882662304800e+00 2.005756108144453975e+01
2.620625027617616620e+00 7.109149591523721057e+00 2.054044364688982682e+01
2.636411925374348986e+00 6.781938115199548811e+00 1.990622829264607674e+01
2.652198823131081795e+00 6.480634409967357179e+00 1.853492327428179109e+01
2.667985720887814161e+00 6.196720237879607573e+00 1.712067648520816121e+01
2.683772618644546970e+00 5.940069671571201582e+00 1.581882919010190491e+01
2.699559516401279780e+00 5.697259759768894760e+00 1.408358417475072955e+01
2.715346414158012145e+00 5.495397464740946702e+00 1.123302392381519077e+01
2.731133311914744954e+00 5.342590559400490768e+00 6.840592447239000506e+00
2.746920209671477320e+00 5.279413997620867605e+00 2.298603779875863395e+00
2.762707107428210129e+00 5.270014913688211955e+00 -2.239788294780673539e+00
2.778494005184942495e+00 5.350132615233725630e+00 -7.115817412155845290e+00
2.794280902941675304e+00 5.494688277570776158e+00 -1.306133218367489057e+01
2.810067800698408114e+00 5.762528446734519250e+00 -2.011748617720520116e+01
2.825854698455140479e+00 6.129873672374817062e+00 -2.712929929841267551e+01
2.841641596211873289e+00 6.619103395206197504e+00 -3.360062903123498756e+01
2.857428493968605654e+00 7.190773062530834814e+00 -3.829942126257685686e+01
2.873215391725338463e+00 7.828361490434862624e+00 -4.307264942065147295e+01
2.889002289482071273e+00 8.550740087561662151e+00 -4.863524660580763737e+01
2.904789187238803638e+00 9.363960821513588328e+00 -5.195908155236942605e+01
2.920576084995536448e+00 1.019128550356363938e+01 -5.357346589328795972e+01
2.936362982752268813e+00 1.105547847857586774e+01 -5.414081336382032816e+01
2.952149880509001623e+00 1.190071647364558949e+01 -5.255233116938935467e+01
2.967936778265734432e+00 1.271475503667407381e+01 -5.100312696597671902e+01
2.983723676022466798e+00 1.351107877501664412e+01 -4.640008182971326534e+01
2.999510573779199607e+00 1.417978173217349536e+01 -4.133710787039044732e+01
3.015297471535931972e+00 1.481624816603440742e+01 -3.670334413537195672e+01
3.031084369292664782e+00 1.533864561456407394e+01 -2.831090089311153335e+01
3.046871267049397591e+00 1.571013076163549194e+01 -2.157289617241263713e+01
3.062658164806129957e+00 1.601978382694504788e+01 -2.009282963003244049e+01
3.078445062562862766e+00 1.634453765566103201e+01 -1.742515632462272990e+01
3.094231960319595132e+00 1.656996214952885182e+01 -1.446493750788035904e+01
3.110018858076327941e+00 1.680125063464990021e+01 -1.331702854296275973e+01
3.125805755833060751e+00 1.699043128559133820e+01 -1.337896344687350592e+01
3.141592653589793116e+00 1.722367529070361059e+01 -1.477453067134744380e+01
