0.000000000000000000e+00 1.948896940930610242e+02 1.260288924573233160e+01
1.578689775673262907e-02 1.946907335690992227e+02 2.520577849146286198e+01
3.157379551346525814e-02 1.940938519972138749e+02 5.041155698292572396e+01
4.736069327019788722e-02 1.930990493774049241e+02 7.561733547438768710e+01
6.314759102693051629e-02 1.917063257096724556e+02 8.822022472011822458e+01
7.893448878366314536e-02 1.903136020419399586e+02 8.822022472011911987e+01
9.472138654039577443e-02 1.889208783742074615e+02 8.822022472011911987e+01
1.105082842971284035e-01 1.875281547064749645e+02 8.822022472011911987e+01
1.262951820538610326e-01 1.861354310387424675e+02 8.822022472011822458e+01
1.420820798105936755e-01 1.847427073710099990e+02 8.822022472011822458e+01
1.578689775673262907e-01 1.833499837032775019e+02 8.822022472011911987e+01
1.736558753240589059e-01 1.819572600355450049e+02 8.822022472011911987e+01
1.894427730807915489e-01 1.805645363678125079e+02 8.822022472011911987e+01
2.052296708375241918e-01 1.791718127000800109e+02 8.822022472011822458e+01
2.210165685942568070e-01 1.777790890323475423e+02 8.822022472011822458e+01
2.368034663509894222e-01 1.763863653646150453e+02 8.822022472012002936e+01
2.525903641077220652e-01 1.749936416968825199e+02 8.822022472012002936e+01
2.683772618644547081e-01 1.736009180291500229e+02 8.822022472011911987e+01
2.841641596211873511e-01 1.722081943614175259e+02 8.822022472011822458e+01
2.999510573779199385e-01 1.708154706936850573e+02 8.822022472011822458e+01
3.157379551346525814e-01 1.694227470259525603e+02 8.822022472011911987e+01
3.315248528913852244e-01 1.680300233582200633e+02 8.822022472011911987e+01
3.473117506481178118e-01 1.666372996904875663e+02 8.822022472011911987e+01
3.630986484048504548e-01 1.652445760227550693e+02 8.822022472011911987e+01
3.788855461615830977e-01 1.638518523550225723e+02 8.822022472011822458e+01
3.946724439183157407e-01 1.624591286872901037e+02 8.822022472011822458e+01
4.104593416750483836e-01 1.610664050195576067e+02 8.822022472011911987e+01
4.262462394317809711e-01 1.596736813518251097e+02 8.822022472012002936e+01
4.420331371885136140e-01 1.582809576840925843e+02 8.822022472011911987e+01
4.578200349452462570e-01 1.568882340163601157e+02 8.822022472011911987e+01
4.736069327019788444e-01 1.554955103486275902e+02 8.822022472011911987e+01
4.893938304587114874e-01 1.541027866808951217e+02 8.822022472011732930e+01
5.051807282154441303e-01 1.527100630131626531e+02 8.822022472011911987e+01
5.209676259721767178e-01 1.513173393454301277e+02 8.822022472011911987e+01
5.367545237289094162e-01 1.499246156776976591e+02 8.822022472011911987e+01
5.525414214856420037e-01 1.485318920099651336e+02 8.822022472011911987e+01
5.683283192423747021e-01 1.471391683422326651e+02 8.822022472011822458e+01
5.841152169991072896e-01 1.457464446745001680e+02 8.822022472011911987e+01
5.999021147558398770e-01 1.443537210067676710e+02 8.822022472011911987e+01
6.156890125125725755e-01 1.429609973390351740e+02 8.822022472011911987e+01
6.314759102693051629e-01 1.415682736713026770e+02 8.822022472011911987e+01
6.472628080260377503e-01 1.401755500035701800e+02 8.822022472011911987e+01
6.630497057827704488e-01 1.387828263358376830e+02 8.822022472011822458e+01
6.788366035395030362e-01 1.373901026681052144e+02 8.822022472011822458e+01
6.946235012962356237e-01 1.359973790003727174e+02 8.822022472012002936e+01
7.104103990529683221e-01 1.346046553326401920e+02 8.822022472011911987e+01
7.261972968097009096e-01 1.332119316649077234e+02 8.822022472011911987e+01
7.419841945664336080e-01 1.318192079971751980e+02 8.822022472011822458e+01
7.577710923231661955e-01 1.304264843294427578e+02 8.822022472011822458e+01
7.735579900798987829e-01 1.290337606617102324e+02 8.822022472012002936e+01
7.893448878366314814e-01 1.276410369939777354e+02 8.822022472011911987e+01
8.051317855933640688e-01 1.262483133262452384e+02 8.822022472011867933e+01
8.209186833500967673e-01 1.248555896585127556e+02 8.822022472011867933e+01
8.367055811068293547e-01 1.234628659907802586e+02 8.822022472011911987e+01
8.524924788635619421e-01 1.220701423230477616e+02 8.822022472011911987e+01
8.682793766202946406e-01 1.206774186553152646e+02 8.822022472011911987e+01
8.840662743770272280e-01 1.192846949875827676e+02 8.822022472011867933e+01
8.998531721337598155e-01 1.178919713198502848e+02 8.822022472011867933e+01
9.156400698904925139e-01 1.164992476521177878e+02 8.822022472011911987e+01
9.314269676472251014e-01 1.151065239843852908e+02 8.822022472011867933e+01
9.472138654039576888e-01 1.137138003166528080e+02 8.822022472011867933e+01
9.630007631606903873e-01 1.123210766489203110e+02 8.822022472011957461e+01
9.787876609174229747e-01 1.109283529811877997e+02 8.822022472011867933e+01
9.945745586741556732e-01 1.095356293134553312e+02 8.822022472011822458e+01
1.010361456430888261e+00 1.081429056457228342e+02 8.822022472011911987e+01
1.026148354187620848e+00 1.067501819779903371e+02 8.822022472011957461e+01
1.041935251944353436e+00 1.053574583102578259e+02 8.822022472011957461e+01
1.057722149701086245e+00 1.039647346425253289e+02 8.822022472011867933e+01
1.073509047457818832e+00 1.025720109747928461e+02 8.822022472011867933e+01
1.089295945214551420e+00 1.011792873070603491e+02 8.822022472011911987e+01
1.105082842971284007e+00 9.978656363932785212e+01 8.822022472011867933e+01
1.120869740728016595e+00 9.839383997159536932e+01 8.822022472011911987e+01
1.136656638484749404e+00 9.700111630386285810e+01 8.822022472011957461e+01
1.152443536241481992e+00 9.560839263613036110e+01 8.822022472011867933e+01
1.168230433998214579e+00 9.421566896839787830e+01 8.822022472011822458e+01
1.184017331754947167e+00 9.282294530066539551e+01 8.822022472011867933e+01
1.199804229511679754e+00 9.143022163293289850e+01 8.822022472011911987e+01
1.215591127268412341e+00 9.003749796520040150e+01 8.822022472011911987e+01
1.231378025025145151e+00 8.864477429746790449e+01 8.822022472011911987e+01
1.247164922781877738e+00 8.725205062973540748e+01 8.822022472011911987e+01
1.262951820538610326e+00 8.585932696200291048e+01 8.822022472011867933e+01
1.278738718295342913e+00 8.446660329427042768e+01 8.822022472011867933e+01
1.294525616052075501e+00 8.307387962653793068e+01 8.822022472011911987e+01
1.310312513808808310e+00 8.168115595880543367e+01 8.822022472011911987e+01
1.326099411565540898e+00 8.028843229107293666e+01 8.822022472011867933e+01
1.341886309322273485e+00 7.889570862334045387e+01 8.822022472011867933e+01
1.357673207079006072e+00 7.750298495560795686e+01 8.822022472011911987e+01
1.373460104835738660e+00 7.611026128787545986e+01 8.822022472011911987e+01
1.389247002592471247e+00 7.471753762014296285e+01 8.822022472011867933e+01
1.405033900349204057e+00 7.332481395241048006e+01 8.822022472011867933e+01
1.420820798105936644e+00 7.193209028467798305e+01 8.833055938645659921e+01
1.436607695862669232e+00 7.053588293275250010e+01 8.853983437762995834e+01
1.452394593619401819e+00 6.913655165924261325e+01 8.842949971129247899e+01
1.468181491376134407e+00 6.774382799151011625e+01 1.025248089986750273e+02
1.483968389132867216e+00 6.589945430486136502e+01 1.096275090930055285e+02
1.499755286889599804e+00 6.428247143675700670e+01 1.110990103176433195e+02
1.515542184646332391e+00 6.239163687134372793e+01 1.295531874674226742e+02
1.531329082403064978e+00 6.019198558754297324e+01 1.476007264525940457e+02
1.547115980159797566e+00 5.773132171669060142e+01 1.614784803078464961e+02
1.562902877916530375e+00 5.509349707047790190e+01 1.666235155462767636e+02
1.578689775673262963e+00 5.247038490909775987e+01 1.516271525461959584e+02
1.594476673429995550e+00 5.030605236169530770e+01 1.528053927545990405e+02
1.610263571186728138e+00 4.764573868490930408e+01 1.509382885497115865e+02
1.626050468943460725e+00 4.554035770387429949e+01 1.221860733082504140e+02
1.641837366700193535e+00 4.378786059168132994e+01 9.866674535133179802e+01
1.657624264456926122e+00 4.242507406217220023e+01 7.887687682899081665e+01
1.673411162213658709e+00 4.129741821194198792e+01 6.915960320011399176e+01
1.689198059970391297e+00 4.024144289293940346e+01 6.982535292338820909e+01
1.704984957727123884e+00 3.909276679708338520e+01 6.133403281734528179e+01
1.720771855483856472e+00 3.830489468274837606e+01 6.101512168356559584e+01
1.736558753240589281e+00 3.716628782181728496e+01 7.404340522830628402e+01
1.752345650997321869e+00 3.596706334694918894e+01 7.351195962650561455e+01
1.768132548754054456e+00 3.484523624077588266e+01 7.234834104888825834e+01
1.783919446510787044e+00 3.368275162093314634e+01 7.678337477996302596e+01
1.799706344267519631e+00 3.242089366663956440e+01 7.129991571168923770e+01
1.815493242024252440e+00 3.143154266212496140e+01 6.543374185454969449e+01
1.831280139780985028e+00 3.035490208164313941e+01 6.358829137204664761e+01
1.847067037537717615e+00 2.942381895329331343e+01 5.708308149247172025e+01
1.862853935294450203e+00 2.855257253932136408e+01 6.476782276037020836e+01
1.878640833051182790e+00 2.737885296160502335e+01 7.494273126062870460e+01
1.894427730807915378e+00 2.618634606727769309e+01 7.492068934208205633e+01
1.910214628564648187e+00 2.501332243659026844e+01 8.049567113725440493e+01
1.926001526321380775e+00 2.364479220707087492e+01 8.568358806438058650e+01
1.941788424078113362e+00 2.230796634818552349e+01 8.697759186153454891e+01
1.957575321834845949e+00 2.089857950738114312e+01 8.968901811075090791e+01
1.973362219591578537e+00 1.947614363055319231e+01 8.461295833289956647e+01
1.989149117348311346e+00 1.822702726318881616e+01 7.695233386726692970e+01
2.004936015105043712e+00 1.704646637674419907e+01 7.239477753737084242e+01
2.020722912861776521e+00 1.594124936098106105e+01 6.767640400463359640e+01
2.036509810618509331e+00 1.490966543561523672e+01 6.404029328971644475e+01
2.052296708375241696e+00 1.391925423602921263e+01 6.087720566796205190e+01
2.068083606131974506e+00 1.298754099242383475e+01 5.792193295018671506e+01
2.083870503888706871e+00 1.209043896931537176e+01 5.652406662498956536e+01
2.099657401645439680e+00 1.120286167121692777e+01 5.503543683011982068e+01
2.115444299402172490e+00 1.035276134084693389e+01 5.407907846854743639e+01
2.131231197158904855e+00 9.495379906094369105e+00 5.257574209315308877e+01
2.147018094915637665e+00 8.692745611029030428e+00 4.973622653077368483e+01
2.162804992672370030e+00 7.925018460000335274e+00 4.672415827529963650e+01
2.178591890429102840e+00 7.217486592105934129e+00 4.246888736948964294e+01
2.194378788185835649e+00 6.584114494511681848e+00 3.822100742281715213e+01
2.210165685942568015e+00 6.010704319419267527e+00 3.467875214116301663e+01
2.225952583699300824e+00 5.489174665744455339e+00 3.006350649813203191e+01
2.241739481456033189e+00 5.061485312829512750e+00 2.554890095568813635e+01
2.257526379212765999e+00 4.682498891375781014e+00 2.180152276276829326e+01
2.273313276969498808e+00 4.373128491235708459e+00 1.708471121983775376e+01
2.289100174726231174e+00 4.143069712914018154e+00 1.249583810159196240e+01
2.304887072482963983e+00 3.978587454246675925e+00 7.639384274841023448e+00
2.320673970239696349e+00 3.901865355971405602e+00 2.639352335935110982e+00
2.336460867996429158e+00 3.895253083303873876e+00 -1.084424400904189456e+00
2.352247765753161524e+00 3.936104750255366547e+00 -4.700262469453583059e+00
2.368034663509894333e+00 4.043658209374016543e+00 -8.257925974379089595e+00
2.383821561266627143e+00 4.196838816335745292e+00 -1.104085467610097204e+01
2.399608459023359508e+00 4.392259897211115316e+00 -1.393182177445010161e+01
2.415395356780092317e+00 4.636719308172275511e+00 -1.533011223443955906e+01
2.431182254536824683e+00 4.876289726099781952e+00 -1.524431775333269101e+01
2.446969152293557492e+00 5.118040279658290004e+00 -1.578694183640928728e+01
2.462756050050290302e+00 5.374743399425538470e+00 -1.570317435933269046e+01
2.478542947807022667e+00 5.613849095792151189e+00 -1.515168900893331028e+01
2.494329845563755477e+00 5.853139729877217867e+00 -1.443671046309194850e+01
2.510116743320487842e+00 6.069670839840920706e+00 -1.176941730103311201e+01
2.525903641077220652e+00 6.224744905052677524e+00 -9.258085791456782232e+00
2.541690538833953461e+00 6.361983747466495309e+00 -8.351750349629279313e+00
2.557477436590685826e+00 6.488441362771384391e+00 -6.851810119253515019e+00
2.573264334347418636e+00 6.578321399068897790e+00 -4.268628604824549200e+00
2.589051232104151001e+00 6.623218169463043203e+00 -1.920755562827870744e+00
2.604838129860883811e+00 6.638966942440975849e+00 4.719533945861446034e-01
2.620625027617616620e+00 6.608316809490494492e+00 1.889550350502406939e+00
2.636411925374348986e+00 6.579306666061816244e+00 3.154762693316602196e+00
2.652198823131081795e+00 6.508708977318207189e+00 6.226237251745843082e+00
2.667985720887814161e+00 6.382720724256873090e+00 9.674147137049711631e+00
2.683772618644546970e+00 6.203259433845824233e+00 1.106061920126731124e+01
2.699559516401279780e+00 6.033494995343751555e+00 1.262949951514264058e+01
2.715346414158012145e+00 5.804498198717301882e+00 1.485405014870098483e+01
2.731133311914744954e+00 5.564496253401908454e+00 1.590255300177140363e+01
2.746920209671477320e+00 5.302394242097328458e+00 1.645836166151257984e+01
2.762707107428210129e+00 5.044843307814653954e+00 1.645882464789552202e+01
2.778494005184942495e+00 4.782726678272693377e+00 1.578570250159632771e+01
2.794280902941675304e+00 4.546428764992854532e+00 1.508586849053774159e+01
2.810067800698408114e+00 4.306408551409425911e+00 1.416928794394345381e+01
2.825854698455140479e+00 4.099050564879375358e+00 1.235481980831319149e+01
2.841641596211873289e+00 3.916319997176035184e+00 1.214044790529807116e+01
2.857428493968605654e+00 3.715730545275616414e+00 1.303199849881317185e+01
2.873215391725338463e+00 3.504850341442721895e+00 1.164984625589560174e+01
2.889002289482071273e+00 3.347900681828659852e+00 9.470612846592226575e+00
2.904789187238803638e+00 3.205827148037221797e+00 8.473602793502365671e+00
2.920576084995536448e+00 3.080356879964288197e+00 5.307243646167774109e+00
2.936362982752268813e+00 3.038257322412982742e+00 1.921828481016992329e+00
2.952149880509001623e+00 3.019677460492704135e+00 -1.902116076321784810e+00
2.967936778265734432e+00 3.098314346449641654e+00 -7.687904507611409421e+00
2.983723676022466798e+00 3.262413785343074579e+00 -1.036858031656749191e+01
2.999510573779199607e+00 3.425689781129884537e+00 -1.217165209195075093e+01
3.015297471535931972e+00 3.646719039555369246e+00 -1.576528165839222595e+01
3.031084369292664782e+00 3.923459560424145121e+00 -1.552756584617316093e+01
3.046871267049397591e+00 4.136983228404307766e+00 -1.285048600494377524e+01
3.062658164806129957e+00 4.329198177792886959e+00 -6.854846325704681220e+00
3.078445062562862766e+00 4.353416744568336050e+00 -1.559380807300178584e-01
3.094231960319595132e+00 4.334121734866618780e+00 1.392336344543547488e+00
3.110018858076327941e+00 4.309455401539752373e+00 -3.930364764998973692e-01
3.125805755833060751e+00 4.346531388204959434e+00 -9.719336364381333526e-01
3.141592653589793116e+00 4.340143035429308682e+00 4.046616931389395155e-01
