0.000000000000000000e+00 2.301327370463939417e+02 1.680171440663817251e+01
1.578689775673262907e-02 2.298674900989185232e+02 3.360342881327634501e+01
3.157379551346525814e-02 2.290717492564922679e+02 6.720685762655269002e+01
4.736069327019788722e-02 2.277455145191151757e+02 1.008102864398290279e+02
6.314759102693051629e-02 2.258887858867872467e+02 1.176120008464671969e+02
7.893448878366314536e-02 2.240320572544593176e+02 1.176120008464671969e+02
9.472138654039577443e-02 2.221753286221313886e+02 1.176120008464671969e+02
1.105082842971284035e-01 2.203185999898034595e+02 1.176120008464671969e+02
1.262951820538610326e-01 2.184618713574755304e+02 1.176120008464671969e+02
1.420820798105936755e-01 2.166051427251476014e+02 1.176120008464671969e+02
1.578689775673262907e-01 2.147484140928196723e+02 1.176120008464671969e+02
1.736558753240589059e-01 2.128916854604917432e+02 1.176120008464671969e+02
1.894427730807915489e-01 2.110349568281638142e+02 1.176120008464671969e+02
2.052296708375241918e-01 2.091782281958358851e+02 1.176120008464671969e+02
2.210165685942568070e-01 2.073214995635079561e+02 1.176120008464671969e+02
2.368034663509894222e-01 2.054647709311800270e+02 1.176120008464671969e+02
2.525903641077220652e-01 2.036080422988520979e+02 1.176120008464671969e+02
2.683772618644547081e-01 2.017513136665241689e+02 1.176120008464671969e+02
2.841641596211873511e-01 1.998945850341962398e+02 1.176120008464671969e+02
2.999510573779199385e-01 1.980378564018683107e+02 1.176120008464671969e+02
3.157379551346525814e-01 1.961811277695403817e+02 1.176120008464671969e+02
3.315248528913852244e-01 1.943243991372124526e+02 1.176120008464671969e+02
3.473117506481178118e-01 1.924676705048845236e+02 1.176120008464671969e+02
3.630986484048504548e-01 1.906109418725565945e+02 1.176120008464663016e+02
3.788855461615830977e-01 1.887542132402286938e+02 1.176120008464663016e+02
3.946724439183157407e-01 1.868974846079007648e+02 1.176120008464671969e+02
4.104593416750483836e-01 1.850407559755728357e+02 1.176120008464671969e+02
4.262462394317809711e-01 1.831840273432449067e+02 1.176120008464671969e+02
4.420331371885136140e-01 1.813272987109169776e+02 1.176120008464671969e+02
4.578200349452462570e-01 1.794705700785890485e+02 1.176120008464671969e+02
4.736069327019788444e-01 1.776138414462611195e+02 1.176120008464671969e+02
4.893938304587114874e-01 1.757571128139331904e+02 1.176120008464671969e+02
5.051807282154441303e-01 1.739003841816052613e+02 1.176120008464671969e+02
5.209676259721767178e-01 1.720436555492773323e+02 1.176120008464671969e+02
5.367545237289094162e-01 1.701869269169494032e+02 1.176120008464671969e+02
5.525414214856420037e-01 1.683301982846214742e+02 1.176120008464671969e+02
5.683283192423747021e-01 1.664734696522935451e+02 1.176120008464671969e+02
5.841152169991072896e-01 1.646167410199656160e+02 1.176120008464671969e+02
5.999021147558398770e-01 1.627600123876376870e+02 1.176120008464671969e+02
6.156890125125725755e-01 1.609032837553097579e+02 1.176120008464671969e+02
6.314759102693051629e-01 1.590465551229818288e+02 1.176120008464671969e+02
6.472628080260377503e-01 1.571898264906538998e+02 1.176120008464671969e+02
6.630497057827704488e-01 1.553330978583259707e+02 1.176120008464671969e+02
6.788366035395030362e-01 1.534763692259980417e+02 1.176120008464671969e+02
6.946235012962356237e-01 1.516196405936701126e+02 1.176120008464671969e+02
7.104103990529683221e-01 1.497629119613421835e+02 1.176120008464671969e+02
7.261972968097009096e-01 1.479061833290142545e+02 1.176120008464671969e+02
7.419841945664336080e-01 1.460494546966863254e+02 1.176120008464671969e+02
7.577710923231661955e-01 1.441927260643583963e+02 1.176120008464671969e+02
7.735579900798987829e-01 1.423359974320304673e+02 1.176120008464671969e+02
7.893448878366314814e-01 1.404792687997025382e+02 1.176120008464671969e+02
8.051317855933640688e-01 1.386225401673746092e+02 1.176120008464671969e+02
8.209186833500967673e-01 1.367658115350466801e+02 1.176120008464671969e+02
8.367055811068293547e-01 1.349090829027187510e+02 1.176120008464671969e+02
8.524924788635619421e-01 1.330523542703908220e+02 1.176120008464663016e+02
8.682793766202946406e-01 1.311956256380629213e+02 1.176120008464663016e+02
8.840662743770272280e-01 1.293388970057349923e+02 1.176120008464671969e+02
8.998531721337598155e-01 1.274821683734070632e+02 1.176120008464667421e+02
9.156400698904925139e-01 1.256254397410791483e+02 1.176120008464663016e+02
9.314269676472251014e-01 1.237687111087512335e+02 1.176120008464667421e+02
9.472138654039576888e-01 1.219119824764233044e+02 1.176120008464676516e+02
9.630007631606903873e-01 1.200552538440953612e+02 1.176120008464671969e+02
9.787876609174229747e-01 1.181985252117674463e+02 1.176120008464663016e+02
9.945745586741556732e-01 1.163417965794395315e+02 1.176120008464671969e+02
1.010361456430888261e+00 1.144850679471115882e+02 1.176120008464680922e+02
1.026148354187620848e+00 1.126283393147836449e+02 1.176120008464671969e+02
1.041935251944353436e+00 1.107716106824557301e+02 1.176120008464671969e+02
1.057722149701086245e+00 1.089148820501277868e+02 1.176120008464676516e+02
1.073509047457818832e+00 1.070581534177998577e+02 1.176120008464667421e+02
1.089295945214551420e+00 1.052014247854719429e+02 1.176120008464667421e+02
1.105082842971284007e+00 1.033446961531440138e+02 1.176120008464671969e+02
1.120869740728016595e+00 1.014879675208160847e+02 1.176120008464671969e+02
1.136656638484749404e+00 9.963123888848815568e+01 1.176120008464671969e+02
1.152443536241481992e+00 9.777451025616022662e+01 1.176120008464671969e+02
1.168230433998214579e+00 9.591778162383229756e+01 1.176120008464671969e+02
1.184017331754947167e+00 9.406105299150436849e+01 1.176120008464671969e+02
1.199804229511679754e+00 9.220432435917643943e+01 1.176120008464671969e+02
1.215591127268412341e+00 9.034759572684851037e+01 1.176120008464667421e+02
1.231378025025145151e+00 8.849086709452059551e+01 1.176120008464667421e+02
1.247164922781877738e+00 8.663413846219266645e+01 1.176120008464671969e+02
1.262951820538610326e+00 8.477740982986473739e+01 1.176120008464676516e+02
1.278738718295342913e+00 8.292068119753679412e+01 1.176120008464671969e+02
1.294525616052075501e+00 8.106395256520887926e+01 1.176120008464667421e+02
1.310312513808808310e+00 7.920722393288095020e+01 1.176120008464671969e+02
1.326099411565540898e+00 7.735049530055302114e+01 1.176120008464671969e+02
1.341886309322273485e+00 7.549376666822509208e+01 1.176120008464671969e+02
1.357673207079006072e+00 7.363703803589716301e+01 1.176120008464671969e+02
1.373460104835738660e+00 7.178030940356923395e+01 1.176120008464671969e+02
1.389247002592471247e+00 6.992358077124130489e+01 1.176120008464667421e+02
1.405033900349204057e+00 6.806685213891339004e+01 1.176120008464667421e+02
1.420820798105936644e+00 6.621012350658546097e+01 1.176120008464671969e+02
1.436607695862669232e+00 6.435339487425753191e+01 1.176120008464676516e+02
1.452394593619401819e+00 6.249666624192958864e+01 1.176120008464674243e+02
1.468181491376134407e+00 6.063993760960166668e+01 1.290504478380259172e+02
1.483968389132867216e+00 5.842205379097064366e+01 1.236297750179952715e+02
1.499755286889599804e+00 5.673647637380776843e+01 1.121913280264363237e+02
1.515542184646332391e+00 5.487974774147983936e+01 1.100739684569855683e+02
1.531329082403064978e+00 5.326102340239128097e+01 1.065773859974492126e+02
1.547115980159797566e+00 5.151469514963672225e+01 1.077180976230062015e+02
1.562902877916530375e+00 4.985995421494299507e+01 1.053551326184233687e+02
1.578689775673262963e+00 4.818823373604860905e+01 8.836121440803100313e+01
1.594476673429995550e+00 4.707005529990236425e+01 8.284981248020042699e+01
1.610263571186728138e+00 4.557235069846981901e+01 8.623407981775856967e+01
1.626050468943460725e+00 4.434731809744461373e+01 8.602793436354269829e+01
1.641837366700193535e+00 4.285612229042951071e+01 8.256892376789554078e+01
1.657624264456926122e+00 4.174030378263017838e+01 6.707374417435687519e+01
1.673411162213658709e+00 4.073834960754588508e+01 5.822503127276316803e+01
1.689198059970391297e+00 3.990191855145883437e+01 5.422962521630457644e+01
1.704984957727123884e+00 3.902611451019442512e+01 5.962557617065771609e+01
1.720771855483856472e+00 3.801931280207394082e+01 6.056635064558182080e+01
1.736558753240589281e+00 3.711380493991399021e+01 5.120471007214454318e+01
1.752345650997321869e+00 3.640258575692977416e+01 5.004564036878701927e+01
1.768132548754054456e+00 3.553367412456948671e+01 5.920427311412878169e+01
1.783919446510787044e+00 3.453328214410092301e+01 6.487212545089624882e+01
1.799706344267519631e+00 3.348541490105902341e+01 6.842875976237102975e+01
1.815493242024252440e+00 3.237272647612378051e+01 6.780550361486730537e+01
1.831280139780985028e+00 3.134453779523567363e+01 6.957746117285276455e+01
1.847067037537717615e+00 3.017590194470605880e+01 7.911516096052068292e+01
1.862853935294450203e+00 2.884657188105330405e+01 8.636207087346976152e+01
1.878640833051182790e+00 2.744912357882773080e+01 8.843427921243997503e+01
1.894427730807915378e+00 2.605436603281903274e+01 8.943545261548912606e+01
1.910214628564648187e+00 2.462530688629206566e+01 9.074256456436553719e+01
1.926001526321380775e+00 2.318927885489633667e+01 9.140000223543394497e+01
1.941788424078113362e+00 2.173946190578020676e+01 9.001442088992760659e+01
1.957575321834845949e+00 2.034718193645476703e+01 8.614295820518826474e+01
1.973362219591578537e+00 1.901960175848460821e+01 8.036044247178240596e+01
1.989149117348311346e+00 1.780989775847912071e+01 7.527371330440622899e+01
2.004936015105043712e+00 1.664292492707207671e+01 7.173745615289226407e+01
2.020722912861776521e+00 1.554487398725152048e+01 6.749367934274724234e+01
2.036509810618509331e+00 1.451189329705278119e+01 6.395896405020639719e+01
2.052296708375241696e+00 1.352544673507722806e+01 6.164502047612400304e+01
2.068083606131974506e+00 1.256552602611626313e+01 5.720180888061263147e+01
2.083870503888706871e+00 1.171936851848044370e+01 5.311006891023475873e+01
2.099657401645439680e+00 1.088863957063846222e+01 5.144297967684492789e+01
2.115444299402172490e+00 1.009511839756039286e+01 4.932301563570527492e+01
2.131231197158904855e+00 9.331324760849254218e+00 4.778477710858454230e+01
2.147018094915637665e+00 8.586371616477428859e+00 4.584870231562904763e+01
2.162804992672370030e+00 7.883707209377841529e+00 4.361838573299473154e+01
2.178591890429102840e+00 7.209173624716402884e+00 4.252588683537255321e+01
2.194378788185835649e+00 6.541003554409024368e+00 4.057896663561739814e+01
2.210165685942568015e+00 5.927941630015689967e+00 3.683853347076611584e+01
2.225952583699300824e+00 5.377871231587109335e+00 3.270696456955111131e+01
2.241739481456033189e+00 4.895258618830530040e+00 2.808991816057523394e+01
2.257526379212765999e+00 4.490965899595132704e+00 2.360064247711698471e+01
2.273313276969498808e+00 4.150096759271636238e+00 1.878094209172712681e+01
2.289100174726231174e+00 3.897980274440707937e+00 1.351907129091048176e+01
2.304887072482963983e+00 3.723248366800469888e+00 8.963504704650201660e+00
2.320673970239696349e+00 3.614968409812098660e+00 4.882930592245237733e+00
2.336460867996429158e+00 3.569075714774474939e+00 9.822491951249407993e-01
2.352247765753161524e+00 3.583955074581957945e+00 -2.432475226881237518e+00
2.368034663509894333e+00 3.645878190179593137e+00 -5.856154447663888263e+00
2.383821561266627143e+00 3.768856097607767630e+00 -9.453129126764910239e+00
2.399608459023359508e+00 3.944349356190450795e+00 -1.275821875565174501e+01
2.415395356780092317e+00 4.171681487714772985e+00 -1.499138073836768648e+01
2.431182254536824683e+00 4.417684146088173947e+00 -1.633449998432506689e+01
2.446969152293557492e+00 4.687423650034554079e+00 -1.692746201393523720e+01
2.462756050050290302e+00 4.952148370278115941e+00 -1.688431428264367185e+01
2.478542947807022667e+00 5.220525536579826209e+00 -1.645199995251853409e+01
2.494329845563755477e+00 5.471600452566476314e+00 -1.509000717815760950e+01
2.510116743320487842e+00 5.696974337519697507e+00 -1.285533140576469791e+01
2.525903641077220652e+00 5.877492057629918776e+00 -1.113407064357473075e+01
2.541690538833953461e+00 6.048519207252402552e+00 -9.947975845488214119e+00
2.557477436590685826e+00 6.191587412748255304e+00 -8.131212214846815556e+00
2.573264334347418636e+00 6.305252439000566866e+00 -6.554863142299075740e+00
2.589051232104151001e+00 6.398549321221956632e+00 -5.471911374518312776e+00
2.604838129860883811e+00 6.478021449807412679e+00 -3.423645039549562785e+00
2.620625027617616620e+00 6.506646789611384207e+00 -3.560997289144574030e-01
2.636411925374348986e+00 6.489264869830558169e+00 2.680029451876819735e+00
2.652198823131081795e+00 6.422028087727761125e+00 5.465489065770905874e+00
2.667985720887814161e+00 6.316698635686827323e+00 6.979027220861961034e+00
2.683772618644546970e+00 6.201673709373357823e+00 8.564638124180955714e+00
2.699559516401279780e+00 6.046280502907109167e+00 1.203817777654584731e+01
2.715346414158012145e+00 5.821582745901957345e+00 1.473538385874481627e+01
2.731133311914744954e+00 5.581028506138683731e+00 1.460856879957401944e+01
2.746920209671477320e+00 5.360334781879818600e+00 1.357865962083816669e+01
2.762707107428210129e+00 5.152298683923391742e+00 1.315992082743137637e+01
2.778494005184942495e+00 4.944826132701107824e+00 1.333658393854918778e+01
2.794280902941675304e+00 4.731212109799474597e+00 1.309494205083999496e+01
2.810067800698408114e+00 4.531369110127208444e+00 1.141717806671733904e+01
2.825854698455140479e+00 4.370728464180120731e+00 8.376020782366593309e+00
2.841641596211873289e+00 4.266906342728230328e+00 6.811311173119782403e+00
2.857428493968605654e+00 4.155669518021455566e+00 7.600199494612889239e+00
2.873215391725338463e+00 4.026939198023780975e+00 7.866458144196165847e+00
2.889002289482071273e+00 3.907295577161372435e+00 6.615227445709423115e+00
2.904789187238803638e+00 3.818071359377888552e+00 5.085557571098803464e+00
2.920576084995536448e+00 3.746725222339543748e+00 2.368408960053190793e+00
2.936362982752268813e+00 3.743291699180910204e+00 4.457473506271678598e-01
2.952149880509001623e+00 3.732651286640172650e+00 -1.330168013873529897e+00
2.967936778265734432e+00 3.785290152049505252e+00 -7.763172312240881112e+00
2.983723676022466798e+00 3.977764101762661486e+00 -1.532030432482471127e+01
2.999510573779199607e+00 4.269010308005578125e+00 -1.920326046695613442e+01
3.015297471535931972e+00 4.584083920938145873e+00 -2.396389083204394410e+01
3.031084369292664782e+00 5.025641296843538441e+00 -3.015400388197312864e+01
3.046871267049397591e+00 5.536160273419802991e+00 -3.661479302386748458e+01
3.062658164806129957e+00 6.181709284546984762e+00 -4.539481688232311996e+01
3.078445062562862766e+00 6.969446939033473676e+00 -5.159387631055754042e+01
3.094231960319595132e+00 7.810723784923547797e+00 -5.571573425956504622e+01
3.110018858076327941e+00 8.728604139427551090e+00 -6.285777858780871696e+01
3.125805755833060751e+00 9.795382432485695290e+00 -6.809684920972817679e+01
3.141592653589793116e+00 1.087868013148678692e+01 -6.862004908716775731e+01
