0.000000000000000000e+00 1.167821964784046003e+02 8.271927072779332590e+00
1.578689775673262907e-02 1.166516084114554843e+02 1.654385414555731515e+01
3.157379551346525814e-02 1.162598442106081791e+02 3.308770829111328027e+01
4.736069327019788722e-02 1.156069038758626846e+02 4.963156243667014422e+01
6.314759102693051629e-02 1.146927874072189724e+02 5.790348950944858331e+01
7.893448878366314536e-02 1.137786709385752744e+02 5.790348950944858331e+01
9.472138654039577443e-02 1.128645544699315622e+02 5.790348950944947859e+01
1.105082842971284035e-01 1.119504380012878357e+02 5.790348950944903095e+01
1.262951820538610326e-01 1.110363215326441377e+02 5.790348950944858331e+01
1.420820798105936755e-01 1.101222050640004255e+02 5.790348950944903095e+01
1.578689775673262907e-01 1.092080885953567133e+02 5.790348950944903095e+01
1.736558753240589059e-01 1.082939721267130011e+02 5.790348950944903095e+01
1.894427730807915489e-01 1.073798556580692889e+02 5.790348950944858331e+01
2.052296708375241918e-01 1.064657391894255909e+02 5.790348950944858331e+01
2.210165685942568070e-01 1.055516227207818787e+02 5.790348950944903095e+01
2.368034663509894222e-01 1.046375062521381665e+02 5.790348950944903095e+01
2.525903641077220652e-01 1.037233897834944543e+02 5.790348950944858331e+01
2.683772618644547081e-01 1.028092733148507563e+02 5.790348950944903095e+01
2.841641596211873511e-01 1.018951568462070298e+02 5.790348950944858331e+01
2.999510573779199385e-01 1.009810403775633461e+02 5.790348950944768092e+01
3.157379551346525814e-01 1.000669239089196481e+02 5.790348950944903095e+01
3.315248528913852244e-01 9.915280744027592164e+01 5.790348950944903095e+01
3.473117506481178118e-01 9.823869097163222364e+01 5.790348950944858331e+01
3.630986484048504548e-01 9.732457450298851143e+01 5.790348950944858331e+01
3.788855461615830977e-01 9.641045803434481343e+01 5.790348950944858331e+01
3.946724439183157407e-01 9.549634156570110122e+01 5.790348950944903095e+01
4.104593416750483836e-01 9.458222509705738901e+01 5.790348950944903095e+01
4.262462394317809711e-01 9.366810862841367680e+01 5.790348950944858331e+01
4.420331371885136140e-01 9.275399215976997880e+01 5.790348950944858331e+01
4.578200349452462570e-01 9.183987569112626659e+01 5.790348950944903095e+01
4.736069327019788444e-01 9.092575922248255438e+01 5.790348950944903095e+01
4.893938304587114874e-01 9.001164275383884217e+01 5.790348950944858331e+01
5.051807282154441303e-01 8.909752628519514417e+01 5.790348950944858331e+01
5.209676259721767178e-01 8.818340981655143196e+01 5.790348950944903095e+01
5.367545237289094162e-01 8.726929334790771975e+01 5.790348950944903095e+01
5.525414214856420037e-01 8.635517687926400754e+01 5.790348950944858331e+01
5.683283192423747021e-01 8.544106041062030954e+01 5.790348950944858331e+01
5.841152169991072896e-01 8.452694394197659733e+01 5.790348950944903095e+01
5.999021147558398770e-01 8.361282747333288512e+01 5.790348950944858331e+01
6.156890125125725755e-01 8.269871100468918712e+01 5.790348950944812856e+01
6.314759102693051629e-01 8.178459453604548912e+01 5.790348950944812856e+01
6.472628080260377503e-01 8.087047806740179112e+01 5.790348950944903095e+01
6.630497057827704488e-01 7.995636159875806470e+01 5.790348950944903095e+01
6.788366035395030362e-01 7.904224513011436670e+01 5.790348950944903095e+01
6.946235012962356237e-01 7.812812866147064028e+01 5.790348950944903095e+01
7.104103990529683221e-01 7.721401219282694228e+01 5.790348950944858331e+01
7.261972968097009096e-01 7.629989572418323007e+01 5.790348950944903095e+01
7.419841945664336080e-01 7.538577925553951786e+01 5.790348950944858331e+01
7.577710923231661955e-01 7.447166278689581986e+01 5.790348950944858331e+01
7.735579900798987829e-01 7.355754631825210765e+01 5.790348950944903095e+01
7.893448878366314814e-01 7.264342984960839544e+01 5.790348950944858331e+01
8.051317855933640688e-01 7.172931338096469744e+01 5.790348950944812856e+01
8.209186833500967673e-01 7.081519691232099945e+01 5.790348950944903095e+01
8.367055811068293547e-01 6.990108044367727302e+01 5.790348950944903095e+01
8.524924788635619421e-01 6.898696397503357503e+01 5.790348950944858331e+01
8.682793766202946406e-01 6.807284750638986282e+01 4.564124825311836275e+01
8.840662743770272280e-01 6.754589653571031249e+01 3.615836213632273655e+01
8.998531721337598155e-01 6.693119077419578389e+01 4.842060339265340474e+01
9.156400698904925139e-01 6.601707430555207168e+01 6.466524047348411841e+01
9.314269676472251014e-01 6.488946369465693920e+01 8.186052042665606621e+01
9.472138654039576888e-01 6.343242697297498722e+01 1.046520035854220225e+02
9.630007631606903873e-01 6.158520273337639139e+01 1.284433660942711128e+02
9.787876609174229747e-01 5.937698239685331458e+01 1.657860675267993713e+02
9.945745586741556732e-01 5.635070733830368539e+01 2.001050392630710064e+02
1.010361456430888261e+00 5.305890680594717423e+01 2.058292246101910905e+02
1.026148354187620848e+00 4.985189748976640089e+01 2.027106957572565875e+02
1.041935251944353436e+00 4.665856074971528500e+01 1.970936624877759584e+02
1.057722149701086245e+00 4.362890249337742432e+01 1.832119411788534933e+02
1.073509047457818832e+00 4.087386438330914018e+01 1.650404326264704480e+02
1.089295945214551420e+00 3.841794962217540643e+01 1.441939050606180217e+02
1.105082842971284007e+00 3.632111551063716348e+01 1.232896334555527460e+02
1.120869740728016595e+00 3.452522794651969917e+01 1.067295732718882419e+02
1.136656638484749404e+00 3.295125778891115687e+01 9.135809012891733971e+01
1.152443536241481992e+00 3.164070629028853432e+01 7.692839662245499710e+01
1.168230433998214579e+00 3.052233632477501146e+01 6.627505106795867107e+01
1.184017331754947167e+00 2.954815138022433985e+01 5.629763638332202902e+01
1.199804229511679754e+00 2.874480626571657993e+01 4.442631771018503883e+01
1.215591127268412341e+00 2.814544390942671725e+01 3.101807132730442618e+01
1.231378025025145151e+00 2.776544802440619009e+01 1.968238715197435695e+01
1.247164922781877738e+00 2.752399624227342301e+01 1.273531600648582263e+01
1.262951820538610326e+00 2.736334576101804572e+01 5.883246759087554345e+00
1.278738718295342913e+00 2.733823981214673537e+01 -4.603675045381536712e+00
1.294525616052075501e+00 2.750870125551136525e+01 -1.203505594311880600e+01
1.310312513808808310e+00 2.771823220748788330e+01 -1.487348713894387053e+01
1.326099411565540898e+00 2.797831369700853443e+01 -1.646385632306642322e+01
1.341886309322273485e+00 2.823805864039545455e+01 -1.943208643283874082e+01
1.357673207079006072e+00 2.859185842043896741e+01 -2.385333056823220232e+01
1.373460104835738660e+00 2.899119882207190813e+01 -2.917087187794713543e+01
1.389247002592471247e+00 2.951289356406276454e+01 -3.215086989724573385e+01
1.405033900349204057e+00 3.000632381378757074e+01 -3.446299247671036881e+01
1.420820798105936644e+00 3.060102104130450940e+01 -3.772384833628078837e+01
1.436607695862669232e+00 3.119740888713827687e+01 -3.922053513830293525e+01
1.452394593619401819e+00 3.183936219768996523e+01 -3.484768112223137138e+01
1.468181491376134407e+00 3.229768244501005370e+01 -2.853502937869917844e+01
1.483968389132867216e+00 3.274032138026373673e+01 -2.239356620441520818e+01
1.499755286889599804e+00 3.300473232516550581e+01 -1.497967391774515455e+01
1.515542184646332391e+00 3.321328654140101122e+01 -9.916510907022924926e+00
1.531329082403064978e+00 3.331783421275089552e+01 -5.530572519830982081e+00
1.547115980159797566e+00 3.338790770721454493e+01 1.206493097236401635e+00
1.562902877916530375e+00 3.327974064641034602e+01 4.549419614117430122e+00
1.578689775673262963e+00 3.324426526261345316e+01 7.671090979458287329e+00
1.594476673429995550e+00 3.303753518845974213e+01 1.548871556352803580e+01
1.610263571186728138e+00 3.275522772464439214e+01 1.902859587744521974e+01
1.626050468943460725e+00 3.243673019331691876e+01 2.499602339551643482e+01
1.641837366700193535e+00 3.196600839330456267e+01 3.440633816941195278e+01
1.657624264456926122e+00 3.135039150758877113e+01 3.845820013825771611e+01
1.673411162213658709e+00 3.075173704632329219e+01 4.086443660444472670e+01
1.689198059970391297e+00 3.006014614246706884e+01 4.295025122157880304e+01
1.704984957727123884e+00 2.939563459700120163e+01 4.439285427512177762e+01
1.720771855483856472e+00 2.865849523932531184e+01 5.023553267163974567e+01
1.736558753240589281e+00 2.780950816091684530e+01 5.051377871932785268e+01
1.752345650997321869e+00 2.706358351942882123e+01 4.762302614541472678e+01
1.768132548754054456e+00 2.630586847166911113e+01 4.909967753865475260e+01
1.783919446510787044e+00 2.551332034104625279e+01 5.254527453165565021e+01
1.799706344267519631e+00 2.464681471840772176e+01 5.643286045929386319e+01
1.815493242024252440e+00 2.373152074466458927e+01 5.680381973976061971e+01
1.831280139780985028e+00 2.285330252956077857e+01 5.620524363357343134e+01
1.847067037537717615e+00 2.195690787539364663e+01 6.097290195701368276e+01
1.862853935294450203e+00 2.092815659130746297e+01 6.473677508936782488e+01
1.878640833051182790e+00 1.991292217652075536e+01 6.602371342704594781e+01
1.894427730807915378e+00 1.884353736452228389e+01 6.652230587227579406e+01
1.910214628564648187e+00 1.781256049382533035e+01 6.495697697314601271e+01
1.926001526321380775e+00 1.679259905639930039e+01 6.481009646306006289e+01
1.941788424078113362e+00 1.576625976089271397e+01 6.419227587747386110e+01
1.957575321834845949e+00 1.476580526429999196e+01 6.225705839590082036e+01
1.973362219591578537e+00 1.380056812983067616e+01 6.160654392198237161e+01
1.989149117348311346e+00 1.282065284421600460e+01 6.030978478566161272e+01
2.004936015105043712e+00 1.189635931754709830e+01 5.857801659190652543e+01
2.020722912861776521e+00 1.097112252675877286e+01 5.759111958154337430e+01
2.036509810618509331e+00 1.007798908448792297e+01 5.551054705339245032e+01
2.052296708375241696e+00 9.218443865254368319e+00 5.294307790578817219e+01
2.068083606131974506e+00 8.406375168837106671e+00 4.979674237467818898e+01
2.083870503888706871e+00 7.646171704279568715e+00 4.541198106033285598e+01
2.099657401645439680e+00 6.972546564976799921e+00 4.047940428360997345e+01
2.115444299402172490e+00 6.368083270921977679e+00 3.480694045910090750e+01
2.131231197158904855e+00 5.873559344471787291e+00 2.865878274457873687e+01
2.147018094915637665e+00 5.463216724879822017e+00 2.233629767639900976e+01
2.162804992672370030e+00 5.168317649109275713e+00 1.572373150120084162e+01
2.178591890429102840e+00 4.966758841752274556e+00 9.477331607494184240e+00
2.194378788185835649e+00 4.869082318920953334e+00 3.714411221251242345e+00
2.210165685942568015e+00 4.849480781399567064e+00 -1.286058645953105595e+00
2.225952583699300824e+00 4.909688071626600703e+00 -5.821793358152446807e+00
2.241739481456033189e+00 5.033296894411522615e+00 -1.047067455412675585e+01
2.257526379212765999e+00 5.240287008886642894e+00 -1.431308281050565157e+01
2.273313276969498808e+00 5.485215244237722665e+00 -1.656649209724152882e+01
2.289100174726231174e+00 5.763354042740385097e+00 -1.838295096756126412e+01
2.304887072482963983e+00 6.065634779021560341e+00 -1.987954510652412310e+01
2.320673970239696349e+00 6.391026734834486689e+00 -2.025214933145754514e+01
2.336460867996429158e+00 6.705072000721163050e+00 -2.015733073627630745e+01
2.352247765753161524e+00 7.027470173598962866e+00 -1.903666509016570174e+01
2.368034663509894333e+00 7.306131771536377606e+00 -1.677659725141899827e+01
2.383821561266627143e+00 7.557171024627029610e+00 -1.484619062996260830e+01
2.399608459023359508e+00 7.774882358640740954e+00 -1.237414629312435821e+01
2.415395356780092317e+00 7.947869789339842228e+00 -9.279249896845515266e+00
2.431182254536824683e+00 8.067863497402084860e+00 -6.945952308895663840e+00
2.446969152293557492e+00 8.167179867187195796e+00 -3.389794497707016241e+00
2.462756050050290302e+00 8.174892175705355868e+00 1.062539780129701628e+00
2.478542947807022667e+00 8.133631453444458259e+00 3.720244792123944766e+00
2.494329845563755477e+00 8.057429927378800372e+00 6.497904684160630495e+00
2.510116743320487842e+00 7.928467939680782450e+00 9.486967633735920558e+00
2.525903641077220652e+00 7.757890351268359019e+00 1.227535763447953343e+01
2.541690538833953461e+00 7.540888307875071028e+00 1.503376446313444248e+01
2.557477436590685826e+00 7.283217346311751328e+00 1.614140299358540531e+01
2.573264334347418636e+00 7.031242950455169449e+00 1.601519548087516043e+01
2.589051232104151001e+00 6.777556839090426166e+00 1.606051409023908150e+01
2.604838129860883811e+00 6.524151562728833120e+00 1.544229333725492204e+01
2.620625027617616620e+00 6.289985027000992268e+00 1.489759200511356596e+01
2.636411925374348986e+00 6.053778039116342491e+00 1.417180459862638564e+01
2.652198823131081795e+00 5.842527366547176193e+00 1.353927342970562009e+01
2.667985720887814161e+00 5.626291788445923814e+00 1.359503824348888834e+01
2.683772618644546970e+00 5.413280409049518127e+00 1.281584133332675179e+01
2.699559516401279780e+00 5.221647034854449032e+00 1.259646923411713537e+01
2.715346414158012145e+00 5.015562065259847380e+00 1.240933021076168075e+01
2.731133311914744954e+00 4.829837380320793017e+00 9.348106579727053500e+00
2.746920209671477320e+00 4.720406859673466293e+00 5.413855573081684192e+00
2.762707107428210129e+00 4.658901411516877644e+00 9.858684883487078832e-01
2.778494005184942495e+00 4.689279249619175083e+00 -5.764494556554057070e+00
2.794280902941675304e+00 4.840908383883999022e+00 -1.300925922206843843e+01
2.810067800698408114e+00 5.100030940078426056e+00 -2.062430491092267104e+01
2.825854698455140479e+00 5.492095969748828743e+00 -2.931869635734092583e+01
2.841641596211873289e+00 6.025733463586487204e+00 -3.631221687213380278e+01
2.857428493968605654e+00 6.638610479910184381e+00 -4.336519055834214242e+01
2.873215391725338463e+00 7.394937122678036268e+00 -5.186981465006206093e+01
2.889002289482071273e+00 8.276337400992588300e+00 -5.679983020009712646e+01
2.904789187238803638e+00 9.188323346615451470e+00 -5.756818727703556959e+01
2.920576084995536448e+00 1.009398357415858172e+01 -5.856221229706951448e+01
2.936362982752268813e+00 1.103735466249926489e+01 -5.918525367836981133e+01
2.952149880509001623e+00 1.196268667121199769e+01 -5.817950777172281818e+01
2.967936778265734432e+00 1.287430254395770390e+01 -5.442010207531009058e+01
2.983723676022466798e+00 1.368093584595974477e+01 -4.536858153384947911e+01
2.999510573779199607e+00 1.430676086004344327e+01 -3.644117756956617882e+01
3.015297471535931972e+00 1.483152213481110415e+01 -2.746586631705742931e+01
3.031084369292664782e+00 1.517396250673838765e+01 -1.505658716852043355e+01
3.046871267049397591e+00 1.530691573920063320e+01 -4.318058445329992168e+00
3.062658164806129957e+00 1.531030000110642852e+01 9.423939879676057618e-01
3.078445062562862766e+00 1.527716078413142498e+01 9.689645994739748414e-01
3.094231960319595132e+00 1.527970611098285048e+01 -3.404757173072512355e+00
3.110018858076327941e+00 1.538466189088702052e+01 -8.120693241140306995e+00
3.125805755833060751e+00 1.553610721880619394e+01 -1.223636782374182630e+01
3.141592653589793116e+00 1.577101046638139081e+01 -1.487963317397288066e+01
