0.000000000000000000e+00 3.633192768126585293e+02 2.888356435810164058e+01
1.578689775673262907e-02 3.628632949352871719e+02 5.776712871620328116e+01
3.157379551346525814e-02 3.614953493031731000e+02 1.155342574324065623e+02
4.736069327019788722e-02 3.592154399163163134e+02 1.733013861486116411e+02
6.314759102693051629e-02 3.560235667747167554e+02 2.021849505067132782e+02
7.893448878366314536e-02 3.528316936331172542e+02 2.021849505067114876e+02
9.472138654039577443e-02 3.496398204915177530e+02 2.021849505067132782e+02
1.105082842971284035e-01 3.464479473499181950e+02 2.021849505067150972e+02
1.262951820538610326e-01 3.432560742083186369e+02 2.021849505067150972e+02
1.420820798105936755e-01 3.400642010667190789e+02 2.021849505067150972e+02
1.578689775673262907e-01 3.368723279251195208e+02 2.021849505067132782e+02
1.736558753240589059e-01 3.336804547835200196e+02 2.021849505067132782e+02
1.894427730807915489e-01 3.304885816419204616e+02 2.021849505067132782e+02
2.052296708375241918e-01 3.272967085003209604e+02 2.021849505067132782e+02
2.210165685942568070e-01 3.241048353587214024e+02 2.021849505067150972e+02
2.368034663509894222e-01 3.209129622171218443e+02 2.021849505067132782e+02
2.525903641077220652e-01 3.177210890755223431e+02 2.021849505067114876e+02
2.683772618644547081e-01 3.145292159339228419e+02 2.021849505067114876e+02
2.841641596211873511e-01 3.113373427923233407e+02 2.021849505067132782e+02
2.999510573779199385e-01 3.081454696507237827e+02 2.021849505067132782e+02
3.157379551346525814e-01 3.049535965091242815e+02 2.021849505067132782e+02
3.315248528913852244e-01 3.017617233675247235e+02 2.021849505067150972e+02
3.473117506481178118e-01 2.985698502259251654e+02 2.021849505067150972e+02
3.630986484048504548e-01 2.953779770843256074e+02 2.021849505067132782e+02
3.788855461615830977e-01 2.921861039427261062e+02 2.021849505067114876e+02
3.946724439183157407e-01 2.889942308011266050e+02 2.021849505067114876e+02
4.104593416750483836e-01 2.858023576595271038e+02 2.021849505067132782e+02
4.262462394317809711e-01 2.826104845179275458e+02 2.021849505067150972e+02
4.420331371885136140e-01 2.794186113763279877e+02 2.021849505067132782e+02
4.578200349452462570e-01 2.762267382347284865e+02 2.021849505067132782e+02
4.736069327019788444e-01 2.730348650931289285e+02 2.021849505067132782e+02
4.893938304587114874e-01 2.698429919515294273e+02 2.021849505067132782e+02
5.051807282154441303e-01 2.666511188099298693e+02 2.021849505067150972e+02
5.209676259721767178e-01 2.634592456683303112e+02 2.021849505067132782e+02
5.367545237289094162e-01 2.602673725267308100e+02 2.021849505067132782e+02
5.525414214856420037e-01 2.570754993851312520e+02 2.021849505067141877e+02
5.683283192423747021e-01 2.538836262435317224e+02 2.021849505067132782e+02
5.841152169991072896e-01 2.506917531019321927e+02 2.021849505067123971e+02
5.999021147558398770e-01 2.474998799603326916e+02 2.021849505067132782e+02
6.156890125125725755e-01 2.443080068187331335e+02 2.021849505067150972e+02
6.314759102693051629e-01 2.411161336771335755e+02 2.021849505067132782e+02
6.472628080260377503e-01 2.379242605355340743e+02 2.021849505067123971e+02
6.630497057827704488e-01 2.347323873939345447e+02 2.021849505067132782e+02
6.788366035395030362e-01 2.315405142523350150e+02 2.021849505067141877e+02
6.946235012962356237e-01 2.283486411107354570e+02 2.021849505067141877e+02
7.104103990529683221e-01 2.251567679691359274e+02 2.021849505067132782e+02
7.261972968097009096e-01 2.219648948275363978e+02 2.021849505067132782e+02
7.419841945664336080e-01 2.187730216859368682e+02 2.021849505067132782e+02
7.577710923231661955e-01 2.155811485443373385e+02 2.021849505067132782e+02
7.735579900798987829e-01 2.123892754027378089e+02 2.021849505067132782e+02
7.893448878366314814e-01 2.091974022611382793e+02 2.021849505067141877e+02
8.051317855933640688e-01 2.060055291195387213e+02 2.021849505067150972e+02
8.209186833500967673e-01 2.028136559779391632e+02 2.021849505067132782e+02
8.367055811068293547e-01 1.996217828363396620e+02 2.021849505067123971e+02
8.524924788635619421e-01 1.964299096947401324e+02 2.021849505067132782e+02
8.682793766202946406e-01 1.932380365531406028e+02 2.021849505067123971e+02
8.840662743770272280e-01 1.900461634115411016e+02 2.021849505067123971e+02
8.998531721337598155e-01 1.868542902699415720e+02 2.021849505067141877e+02
9.156400698904925139e-01 1.836624171283420139e+02 2.021849505067150972e+02
9.314269676472251014e-01 1.804705439867424559e+02 2.021849505067141877e+02
9.472138654039576888e-01 1.772786708451429263e+02 2.021849505067123971e+02
9.630007631606903873e-01 1.740867977035434251e+02 2.021849505067123971e+02
9.787876609174229747e-01 1.708949245619438955e+02 2.021849505067132782e+02
9.945745586741556732e-01 1.677030514203443659e+02 2.021849505067132782e+02
1.010361456430888261e+00 1.645111782787448362e+02 2.021849505067141877e+02
1.026148354187620848e+00 1.613193051371452782e+02 2.021849505067141877e+02
1.041935251944353436e+00 1.581274319955457486e+02 2.021849505067132782e+02
1.057722149701086245e+00 1.549355588539462190e+02 2.021849505067132782e+02
1.073509047457818832e+00 1.517436857123466893e+02 2.021849505067141877e+02
1.089295945214551420e+00 1.485518125707471313e+02 2.021849505067141877e+02
1.105082842971284007e+00 1.453599394291476017e+02 2.021849505067123971e+02
1.120869740728016595e+00 1.421680662875481005e+02 2.021849505067123971e+02
1.136656638484749404e+00 1.389761931459485709e+02 2.021849505067141877e+02
1.152443536241481992e+00 1.357843200043490128e+02 2.021849505067141877e+02
1.168230433998214579e+00 1.325924468627494832e+02 2.021849505067132782e+02
1.184017331754947167e+00 1.294005737211499536e+02 2.021849505067132782e+02
1.199804229511679754e+00 1.262087005795504240e+02 2.021849505067132782e+02
1.215591127268412341e+00 1.230168274379508944e+02 2.021849505067132782e+02
1.231378025025145151e+00 1.198249542963513647e+02 2.021849505067132782e+02
1.247164922781877738e+00 1.166330811547518351e+02 2.021849505067132782e+02
1.262951820538610326e+00 1.134412080131523055e+02 2.021849505067137329e+02
1.278738718295342913e+00 1.102493348715527617e+02 2.021849505067137329e+02
1.294525616052075501e+00 1.070574617299532321e+02 2.021849505067132782e+02
1.310312513808808310e+00 1.038655885883537024e+02 2.021849505067132782e+02
1.326099411565540898e+00 1.006737154467541728e+02 2.021849505067128234e+02
1.341886309322273485e+00 9.748184230515465742e+01 2.021849505067137329e+02
1.357673207079006072e+00 9.428996916355509939e+01 2.021849505067141877e+02
1.373460104835738660e+00 9.109809602195556977e+01 2.021849505067137329e+02
1.389247002592471247e+00 8.790622288035602594e+01 2.021849505067132782e+02
1.405033900349204057e+00 8.471434973875651053e+01 1.983447379059093407e+02
1.420820798105936644e+00 8.164372668454298321e+01 1.990114979566395164e+02
1.436607695862669232e+00 7.843080139744516543e+01 2.028517105574434538e+02
1.452394593619401819e+00 7.523892825584562161e+01 1.852899699475877355e+02
1.468181491376134407e+00 7.258049377562390703e+01 1.797087216164492531e+02
1.483968389132867216e+00 6.956484182754159917e+01 1.855344266828025184e+02
1.499755286889599804e+00 6.672246772683308791e+01 1.963040812428208710e+02
1.515542184646332391e+00 6.336677690792210171e+01 2.173273310907055134e+02
1.531329082403064978e+00 5.986061901548799113e+01 1.956257697830129700e+02
1.547115980159797566e+00 5.719012885562901971e+01 1.671726673262106999e+02
1.562902877916530375e+00 5.458234340188965916e+01 1.760521005155054866e+02
1.578689775673262963e+00 5.163149583423641786e+01 1.588770817832033231e+02
1.594476673429995550e+00 4.956599090989070078e+01 1.289054566451655148e+02
1.610263571186728138e+00 4.756146130555210050e+01 9.957026246580346651e+01
1.626050468943460725e+00 4.642217980357335705e+01 6.400657407291569712e+01
1.641837366700193535e+00 4.554053082425639332e+01 7.375797450579584336e+01
1.657624264456926122e+00 4.409336059903997551e+01 8.173242611279465564e+01
1.673411162213658709e+00 4.295992791535160649e+01 7.056714567726827170e+01
1.689198059970391297e+00 4.186528797145699343e+01 7.939669586344555796e+01
1.704984957727123884e+00 4.045307287571438337e+01 8.471732767744977366e+01
1.720771855483856472e+00 3.919044039092196385e+01 8.204962167630766601e+01
1.736558753240589281e+00 3.786245489894945848e+01 8.365872239511691077e+01
1.752345650997321869e+00 3.654901699710078589e+01 7.827344104133044311e+01
1.768132548754054456e+00 3.539106527737521191e+01 7.879504967459772047e+01
1.783919446510787044e+00 3.406115821120170040e+01 8.062163487462302669e+01
1.799706344267519631e+00 3.284553426388260533e+01 7.744536825759433896e+01
1.815493242024252440e+00 3.161591399037140349e+01 8.255404708478363318e+01
1.831280139780985028e+00 3.023898966241866404e+01 8.733746011172095791e+01
1.847067037537717615e+00 2.885833888413849735e+01 8.396413497756611832e+01
1.862853935294450203e+00 2.758792323417199555e+01 7.966602422984536247e+01
1.878640833051182790e+00 2.634298012573459147e+01 7.645466109134042654e+01
1.894427730807915378e+00 2.517395939882272415e+01 7.739800133696746798e+01
1.910214628564648187e+00 2.389923145837027008e+01 7.814712907808120690e+01
1.926001526321380775e+00 2.270655792534701334e+01 7.381130155625945122e+01
1.941788424078113362e+00 2.156872851645021427e+01 7.244573199941820008e+01
1.957575321834845949e+00 2.041917119737407660e+01 7.479243136041296225e+01
1.973362219591578537e+00 1.920724758272164934e+01 7.633894606760215140e+01
1.989149117348311346e+00 1.800886092452215337e+01 7.662442130412929941e+01
2.004936015105043712e+00 1.678792377312745998e+01 7.314006363929023280e+01
2.020722912861776521e+00 1.569955151133336813e+01 6.759400977572886404e+01
2.036509810618509331e+00 1.465372433053342505e+01 6.497714438282012850e+01
2.052296708375241696e+00 1.364797644154129763e+01 6.142071372561667886e+01
2.068083606131974506e+00 1.271443927506971505e+01 5.774605330472786591e+01
2.083870503888706871e+00 1.182471436278815524e+01 5.532622595233139862e+01
2.099657401645439680e+00 1.096758033031902890e+01 5.142435279744072574e+01
2.115444299402172490e+00 1.020105236314946673e+01 4.932152990066875020e+01
2.131231197158904855e+00 9.410312430824051333e+00 4.812133215067593994e+01
2.147018094915637665e+00 8.681679261988483276e+00 4.481010722828942505e+01
2.162804992672370030e+00 7.995487268261589620e+00 4.218899131163085059e+01
2.178591890429102840e+00 7.349612677395688465e+00 3.872831373683476386e+01
2.194378788185835649e+00 6.772687409753441301e+00 3.533817850235073621e+01
2.210165685942568015e+00 6.233852255544132248e+00 3.304487529330374684e+01
2.225952583699300824e+00 5.729335274474708584e+00 2.952469671327921574e+01
2.241739481456033189e+00 5.301645518921974443e+00 2.562927768248336236e+01
2.257526379212765999e+00 4.920121701770160172e+00 2.184883931080223007e+01
2.273313276969498808e+00 4.611794734316143618e+00 1.710614196876830917e+01
2.289100174726231174e+00 4.380015873223963574e+00 1.335349706776500334e+01
2.304887072482963983e+00 4.190174148508873486e+00 9.214625084654297638e+00
2.320673970239696349e+00 4.089075185067841289e+00 3.702425438535380753e+00
2.336460867996429158e+00 4.073274524808705443e+00 -1.230943400613296435e+00
2.352247765753161524e+00 4.127940740287455057e+00 -5.555607953122437159e+00
2.368034663509894333e+00 4.248686154273574545e+00 -9.225362719544184742e+00
2.383821561266627143e+00 4.419220456331888869e+00 -1.169430809219960210e+01
2.399608459023359508e+00 4.617919846648146809e+00 -1.444314737100115842e+01
2.415395356780092317e+00 4.875245437994722764e+00 -1.595549587309321460e+01
2.431182254536824683e+00 5.121695410661130765e+00 -1.559925729333145661e+01
2.446969152293557492e+00 5.367773197936301699e+00 -1.474442087693682879e+01
2.462756050050290302e+00 5.587232740394002306e+00 -1.306495522076047422e+01
2.478542947807022667e+00 5.780283422469173260e+00 -1.127895283153468675e+01
2.494329845563755477e+00 5.943352090702898494e+00 -9.762679742167533092e+00
2.510116743320487842e+00 6.088528276311820697e+00 -8.562617423074888379e+00
2.525903641077220652e+00 6.213706422279099861e+00 -8.282950016849444097e+00
2.541690538833953461e+00 6.350052446392078664e+00 -7.289991223078307492e+00
2.557477436590685826e+00 6.443879114451530832e+00 -5.714161412132092721e+00
2.573264334347418636e+00 6.530470210349671234e+00 -5.217678771365895862e+00
2.589051232104151001e+00 6.608621037033586276e+00 -4.806127721497534644e+00
2.604838129860883811e+00 6.682217904239831086e+00 -4.095518703709405628e+00
2.620625027617616620e+00 6.737932107106079371e+00 -1.459439738670092801e+00
2.636411925374348986e+00 6.728297956112825773e+00 2.289205147813399677e+00
2.652198823131081795e+00 6.665653211880647078e+00 4.436348600278135379e+00
2.667985720887814161e+00 6.588225592581196111e+00 6.194829582521617084e+00
2.683772618644546970e+00 6.470058929401344194e+00 9.428550122242329579e+00
2.699559516401279780e+00 6.290530479033058953e+00 1.352670491576190415e+01
2.715346414158012145e+00 6.042969514420092558e+00 1.760280620508274296e+01
2.731133311914744954e+00 5.734743075450619010e+00 1.930061248070386526e+01
2.746920209671477320e+00 5.433575922669713343e+00 1.926537777100143956e+01
2.762707107428210129e+00 5.126461977219360477e+00 1.939819216613938124e+01
2.778494005184942495e+00 4.821101369885124832e+00 1.891315401252190043e+01
2.794280902941675304e+00 4.529301919913319097e+00 1.722232649509512825e+01
2.810067800698408114e+00 4.277327154862856418e+00 1.470161830916422119e+01
2.825854698455140479e+00 4.065116029702751099e+00 1.159830450090075260e+01
2.841641596211873289e+00 3.911124660248512352e+00 9.856112207296579442e+00
2.857428493968605654e+00 3.753921158311800177e+00 9.572194810770369600e+00
2.873215391725338463e+00 3.608894138678195418e+00 8.967816558466759957e+00
2.889002289482071273e+00 3.470773152092502922e+00 8.611655179149035888e+00
2.904789187238803638e+00 3.336991499019269725e+00 8.490103825350816535e+00
2.920576084995536448e+00 3.202708350022787087e+00 7.586650343376205363e+00
2.936362982752268813e+00 3.097452152445348439e+00 5.821483035700956599e+00
2.952149880509001623e+00 3.018902035068458112e+00 2.340246236052890172e+00
2.967936778265734432e+00 3.023561696337057736e+00 -1.687088663551804091e+00
2.983723676022466798e+00 3.072169827544528165e+00 -4.880467741261125703e+00
2.999510573779199607e+00 3.177656586809700201e+00 -8.585738133054229948e+00
3.015297471535931972e+00 3.343254167689743372e+00 -1.309751674739920979e+01
3.031084369292664782e+00 3.591194902326269478e+00 -1.700081056396533796e+01
3.046871267049397591e+00 3.880034283999544975e+00 -1.681684635524732840e+01
3.062658164806129957e+00 4.122166570328212210e+00 -1.307343934523548690e+01
3.078445062562862766e+00 4.292812384543701398e+00 -1.272496330457821578e+01
3.094231960319595132e+00 4.523941959623313913e+00 -1.599330576723644093e+01
3.110018858076327941e+00 4.797781750422749347e+00 -1.536875262382434926e+01
3.125805755833060751e+00 5.009191812264976562e+00 -1.051514592401564485e+01
3.141592653589793116e+00 5.129784817621866999e+00 -7.638803216132897589e+00
