0.000000000000000000e+00 2.175863159232766577e+02 1.515010850773279039e+01
1.578689775673262907e-02 2.173471427092616750e+02 3.030021701546917967e+01
3.157379551346525814e-02 2.166296230672166132e+02 6.060043403094196179e+01
4.736069327019788722e-02 2.154337569971414723e+02 9.090065104641294624e+01
6.314759102693051629e-02 2.137595444990363092e+02 1.060507595541475325e+02
7.893448878366314536e-02 2.120853320009311460e+02 1.060507595541484420e+02
9.472138654039577443e-02 2.104111195028259544e+02 1.060507595541475325e+02
1.105082842971284035e-01 2.087369070047208197e+02 1.060507595541475325e+02
1.262951820538610326e-01 2.070626945066156281e+02 1.060507595541484420e+02
1.420820798105936755e-01 2.053884820085104650e+02 1.060507595541475325e+02
1.578689775673262907e-01 2.037142695104053018e+02 1.060507595541466372e+02
1.736558753240589059e-01 2.020400570123001671e+02 1.060507595541475325e+02
1.894427730807915489e-01 2.003658445141949755e+02 1.060507595541484420e+02
2.052296708375241918e-01 1.986916320160898124e+02 1.060507595541475325e+02
2.210165685942568070e-01 1.970174195179846492e+02 1.060507595541475325e+02
2.368034663509894222e-01 1.953432070198794861e+02 1.060507595541475325e+02
2.525903641077220652e-01 1.936689945217743229e+02 1.060507595541484420e+02
2.683772618644547081e-01 1.919947820236691314e+02 1.060507595541475325e+02
2.841641596211873511e-01 1.903205695255639966e+02 1.060507595541475325e+02
2.999510573779199385e-01 1.886463570274588051e+02 1.060507595541475325e+02
3.157379551346525814e-01 1.869721445293536704e+02 1.060507595541466372e+02
3.315248528913852244e-01 1.852979320312485072e+02 1.060507595541484420e+02
3.473117506481178118e-01 1.836237195331433156e+02 1.060507595541475325e+02
3.630986484048504548e-01 1.819495070350381809e+02 1.060507595541466372e+02
3.788855461615830977e-01 1.802752945369330178e+02 1.060507595541475325e+02
3.946724439183157407e-01 1.786010820388278546e+02 1.060507595541475325e+02
4.104593416750483836e-01 1.769268695407226915e+02 1.060507595541484420e+02
4.262462394317809711e-01 1.752526570426174999e+02 1.060507595541475325e+02
4.420331371885136140e-01 1.735784445445123652e+02 1.060507595541475325e+02
4.578200349452462570e-01 1.719042320464071736e+02 1.060507595541475325e+02
4.736069327019788444e-01 1.702300195483020389e+02 1.060507595541475325e+02
4.893938304587114874e-01 1.685558070501968473e+02 1.060507595541484420e+02
5.051807282154441303e-01 1.668815945520916841e+02 1.060507595541475325e+02
5.209676259721767178e-01 1.652073820539865210e+02 1.060507595541475325e+02
5.367545237289094162e-01 1.635331695558813578e+02 1.060507595541475325e+02
5.525414214856420037e-01 1.618589570577761947e+02 1.060507595541475325e+02
5.683283192423747021e-01 1.601847445596710315e+02 1.060507595541475325e+02
5.841152169991072896e-01 1.585105320615658684e+02 1.060507595541484420e+02
5.999021147558398770e-01 1.568363195634606768e+02 1.060507595541475325e+02
6.156890125125725755e-01 1.551621070653555421e+02 1.060507595541475325e+02
6.314759102693051629e-01 1.534878945672503505e+02 1.060507595541475325e+02
6.472628080260377503e-01 1.518136820691452158e+02 1.060507595541475325e+02
6.630497057827704488e-01 1.501394695710400242e+02 1.060507595541475325e+02
6.788366035395030362e-01 1.484652570729348895e+02 1.060507595541475325e+02
6.946235012962356237e-01 1.467910445748296979e+02 1.060507595541484420e+02
7.104103990529683221e-01 1.451168320767245348e+02 1.060507595541475325e+02
7.261972968097009096e-01 1.434426195786193716e+02 1.060507595541475325e+02
7.419841945664336080e-01 1.417684070805142085e+02 1.060507595541475325e+02
7.577710923231661955e-01 1.400941945824090453e+02 1.060507595541475325e+02
7.735579900798987829e-01 1.384199820843038822e+02 1.060507595541475325e+02
7.893448878366314814e-01 1.367457695861987190e+02 1.060507595541475325e+02
8.051317855933640688e-01 1.350715570880935559e+02 1.060507595541475325e+02
8.209186833500967673e-01 1.333973445899883927e+02 1.060507595541484420e+02
8.367055811068293547e-01 1.317231320918832012e+02 1.060507595541484420e+02
8.524924788635619421e-01 1.300489195937780380e+02 1.060507595541466372e+02
8.682793766202946406e-01 1.283747070956729033e+02 1.060507595541466372e+02
8.840662743770272280e-01 1.267004945975677401e+02 1.060507595541475325e+02
8.998531721337598155e-01 1.250262820994625770e+02 1.060507595541479873e+02
9.156400698904925139e-01 1.233520696013573996e+02 1.060507595541479873e+02
9.314269676472251014e-01 1.216778571032522365e+02 1.060507595541479873e+02
9.472138654039576888e-01 1.200036446051470591e+02 1.060507595541479873e+02
9.630007631606903873e-01 1.183294321070418960e+02 1.060507595541475325e+02
9.787876609174229747e-01 1.166552196089367328e+02 1.060507595541479873e+02
9.945745586741556732e-01 1.149810071108315555e+02 1.060507595541470778e+02
1.010361456430888261e+00 1.133067946127264207e+02 1.060507595541470778e+02
1.026148354187620848e+00 1.116325821146212434e+02 1.060507595541484420e+02
1.041935251944353436e+00 1.099583696165160660e+02 1.060507595541479873e+02
1.057722149701086245e+00 1.082841571184109029e+02 1.060507595541479873e+02
1.073509047457818832e+00 1.066099446203057255e+02 1.060507595541475325e+02
1.089295945214551420e+00 1.049357321222005766e+02 1.060507595541475325e+02
1.105082842971284007e+00 1.032615196240953992e+02 1.060507595541479873e+02
1.120869740728016595e+00 1.015873071259902360e+02 1.060507595541470778e+02
1.136656638484749404e+00 9.991309462788508711e+01 1.060507595541470778e+02
1.152443536241481992e+00 9.823888212977992396e+01 1.060507595541479873e+02
1.168230433998214579e+00 9.656466963167474660e+01 1.060507595541484420e+02
1.184017331754947167e+00 9.489045713356956924e+01 1.060507595541479873e+02
1.199804229511679754e+00 9.321624463546440609e+01 1.060507595541470778e+02
1.215591127268412341e+00 9.154203213735925715e+01 1.060507595541470778e+02
1.231378025025145151e+00 8.986781963925409400e+01 1.060507595541470778e+02
1.247164922781877738e+00 8.819360714114894506e+01 1.060507595541475325e+02
1.262951820538610326e+00 8.651939464304376770e+01 1.060507595541484420e+02
1.278738718295342913e+00 8.484518214493859034e+01 1.060507595541484420e+02
1.294525616052075501e+00 8.317096964683341298e+01 1.060507595541475325e+02
1.310312513808808310e+00 8.149675714872826404e+01 1.060507595541475325e+02
1.326099411565540898e+00 7.982254465062308668e+01 1.060507595541475325e+02
1.341886309322273485e+00 7.814833215251793774e+01 1.060507595541475325e+02
1.357673207079006072e+00 7.647411965441276038e+01 1.060507595541475325e+02
1.373460104835738660e+00 7.479990715630761144e+01 1.060507595541475325e+02
1.389247002592471247e+00 7.312569465820243408e+01 1.060507595541479873e+02
1.405033900349204057e+00 7.145148216009727093e+01 1.060507595541475325e+02
1.420820798105936644e+00 6.977726966199210779e+01 1.060507595541475325e+02
1.436607695862669232e+00 6.810305716388694464e+01 1.060507595541479873e+02
1.452394593619401819e+00 6.642884466578176728e+01 1.060507595541475325e+02
1.468181491376134407e+00 6.475463216767661834e+01 1.060507595541470778e+02
1.483968389132867216e+00 6.308041966957145519e+01 1.060507595541475325e+02
1.499755286889599804e+00 6.140620717146629204e+01 1.060507595541479873e+02
1.515542184646332391e+00 5.973199467336111468e+01 1.060507595541479873e+02
1.531329082403064978e+00 5.805778217525595153e+01 1.020651419500143504e+02
1.547115980159797566e+00 5.650941075237855671e+01 1.041062658696906880e+02
1.562902877916530375e+00 5.477075222501589025e+01 1.080918834738240975e+02
1.578689775673262963e+00 5.309653972691071999e+01 1.074644549109425782e+02
1.594476673429995550e+00 5.137769150069178181e+01 1.125884412374537646e+02
1.610263571186728138e+00 4.954169530609955530e+01 1.168400261467287891e+02
1.626050468943460725e+00 4.768860840734703288e+01 1.170931384859914743e+02
1.641837366700193535e+00 4.584462049551299145e+01 1.225240233970741031e+02
1.657624264456926122e+00 4.382005994712078234e+01 1.178067390042255909e+02
1.673411162213658709e+00 4.212501460808540088e+01 1.026579428964300718e+02
1.689198059970391297e+00 4.057875905027590591e+01 9.120027995255105679e+01
1.704984957727123884e+00 3.924547561809276885e+01 7.784277025909797487e+01
1.720771855483856472e+00 3.812096733991349140e+01 7.094254936617487317e+01
1.736558753240589281e+00 3.700555007120124884e+01 6.281425854900826522e+01
1.752345650997321869e+00 3.613768278515716759e+01 5.395145542503956193e+01
1.768132548754054456e+00 3.530209784995721378e+01 5.386149980423092387e+01
1.783919446510787044e+00 3.443707080428983147e+01 6.197029581304201429e+01
1.799706344267519631e+00 3.334546040204727291e+01 7.366439578684750700e+01
1.815493242024252440e+00 3.211120623509293637e+01 7.571741272793043720e+01
1.831280139780985028e+00 3.095477429576694561e+01 6.719115537314478104e+01
1.847067037537717615e+00 2.998972643502779079e+01 6.936831219826409267e+01
1.862853935294450203e+00 2.876455339130473732e+01 7.494743260366016102e+01
1.878640833051182790e+00 2.762335152374060598e+01 7.488251286150527619e+01
1.894427730807915378e+00 2.640022824268113766e+01 7.437205838104202371e+01
1.910214628564648187e+00 2.527514336050208499e+01 7.027150420918508189e+01
1.926001526321380775e+00 2.418149013835671468e+01 7.472523053879621102e+01
1.941788424078113362e+00 2.291578421177358393e+01 8.535227371291983900e+01
1.957575321834845949e+00 2.148659490153566765e+01 8.888787855260984827e+01
1.973362219591578537e+00 2.010925651072774656e+01 8.610027587590882092e+01
1.989149117348311346e+00 1.876808239737677653e+01 8.327535573171996930e+01
2.004936015105043712e+00 1.747993745754334327e+01 8.091809787161737688e+01
2.020722912861776521e+00 1.621319092183976096e+01 7.831439182044583447e+01
2.036509810618509331e+00 1.500725486444319046e+01 7.313498008436766895e+01
2.052296708375241696e+00 1.390404201577458210e+01 6.675834049886893240e+01
2.068083606131974506e+00 1.289944067271361661e+01 6.103447011699775970e+01
2.083870503888706871e+00 1.197695213702778894e+01 5.731019044162800924e+01
2.099657401645439680e+00 1.108994043887190273e+01 5.395878854895101284e+01
2.115444299402172490e+00 1.027326838122889896e+01 5.123077992928801194e+01
2.131231197158904855e+00 9.472390269389222794e+00 4.991182786183440356e+01
2.147018094915637665e+00 8.697362534616061680e+00 4.677700078440671660e+01
2.162804992672370030e+00 7.995462811889161081e+00 4.268974386304638813e+01
2.178591890429102840e+00 7.349485291362026551e+00 3.921618098567097377e+01
2.194378788185835649e+00 6.757259132628541387e+00 3.584419505712685350e+01
2.210165685942568015e+00 6.217748006283541073e+00 3.253914474114086630e+01
2.225952583699300824e+00 5.729874830388711260e+00 2.788035860585758030e+01
2.241739481456033189e+00 5.337459264820112459e+00 2.239238780135578111e+01
2.257526379212765999e+00 5.022862156890489871e+00 1.818650673594802214e+01
2.273313276969498808e+00 4.763242220035031060e+00 1.467252357880313163e+01
2.289100174726231174e+00 4.559594897746862330e+00 1.133720892603064456e+01
2.304887072482963983e+00 4.405283503711106441e+00 7.612068740215830687e+00
2.320673970239696349e+00 4.319252995908846593e+00 3.715757754558519643e+00
2.336460867996429158e+00 4.287962928191102918e+00 6.149126250019092410e-01
2.352247765753161524e+00 4.299837870428388165e+00 -2.045172072001141483e+00
2.368034663509894333e+00 4.352536772982317004e+00 -4.828318284193282572e+00
2.383821561266627143e+00 4.452286204607432296e+00 -8.141457838551731996e+00
2.399608459023359508e+00 4.609593497958248243e+00 -1.213806950532013751e+01
2.415395356780092317e+00 4.835531129096638736e+00 -1.477531277410124133e+01
2.431182254536824683e+00 5.076106202135211909e+00 -1.535858389474446106e+01
2.446969152293557492e+00 5.320459916365701147e+00 -1.643082322909767612e+01
2.462756050050290302e+00 5.594889654888636876e+00 -1.773206921442000450e+01
2.478542947807022667e+00 5.880328643772410935e+00 -1.732354011332489563e+01
2.494329845563755477e+00 6.141859567996069913e+00 -1.526695101551452005e+01
2.510116743320487842e+00 6.362364233250357159e+00 -1.144327118175980651e+01
2.525903641077220652e+00 6.503167072294083972e+00 -8.571410249650808666e+00
2.541690538833953461e+00 6.632996187734852001e+00 -7.835243681056252463e+00
2.557477436590685826e+00 6.750555454077924900e+00 -5.494611763701965579e+00
2.573264334347418636e+00 6.806481935987858556e+00 -1.929206965708426758e+00
2.589051232104151001e+00 6.811467840316355549e+00 6.300176785666374846e-01
2.604838129860883811e+00 6.786589886634927460e+00 2.315961599614682953e+00
2.620625027617616620e+00 6.738344142353083654e+00 2.854556968002019079e+00
2.636411925374348986e+00 6.696460688645694326e+00 4.200588065795888504e+00
2.652198823131081795e+00 6.605715633727341718e+00 6.675430682096769708e+00
2.667985720887814161e+00 6.485692005324859011e+00 8.464964153847768458e+00
2.683772618644546970e+00 6.338444586504938805e+00 9.423562521061080943e+00
2.699559516401279780e+00 6.188154369276521294e+00 1.003004682484798415e+01
2.715346414158012145e+00 6.021757939066707088e+00 1.130598376882659650e+01
2.731133311914744954e+00 5.831181549681033083e+00 1.259122131436270209e+01
2.746920209671477320e+00 5.624205292022233849e+00 1.371589786578737602e+01
2.762707107428210129e+00 5.398118595183087898e+00 1.534627495328380853e+01
2.778494005184942495e+00 5.139665144753837289e+00 1.597599666623613146e+01
2.794280902941675304e+00 4.893695743319545599e+00 1.568597354833323010e+01
2.810067800698408114e+00 4.644399423509138813e+00 1.553988107689320763e+01
2.825854698455140479e+00 4.403042715894151193e+00 1.474353930439378502e+01
2.841641596211873289e+00 4.178889928367471640e+00 1.474220505302196749e+01
2.857428493968605654e+00 3.937575348132461350e+00 1.393826986875645879e+01
2.873215391725338463e+00 3.738805845719860965e+00 1.142823201655269294e+01
2.889002289482071273e+00 3.576742687361389894e+00 9.978151119487725040e+00
2.904789187238803638e+00 3.423757742670701099e+00 9.429009971702438264e+00
2.920576084995536448e+00 3.279033054620432264e+00 7.116867611557534445e+00
2.936362982752268813e+00 3.199051220006979612e+00 3.888273260219317073e+00
2.952149880509001623e+00 3.156265509801792657e+00 5.291074121362722149e-01
2.967936778265734432e+00 3.182345290771530166e+00 -2.438821590943988316e+00
2.983723676022466798e+00 3.233268364008082152e+00 -4.780376862856904552e+00
2.999510573779199607e+00 3.333279932316674632e+00 -7.768970317777618817e+00
3.015297471535931972e+00 3.478564244171773900e+00 -1.057378055022962116e+01
3.031084369292664782e+00 3.667134317213880834e+00 -1.052072261480870452e+01
3.046871267049397591e+00 3.810743388665633447e+00 -9.397199447564357655e+00
3.062658164806129957e+00 3.963839570970526527e+00 -1.231639894030204374e+01
3.078445062562862766e+00 4.199618850268990400e+00 -1.732475220736351673e+01
3.094231960319595132e+00 4.510847754487278038e+00 -2.159627564326953930e+01
3.110018858076327941e+00 4.881495241282013176e+00 -2.595783035898123003e+01
3.125805755833060751e+00 5.330434982214971917e+00 -2.829831695217960430e+01
3.141592653589793116e+00 5.774980514105359397e+00 -2.815914429424884347e+01
