0.000000000000000000e+00 1.159123269753779368e+02 9.288917415000568667e+00
1.578689775673262907e-02 1.157656837858765897e+02 1.857783483000113733e+01
3.157379551346525814e-02 1.153257542173725483e+02 3.715566966000227467e+01
4.736069327019788722e-02 1.145925382698658126e+02 5.573350449000341200e+01
6.314759102693051629e-02 1.135660359433563826e+02 6.502242190500354013e+01
7.893448878366314536e-02 1.125395336168469669e+02 6.502242190500308539e+01
9.472138654039577443e-02 1.115130312903375511e+02 6.502242190500398067e+01
1.105082842971284035e-01 1.104865289638281070e+02 6.502242190500308539e+01
1.262951820538610326e-01 1.094600266373187196e+02 6.502242190500263064e+01
1.420820798105936755e-01 1.084335243108092897e+02 6.502242190500354013e+01
1.578689775673262907e-01 1.074070219842998739e+02 6.502242190500354013e+01
1.736558753240589059e-01 1.063805196577904439e+02 6.502242190500354013e+01
1.894427730807915489e-01 1.053540173312810282e+02 6.502242190500354013e+01
2.052296708375241918e-01 1.043275150047715982e+02 6.502242190500354013e+01
2.210165685942568070e-01 1.033010126782621825e+02 6.502242190500354013e+01
2.368034663509894222e-01 1.022745103517527525e+02 6.502242190500354013e+01
2.525903641077220652e-01 1.012480080252433368e+02 6.502242190500308539e+01
2.683772618644547081e-01 1.002215056987339210e+02 6.502242190500263064e+01
2.841641596211873511e-01 9.919500337222451947e+01 6.502242190500308539e+01
2.999510573779199385e-01 9.816850104571508950e+01 6.502242190500398067e+01
3.157379551346525814e-01 9.714199871920565954e+01 6.502242190500354013e+01
3.315248528913852244e-01 9.611549639269624379e+01 6.502242190500308539e+01
3.473117506481178118e-01 9.508899406618682804e+01 6.502242190500354013e+01
3.630986484048504548e-01 9.406249173967739807e+01 6.502242190500398067e+01
3.788855461615830977e-01 9.303598941316796811e+01 6.502242190500354013e+01
3.946724439183157407e-01 9.200948708665855236e+01 6.502242190500354013e+01
4.104593416750483836e-01 9.098298476014912239e+01 6.502242190500354013e+01
4.262462394317809711e-01 8.995648243363970664e+01 6.502242190500308539e+01
4.420331371885136140e-01 8.892998010713029089e+01 6.502242190500263064e+01
4.578200349452462570e-01 8.790347778062088935e+01 6.502242190500308539e+01
4.736069327019788444e-01 8.687697545411145938e+01 6.502242190500398067e+01
4.893938304587114874e-01 8.585047312760202942e+01 6.502242190500354013e+01
5.051807282154441303e-01 8.482397080109261367e+01 6.502242190500308539e+01
5.209676259721767178e-01 8.379746847458319792e+01 6.502242190500354013e+01
5.367545237289094162e-01 8.277096614807376795e+01 6.502242190500398067e+01
5.525414214856420037e-01 8.174446382156433799e+01 6.502242190500354013e+01
5.683283192423747021e-01 8.071796149505492224e+01 6.502242190500354013e+01
5.841152169991072896e-01 7.969145916854549228e+01 6.502242190500354013e+01
5.999021147558398770e-01 7.866495684203607652e+01 6.502242190500263064e+01
6.156890125125725755e-01 7.763845451552667498e+01 6.502242190500263064e+01
6.314759102693051629e-01 7.661195218901725923e+01 6.502242190500354013e+01
6.472628080260377503e-01 7.558544986250782927e+01 6.502242190500398067e+01
6.630497057827704488e-01 7.455894753599839930e+01 6.502242190500354013e+01
6.788366035395030362e-01 7.353244520948898355e+01 6.502242190500308539e+01
6.946235012962356237e-01 7.250594288297956780e+01 6.502242190500308539e+01
7.104103990529683221e-01 7.147944055647015205e+01 6.502242190500354013e+01
7.261972968097009096e-01 7.045293822996072208e+01 6.502242190500354013e+01
7.419841945664336080e-01 6.942643590345130633e+01 6.502242190500308539e+01
7.577710923231661955e-01 6.839993357694189058e+01 6.502242190500308539e+01
7.735579900798987829e-01 6.737343125043247483e+01 6.502242190500354013e+01
7.893448878366314814e-01 6.634692892392304486e+01 6.502242190500398067e+01
8.051317855933640688e-01 6.532042659741361490e+01 6.502242190500354013e+01
8.209186833500967673e-01 6.429392427090419915e+01 6.502242190500308539e+01
8.367055811068293547e-01 6.326742194439478340e+01 6.502242190500354013e+01
8.524924788635619421e-01 6.224091961788535343e+01 6.502242190500354013e+01
8.682793766202946406e-01 6.121441729137593768e+01 7.050482454324459525e+01
8.840662743770272280e-01 6.001481470504420201e+01 6.920030253204393489e+01
8.998531721337598155e-01 5.902950108975925048e+01 6.371789989380264529e+01
9.156400698904925139e-01 5.800299876324982762e+01 7.551451899202169216e+01
9.314269676472251014e-01 5.664522110880746908e+01 9.141053877098909197e+01
9.472138654039576888e-01 5.511682110431893022e+01 1.022822229910134126e+02
9.630007631606903873e-01 5.341578311542655655e+01 1.131856523089068673e+02
9.787876609174229747e-01 5.154312046325932783e+01 1.198401524152933746e+02
9.945745586741556732e-01 4.963197464876357401e+01 1.327397908534461237e+02
1.010361456430888261e+00 4.735202145035247412e+01 1.486294117805271355e+02
1.026148354187620848e+00 4.493917999391858586e+01 1.446700713529745315e+02
1.041935251944353436e+00 4.278423820053522775e+01 1.359777117941387132e+02
1.057722149701086245e+00 4.064584752734153739e+01 1.329645012152778634e+02
1.073509047457818832e+00 3.858604422861414207e+01 1.257297754292515748e+02
1.089295945214551420e+00 3.667608130798443966e+01 1.137524968092269120e+02
1.105082842971284007e+00 3.499444615521350244e+01 1.019707199187924545e+02
1.120869740728016595e+00 3.345647864890764822e+01 9.074814147751320093e+01
1.136656638484749404e+00 3.212918289297548569e+01 7.786431694442902085e+01
1.152443536241481992e+00 3.099800662790859818e+01 6.476300836423138207e+01
1.168230433998214579e+00 3.008436891004640401e+01 5.234451188715392789e+01
1.184017331754947167e+00 2.934529171333144859e+01 4.345470903154389930e+01
1.199804229511679754e+00 2.871233881298730495e+01 3.651145909234651299e+01
1.215591127268412341e+00 2.819248637005144786e+01 2.487479180290294423e+01
1.231378025025145151e+00 2.792694722316242562e+01 1.313402579123316904e+01
1.247164922781877738e+00 2.777779532545047303e+01 6.519352765610830325e+00
1.262951820538610326e+00 2.772110651206088505e+01 -7.481840049737917830e-01
1.278738718295342913e+00 2.780141833422996100e+01 -8.576762532354177182e+00
1.294525616052075501e+00 2.799190745842498629e+01 -1.690575343998756352e+01
1.310312513808808310e+00 2.833519713634519022e+01 -2.414799642680183922e+01
1.326099411565540898e+00 2.875435135966471734e+01 -2.310215839228925105e+01
1.341886309322273485e+00 2.906461996134301629e+01 -2.422713599059289180e+01
1.357673207079006072e+00 2.951929399730861192e+01 -2.811322834303576101e+01
1.373460104835738660e+00 2.995226128426938317e+01 -2.719554912244572975e+01
1.389247002592471247e+00 3.037796070417711292e+01 -2.946952121274392056e+01
1.405033900349204057e+00 3.088272592092028646e+01 -2.951137052033418584e+01
1.420820798105936644e+00 3.130974668230825131e+01 -2.762385777997063485e+01
1.436607695862669232e+00 3.175491595775812570e+01 -2.908322813794313433e+01
1.452394593619401819e+00 3.222801458040712674e+01 -2.376354898537281457e+01
1.468181491376134407e+00 3.250522139409650180e+01 -1.580037711466560957e+01
1.483968389132867216e+00 3.272689245646121492e+01 -1.238348556180456050e+01
1.499755286889599804e+00 3.289621503496886845e+01 -4.915258911190135471e+00
1.515542184646332391e+00 3.288208583621887016e+01 -2.057136080590373506e-01
1.531329082403064978e+00 3.290271019436406164e+01 9.317241344214247656e-01
1.547115980159797566e+00 3.285266776892368767e+01 3.035162723251466854e+00
1.562902877916530375e+00 3.280687858719002747e+01 -2.052408322986511435e-01
1.578689775673262963e+00 3.285914800099369870e+01 -1.926523482969847656e+00
1.594476673429995550e+00 3.286770624569320631e+01 2.737983109351789235e-01
1.610263571186728138e+00 3.285050314911229918e+01 1.594667368985751787e+00
1.626050468943460725e+00 3.281735654427285453e+01 7.005352099895291396e+00
1.641837366700193535e+00 3.262931759441038082e+01 1.380948400632241402e+01
1.657624264456926122e+00 3.238133872011076164e+01 1.852683745047444575e+01
1.673411162213658709e+00 3.204435501723789059e+01 2.821805060455218239e+01
1.689198059970391297e+00 3.149038776053401634e+01 3.571463026076667546e+01
1.704984957727123884e+00 3.091670858454542525e+01 3.811494091087588032e+01
1.720771855483856472e+00 3.028695441020621004e+01 3.803399728182736794e+01
1.736558753240589281e+00 2.971583093180931456e+01 3.531986065747693715e+01
1.752345650997321869e+00 2.917177235224294662e+01 3.782480663525169007e+01
1.768132548754054456e+00 2.852155822177151379e+01 4.467807557657290829e+01
1.783919446510787044e+00 2.776111593005308720e+01 4.863391851663361365e+01
1.799706344267519631e+00 2.698600082350879248e+01 5.241057250053643912e+01
1.815493242024252440e+00 2.610631523117750419e+01 5.676908571730827902e+01
1.831280139780985028e+00 2.519358531958411973e+01 6.490299967344847687e+01
1.847067037537717615e+00 2.405708119127753974e+01 7.418851104148519937e+01
1.862853935294450203e+00 2.285117244251180679e+01 7.665246408568647496e+01
1.878640833051182790e+00 2.163687196463283513e+01 7.601510483201745672e+01
1.894427730807915378e+00 2.045108706661106268e+01 7.436667067159640965e+01
1.910214628564648187e+00 1.928883391183063623e+01 7.307533153653379543e+01
1.926001526321380775e+00 1.814382149159786550e+01 7.364225007740454032e+01
1.941788424078113362e+00 1.696366856673519408e+01 7.138293701773335442e+01
1.957575321834845949e+00 1.588999123504938282e+01 6.852853928923431681e+01
1.973362219591578537e+00 1.479996248038044016e+01 6.812385671747419735e+01
1.989149117348311346e+00 1.373906251346324581e+01 6.642521409375341079e+01
2.004936015105043712e+00 1.270266635364611929e+01 6.472734964453034934e+01
2.020722912861776521e+00 1.169537441165827651e+01 6.243973103307515515e+01
2.036509810618509331e+00 1.073120705409203346e+01 5.983506615818778585e+01
2.052296708375241696e+00 9.806154268244990035e+00 5.738571837515800667e+01
2.068083606131974506e+00 8.919322116721488669e+00 5.321447171490343919e+01
2.083870503888706871e+00 8.125971419961548037e+00 4.795988853145792774e+01
2.099657401645439680e+00 7.405046403380648457e+00 4.337390463583942335e+01
2.115444299402172490e+00 6.756492624369011324e+00 3.807635543103680220e+01
2.131231197158904855e+00 6.202831343103070161e+00 3.196918205391536816e+01
2.147018094915637665e+00 5.747104207465944192e+00 2.548708586425642508e+01
2.162804992672370030e+00 5.398107305790906807e+00 1.900104310419845888e+01
2.178591890429102840e+00 5.147169157951442919e+00 1.338277395324383257e+01
2.194378788185835649e+00 4.975562337588256945e+00 8.098401979269171491e+00
2.210165685942568015e+00 4.891471869872155764e+00 2.971769640911710475e+00
2.225952583699300824e+00 4.881732290632986526e+00 -1.524196956817361226e+00
2.241739481456033189e+00 4.939596552908953164e+00 -5.479890632896409208e+00
2.257526379212765999e+00 5.054753236912211456e+00 -8.743348260593684529e+00
2.273313276969498808e+00 5.215657242991950326e+00 -1.143369928977815064e+01
2.289100174726231174e+00 5.415758520250119723e+00 -1.382284719288253427e+01
2.304887072482963983e+00 5.652096993673900727e+00 -1.565611863696456574e+01
2.320673970239696349e+00 5.910081608628191319e+00 -1.661237946132914445e+01
2.336460867996429158e+00 6.176612865777997285e+00 -1.603620933251209024e+01
2.352247765753161524e+00 6.416405602904051264e+00 -1.437557059385223823e+01
2.368034663509894333e+00 6.630504192097672167e+00 -1.312183519867661552e+01
2.383821561266627143e+00 6.830711744228457505e+00 -1.184103549434074409e+01
2.399608459023359508e+00 7.004370625463670841e+00 -9.513722572349752937e+00
2.415395356780092317e+00 7.131096075299667270e+00 -6.511689060417275243e+00
2.431182254536824683e+00 7.209969364304554595e+00 -3.678739832618217243e+00
2.446969152293557492e+00 7.247247854521994270e+00 -1.816034693965280278e+00
2.462756050050290302e+00 7.267308472377172812e+00 -1.318844317940739697e-01
2.478542947807022667e+00 7.251411946602869918e+00 2.668344479844290351e+00
2.494329845563755477e+00 7.183058709411085374e+00 6.325689508514679815e+00
2.510116743320487842e+00 7.051685919579354866e+00 9.117062127750431344e+00
2.525903641077220652e+00 6.895198454105934793e+00 1.117866275503373608e+01
2.541690538833953461e+00 6.698733107637929507e+00 1.316955783698373850e+01
2.557477436590685826e+00 6.479385527958256397e+00 1.432153969173923258e+01
2.573264334347418636e+00 6.246547741972978685e+00 1.469900080295857592e+01
2.589051232104151001e+00 6.015282282353380694e+00 1.447590054616754784e+01
2.604838129860883811e+00 5.789488618255024477e+00 1.308212803261585222e+01
2.620625027617616620e+00 5.602229846970596228e+00 1.172344734066712846e+01
2.636411925374348986e+00 5.419334889207922501e+00 1.059702711783721263e+01
2.652198823131081795e+00 5.267641479701357987e+00 8.661254907994431207e+00
2.667985720887814161e+00 5.145866197852908996e+00 7.738471333189996137e+00
2.683772618644546970e+00 5.023308568240404171e+00 7.690148184063648529e+00
2.699559516401279780e+00 4.903059031621037178e+00 6.680725883859575553e+00
2.715346414158012145e+00 4.812372695301907477e+00 4.682368104208397774e+00
2.731133311914744954e+00 4.755218898579989251e+00 1.965709737772981969e+00
2.746920209671477320e+00 4.750307778002635928e+00 -1.262438505467521344e+00
2.762707107428210129e+00 4.795078873799945463e+00 -4.255499141916898154e+00
2.778494005184942495e+00 4.884670037717246949e+00 -8.522922341141539349e+00
2.794280902941675304e+00 5.064179880976293013e+00 -1.505992552358972958e+01
2.810067800698408114e+00 5.360169046647085267e+00 -2.235576182430759573e+01
2.825854698455140479e+00 5.770036133364714104e+00 -2.786944550948169308e+01
2.841641596211873289e+00 6.240113220237122782e+00 -3.288731955195764556e+01
2.857428493968605654e+00 6.808413635884212667e+00 -4.040191689202674041e+01
2.873215391725338463e+00 7.515755082537992848e+00 -4.916676508399061873e+01
2.889002289482071273e+00 8.360795022704715862e+00 -5.631074446083032115e+01
2.904789187238803638e+00 9.293699013355245953e+00 -5.987882892023471726e+01
2.920576084995536448e+00 1.025139692261797641e+01 -5.963645242001121005e+01
2.936362982752268813e+00 1.117664816721318033e+01 -6.104442660171098112e+01
2.952149880509001623e+00 1.217880116537713775e+01 -6.454004108463834655e+01
2.967936778265734432e+00 1.321442222685019807e+01 -6.384494540128080331e+01
2.983723676022466798e+00 1.419462841604553205e+01 -6.063385898165281418e+01
2.999510573779199607e+00 1.512886329152919274e+01 -5.917682370974841888e+01
3.015297471535931972e+00 1.606306534699351118e+01 -5.889224770441090584e+01
3.031084369292664782e+00 1.698831507787660655e+01 -5.611086699561305124e+01
3.046871267049397591e+00 1.783469838759624437e+01 -4.856214836869173013e+01
3.062658164806129957e+00 1.852160642016423964e+01 -3.829941255994572202e+01
3.078445062562862766e+00 1.904395620804981348e+01 -2.530723699896025991e+01
3.094231960319595132e+00 1.932065194618021309e+01 -1.736972606726890689e+01
3.110018858076327941e+00 1.959238438702266905e+01 -1.244362367109578216e+01
3.125805755833060751e+00 1.971354437541790716e+01 -4.060058209590932776e+00
3.141592653589793116e+00 1.972057583470505904e+01 -4.453984180744550159e-01
