0.000000000000000000e+00 3.442963168797447793e+02 4.217315408520401832e+01
1.578689775673262907e-02 3.436305336081227324e+02 8.434630817040984141e+01
3.157379551346525814e-02 3.416331837932565350e+02 1.686926163408214734e+02
4.736069327019788722e-02 3.383042674351461869e+02 2.530389245112331196e+02
6.314759102693051629e-02 3.336437845337916883e+02 2.952120785964389711e+02
7.893448878366314536e-02 3.289833016324371897e+02 2.952120785964407332e+02
9.472138654039577443e-02 3.243228187310826343e+02 2.952120785964389711e+02
1.105082842971284035e-01 3.196623358297281925e+02 2.952120785964353331e+02
1.262951820538610326e-01 3.150018529283737507e+02 2.952120785964389711e+02
1.420820798105936755e-01 3.103413700270191953e+02 2.952120785964407332e+02
1.578689775673262907e-01 3.056808871256646967e+02 2.952120785964389711e+02
1.736558753240589059e-01 3.010204042243101981e+02 2.952120785964389711e+02
1.894427730807915489e-01 2.963599213229556995e+02 2.952120785964371521e+02
2.052296708375241918e-01 2.916994384216012577e+02 2.952120785964371521e+02
2.210165685942568070e-01 2.870389555202467591e+02 2.952120785964389711e+02
2.368034663509894222e-01 2.823784726188922605e+02 2.952120785964407332e+02
2.525903641077220652e-01 2.777179897175377050e+02 2.952120785964389711e+02
2.683772618644547081e-01 2.730575068161832633e+02 2.952120785964389711e+02
2.841641596211873511e-01 2.683970239148287078e+02 2.952120785964389711e+02
2.999510573779199385e-01 2.637365410134742660e+02 2.952120785964371521e+02
3.157379551346525814e-01 2.590760581121197674e+02 2.952120785964398237e+02
3.315248528913852244e-01 2.544155752107652404e+02 2.952120785964398237e+02
3.473117506481178118e-01 2.497550923094107418e+02 2.952120785964398237e+02
3.630986484048504548e-01 2.450946094080562148e+02 2.952120785964380616e+02
3.788855461615830977e-01 2.404341265067017730e+02 2.952120785964380616e+02
3.946724439183157407e-01 2.357736436053472460e+02 2.952120785964380616e+02
4.104593416750483836e-01 2.311131607039928042e+02 2.952120785964380616e+02
4.262462394317809711e-01 2.264526778026382772e+02 2.952120785964398237e+02
4.420331371885136140e-01 2.217921949012837786e+02 2.952120785964389711e+02
4.578200349452462570e-01 2.171317119999292800e+02 2.952120785964380616e+02
4.736069327019788444e-01 2.124712290985748098e+02 2.952120785964380616e+02
4.893938304587114874e-01 2.078107461972203112e+02 2.952120785964389711e+02
5.051807282154441303e-01 2.031502632958658126e+02 2.952120785964389711e+02
5.209676259721767178e-01 1.984897803945113139e+02 2.952120785964389711e+02
5.367545237289094162e-01 1.938292974931568153e+02 2.952120785964398237e+02
5.525414214856420037e-01 1.891688145918022883e+02 2.952120785964380616e+02
5.683283192423747021e-01 1.845083316904478465e+02 2.952120785964380616e+02
5.841152169991072896e-01 1.798478487890933195e+02 2.952120785964398237e+02
5.999021147558398770e-01 1.751873658877388209e+02 2.952120785964389711e+02
6.156890125125725755e-01 1.705268829863843223e+02 2.952120785964389711e+02
6.314759102693051629e-01 1.658664000850298237e+02 2.952120785964380616e+02
6.472628080260377503e-01 1.612059171836753535e+02 2.952120785964380616e+02
6.630497057827704488e-01 1.565454342823208549e+02 2.952120785964389711e+02
6.788366035395030362e-01 1.518849513809663563e+02 2.952120785964389711e+02
6.946235012962356237e-01 1.472244684796118577e+02 2.952120785964380616e+02
7.104103990529683221e-01 1.425639855782573875e+02 2.952120785964380616e+02
7.261972968097009096e-01 1.379035026769028889e+02 2.952120785964398237e+02
7.419841945664336080e-01 1.332430197755483618e+02 2.952120785964389711e+02
7.577710923231661955e-01 1.285825368741938917e+02 2.952120785964385163e+02
7.735579900798987829e-01 1.239220539728393788e+02 2.952120785964394258e+02
7.893448878366314814e-01 1.192615710714848802e+02 2.952120785964385163e+02
8.051317855933640688e-01 1.146010881701303958e+02 2.952120785964385163e+02
8.209186833500967673e-01 1.099406052687758972e+02 2.952120785964389711e+02
8.367055811068293547e-01 1.052801223674213986e+02 2.952120785964389711e+02
8.524924788635619421e-01 1.006196394660669000e+02 2.952120785964389711e+02
8.682793766202946406e-01 9.595915656471240140e+01 2.988027280354850177e+02
8.840662743770272280e-01 9.118530323220892342e+01 2.976368416612404530e+02
8.998531721337598155e-01 8.656163178882675879e+01 2.940461922221943496e+02
9.156400698904925139e-01 8.190114888747226018e+01 2.935354718868561577e+02
9.314269676472251014e-01 7.729360282352263312e+01 2.920722676536244649e+02
9.472138654039576888e-01 7.267931883342262722e+01 2.923786604462883929e+02
9.630007631606903873e-01 6.806209878609062969e+01 2.883254315495044011e+02
9.787876609174229747e-01 6.357579061634694995e+01 2.756733838038931026e+02
9.945745586741556732e-01 5.935804373736148420e+01 2.686155842739086097e+02
1.010361456430888261e+00 5.509457708675256526e+01 2.534622362429563793e+02
1.026148354187620848e+00 5.135527891984075666e+01 2.258595819288950111e+02
1.041935251944353436e+00 4.796333283217288113e+01 2.042880759065118070e+02
1.057722149701086245e+00 4.490512898532928432e+01 1.816434131432353922e+02
1.073509047457818832e+00 4.222816084922047963e+01 1.603532675702085726e+02
1.089295945214551420e+00 3.984216770515153883e+01 1.392675868435733264e+02
1.105082842971284007e+00 3.783095454056773121e+01 1.158709085409320494e+02
1.120869740728016595e+00 3.618368333292071526e+01 1.055317210374088717e+02
1.136656638484749404e+00 3.449891756034852364e+01 1.016900250348421224e+02
1.152443536241481992e+00 3.297294327671144742e+01 9.038801430832594974e+01
1.168230433998214579e+00 3.164502487970926836e+01 7.969556234399530581e+01
1.184017331754947167e+00 3.045665188793151756e+01 6.970255346757437565e+01
1.199804229511679754e+00 2.944425070975769643e+01 6.181621936470500600e+01
1.215591127268412341e+00 2.850487921829481053e+01 5.423618014196378567e+01
1.231378025025145151e+00 2.773180864852386662e+01 4.324685955747787602e+01
1.247164922781877738e+00 2.713941171802745345e+01 3.510614450649283924e+01
1.262951820538610326e+00 2.662337442060970005e+01 2.620663435188060575e+01
1.278738718295342913e+00 2.631196880390502102e+01 1.152217854852858103e+01
1.294525616052075501e+00 2.625957551124882272e+01 -1.274462577986501755e+00
1.310312513808808310e+00 2.635220842473193059e+01 -1.014592007586493594e+01
1.326099411565540898e+00 2.657992071702014414e+01 -1.892770596385237170e+01
1.341886309322273485e+00 2.694982794237360224e+01 -2.934732697685411296e+01
1.357673207079006072e+00 2.750652721785413846e+01 -4.054619669317506947e+01
1.373460104835738660e+00 2.823002526561265313e+01 -4.655153060286662736e+01
1.389247002592471247e+00 2.897633572594786955e+01 -4.697595092738107780e+01
1.405033900349204057e+00 2.971323433424436189e+01 -4.753694642233003975e+01
1.420820798105936644e+00 3.047725755162107220e+01 -5.029818563205230220e+01
1.436607695862669232e+00 3.130133896208909761e+01 -5.173146819158647958e+01
1.452394593619401819e+00 3.211061634991355618e+01 -4.940038496333222895e+01
1.468181491376134407e+00 3.286109661520781344e+01 -4.444683305738025325e+01
1.483968389132867216e+00 3.351397156808840805e+01 -4.029312159476436506e+01
1.499755286889599804e+00 3.413330339704009475e+01 -3.738811873502164218e+01
1.515542184646332391e+00 3.469445638366114082e+01 -3.256951961787177652e+01
1.531329082403064978e+00 3.516164674942657342e+01 -2.356609287229613869e+01
1.547115980159797566e+00 3.543852738106235023e+01 -1.104841731288395579e+01
1.562902877916530375e+00 3.551048721841100075e+01 1.069242721617762015e+00
1.578689775673262963e+00 3.540476733001572995e+01 1.147648327978092553e+01
1.594476673429995550e+00 3.514813108212149473e+01 2.153343782347962332e+01
1.610263571186728138e+00 3.472487496747526592e+01 3.407844210085166736e+01
1.626050468943460725e+00 3.407214531981173877e+01 4.610240718589838593e+01
1.641837366700193535e+00 3.326924699030919896e+01 5.182411932638583352e+01
1.657624264456926122e+00 3.243586117353500953e+01 5.303632181185159311e+01
1.673411162213658709e+00 3.159468901063545943e+01 5.427791516660307991e+01
1.689198059970391297e+00 3.072210137916746930e+01 5.586666356270345801e+01
1.704984957727123884e+00 2.983076639928709994e+01 5.712148828466302319e+01
1.720771855483856472e+00 2.891855918864271757e+01 5.644514347634440554e+01
1.736558753240589281e+00 2.804857898143679407e+01 5.445617292539427012e+01
1.752345650997321869e+00 2.719917112025041561e+01 5.589157415700659470e+01
1.768132548754054456e+00 2.628386984807778859e+01 5.873052776544653852e+01
1.783919446510787044e+00 2.534482544618631294e+01 5.999786433029550636e+01
1.799706344267519631e+00 2.438950954846840702e+01 6.051518301476406236e+01
1.815493242024252440e+00 2.343413143221822637e+01 6.102414128133687399e+01
1.831280139780985028e+00 2.246274579026666274e+01 6.060496148588069332e+01
1.847067037537717615e+00 2.152060277116159170e+01 6.026702087637691108e+01
1.862853935294450203e+00 2.055988719691019639e+01 6.010534231260324844e+01
1.878640833051182790e+00 1.962284898371662578e+01 5.975630213499919563e+01
1.894427730807915378e+00 1.867315393265888446e+01 6.065841763251495422e+01
1.910214628564648187e+00 1.770763250921722332e+01 6.128485394422380494e+01
1.926001526321380775e+00 1.673815848615137725e+01 6.059664649115792656e+01
1.941788424078113362e+00 1.579436638410366101e+01 6.082908471073739776e+01
1.957575321834845949e+00 1.481755340422329859e+01 6.184699369966472915e+01
1.973362219591578537e+00 1.384162205190787276e+01 6.170485937103109109e+01
1.989149117348311346e+00 1.286929679225523238e+01 6.043009374317295368e+01
2.004936015105043712e+00 1.193361462920139360e+01 5.772262097113929258e+01
2.020722912861776521e+00 1.104677456121121892e+01 5.556079970329426487e+01
2.036509810618509331e+00 1.017934930080497935e+01 5.396754424738912803e+01
2.052296708375241696e+00 9.342814354780266228e+00 5.056541528066534141e+01
2.068083606131974506e+00 8.582807218679800343e+00 4.583231511165583782e+01
2.083870503888706871e+00 7.895714209536141226e+00 4.135751307025808643e+01
2.099657401645439680e+00 7.276993558054004829e+00 3.666451056171887046e+01
2.115444299402172490e+00 6.738076450459142386e+00 3.213376512523230843e+01
2.131231197158904855e+00 6.262408628912198516e+00 2.650095693823275766e+01
2.147018094915637665e+00 5.901340655180232986e+00 1.989001765797775789e+01
2.162804992672370030e+00 5.634405278619995627e+00 1.445443220695286435e+01
2.178591890429102840e+00 5.444959368414656886e+00 9.191457970882073170e+00
2.194378788185835649e+00 5.344196064176754746e+00 3.346033362687666823e+00
2.210165685942568015e+00 5.339312395239923958e+00 -2.373142320492659607e+00
2.225952583699300824e+00 5.419125174528340416e+00 -8.252400547721640223e+00
2.241739481456033189e+00 5.599872002628895729e+00 -1.319158318690816678e+01
2.257526379212765999e+00 5.835633524570645214e+00 -1.653627896375072481e+01
2.273313276969498808e+00 6.121985093183978321e+00 -1.967434646748606752e+01
2.289100174726231174e+00 6.456827316796117877e+00 -2.187568989044605061e+01
2.304887072482963983e+00 6.812683652500901132e+00 -2.296767833039469053e+01
2.320673970239696349e+00 7.182004095819046974e+00 -2.274438309672413894e+01
2.336460867996429158e+00 7.530810153476784841e+00 -2.071053965720528822e+01
2.352247765753161524e+00 7.835914439929159592e+00 -1.783161362109125037e+01
2.368034663509894333e+00 8.093821875624241713e+00 -1.533471412645977061e+01
2.383821561266627143e+00 8.320089568015447412e+00 -1.243621246081412934e+01
2.399608459023359508e+00 8.486480304823995624e+00 -9.410880578784858841e+00
2.415395356780092317e+00 8.617226787011642131e+00 -6.550697388154441470e+00
2.431182254536824683e+00 8.693310684628174911e+00 -3.582194298210442884e+00
2.446969152293557492e+00 8.730330257272839845e+00 -9.005610699637464078e-01
2.462756050050290302e+00 8.721744815698597719e+00 1.479446435324013986e+00
2.478542947807022667e+00 8.683618518050794322e+00 3.891357253164148489e+00
2.494329845563755477e+00 8.598879897517353044e+00 5.725654840978272375e+00
2.510116743320487842e+00 8.502837862921063916e+00 8.224838733496909526e+00
2.525903641077220652e+00 8.339190521214693064e+00 1.208703911374113282e+01
2.541690538833953461e+00 8.121204161580545033e+00 1.461295224389787784e+01
2.557477436590685826e+00 7.877804155217828175e+00 1.601817204415848295e+01
2.573264334347418636e+00 7.615449672958779281e+00 1.705929163042788943e+01
2.589051232104151001e+00 7.339177569674128598e+00 1.753631204995222248e+01
2.604838129860883811e+00 7.061761742233271022e+00 1.874167021464223737e+01
2.620625027617616620e+00 6.747431906736212071e+00 1.889407344575945302e+01
2.636411925374348986e+00 6.465204130840468189e+00 1.674215540658540746e+01
2.652198823131081795e+00 6.218818515474027642e+00 1.561313804379038217e+01
2.667985720887814161e+00 5.972238102922325709e+00 1.462130051826085086e+01
2.683772618644546970e+00 5.757168562769535924e+00 1.273216553454330757e+01
2.699559516401279780e+00 5.570235311891065244e+00 1.187253165195294002e+01
2.715346414158012145e+00 5.382307676163629928e+00 9.705581934676143163e+00
2.731133311914744954e+00 5.263793252546418167e+00 5.677688052556638887e+00
2.746920209671477320e+00 5.203041514602961826e+00 1.829817277590982671e+00
2.762707107428210129e+00 5.206018975996754783e+00 -2.924422098003927051e+00
2.778494005184942495e+00 5.295376619920396877e+00 -7.985594512069980055e+00
2.794280902941675304e+00 5.458154504174302701e+00 -1.303122520089701197e+01
2.810067800698408114e+00 5.706821859703434363e+00 -2.056665742945071074e+01
2.825854698455140479e+00 6.107521940247270464e+00 -2.888917851693634375e+01
2.841641596211873289e+00 6.618962874749175995e+00 -3.431173565920135360e+01
2.857428493968605654e+00 7.190873665662968151e+00 -3.889296403115407230e+01
2.873215391725338463e+00 7.846961367981394098e+00 -4.511751871982284712e+01
2.889002289482071273e+00 8.615404975797595455e+00 -5.058646062265079024e+01
2.904789187238803638e+00 9.444167931430932583e+00 -5.407416226172785656e+01
2.920576084995536448e+00 1.032273151761133079e+01 -5.556889292849975703e+01
2.936362982752268813e+00 1.119868879366502945e+01 -5.353546707821730877e+01
2.952149880509001623e+00 1.201304940785681552e+01 -5.340635681076545893e+01
2.967936778265734432e+00 1.288493018272730062e+01 -5.283449191405729550e+01
2.983723676022466798e+00 1.368123485160909425e+01 -4.596699721535603089e+01
2.999510573779199607e+00 1.433628275317297884e+01 -4.009722770355804755e+01
3.015297471535931972e+00 1.494725651977809022e+01 -3.475777347842156928e+01
3.031084369292664782e+00 1.543371758548400763e+01 -2.505989071642457233e+01
3.046871267049397591e+00 1.573849238484826607e+01 -1.813677988411450315e+01
3.062658164806129957e+00 1.600636456481776904e+01 -9.445433967272386155e+00
3.078445062562862766e+00 1.603672058546686330e+01 -3.508326292490164811e+00
3.094231960319595132e+00 1.611713574177136721e+01 -7.603868123131288570e+00
3.110018858076327941e+00 1.627680356269796746e+01 -4.893826685317632652e+00
3.125805755833060751e+00 1.627165242481192564e+01 -4.866466690847316423e-01
3.141592653589793116e+00 1.629216884511495778e+01 -1.299585302899837203e+00
