0.000000000000000000e+00 2.807559539408889577e+02 3.249561279612662901e+01
1.578689775673262907e-02 2.802429490241341341e+02 6.499122559225325801e+01
3.157379551346525814e-02 2.787039342738696632e+02 1.299824511845101256e+02
4.736069327019788722e-02 2.761389096900954314e+02 1.949736767767669789e+02
6.314759102693051629e-02 2.725478752728115523e+02 2.274692895728936151e+02
7.893448878366314536e-02 2.689568408555276733e+02 2.274692895728936151e+02
9.472138654039577443e-02 2.653658064382437942e+02 2.274692895728936151e+02
1.105082842971284035e-01 2.617747720209599152e+02 2.274692895728936151e+02
1.262951820538610326e-01 2.581837376036760361e+02 2.274692895728945246e+02
1.420820798105936755e-01 2.545927031863921286e+02 2.274692895728936151e+02
1.578689775673262907e-01 2.510016687691082780e+02 2.274692895728927056e+02
1.736558753240589059e-01 2.474106343518243989e+02 2.274692895728936151e+02
1.894427730807915489e-01 2.438195999345405198e+02 2.274692895728936151e+02
2.052296708375241918e-01 2.402285655172566408e+02 2.274692895728936151e+02
2.210165685942568070e-01 2.366375310999727617e+02 2.274692895728936151e+02
2.368034663509894222e-01 2.330464966826888826e+02 2.274692895728936151e+02
2.525903641077220652e-01 2.294554622654050036e+02 2.274692895728927056e+02
2.683772618644547081e-01 2.258644278481211529e+02 2.274692895728918245e+02
2.841641596211873511e-01 2.222733934308373023e+02 2.274692895728927056e+02
2.999510573779199385e-01 2.186823590135534232e+02 2.274692895728945246e+02
3.157379551346525814e-01 2.150913245962695157e+02 2.274692895728936151e+02
3.315248528913852244e-01 2.115002901789856651e+02 2.274692895728927056e+02
3.473117506481178118e-01 2.079092557617017860e+02 2.274692895728936151e+02
3.630986484048504548e-01 2.043182213444179069e+02 2.274692895728936151e+02
3.788855461615830977e-01 2.007271869271340279e+02 2.274692895728936151e+02
3.946724439183157407e-01 1.971361525098501488e+02 2.274692895728936151e+02
4.104593416750483836e-01 1.935451180925662698e+02 2.274692895728936151e+02
4.262462394317809711e-01 1.899540836752823907e+02 2.274692895728927056e+02
4.420331371885136140e-01 1.863630492579985400e+02 2.274692895728936151e+02
4.578200349452462570e-01 1.827720148407146326e+02 2.274692895728945246e+02
4.736069327019788444e-01 1.791809804234307535e+02 2.274692895728927056e+02
4.893938304587114874e-01 1.755899460061469028e+02 2.274692895728927056e+02
5.051807282154441303e-01 1.719989115888630238e+02 2.274692895728936151e+02
5.209676259721767178e-01 1.684078771715791447e+02 2.274692895728927056e+02
5.367545237289094162e-01 1.648168427542952941e+02 2.274692895728927056e+02
5.525414214856420037e-01 1.612258083370114150e+02 2.274692895728936151e+02
5.683283192423747021e-01 1.576347739197275359e+02 2.274692895728945246e+02
5.841152169991072896e-01 1.540437395024436285e+02 2.274692895728945246e+02
5.999021147558398770e-01 1.504527050851597494e+02 2.274692895728927056e+02
6.156890125125725755e-01 1.468616706678758987e+02 2.274692895728927056e+02
6.314759102693051629e-01 1.432706362505920197e+02 2.274692895728936151e+02
6.472628080260377503e-01 1.396796018333081406e+02 2.274692895728936151e+02
6.630497057827704488e-01 1.360885674160242615e+02 2.274692895728927056e+02
6.788366035395030362e-01 1.324975329987404109e+02 2.274692895728936151e+02
6.946235012962356237e-01 1.289064985814565034e+02 2.274692895728945246e+02
7.104103990529683221e-01 1.253154641641726244e+02 2.274692895728931603e+02
7.261972968097009096e-01 1.217244297468887595e+02 2.274692895728931603e+02
7.419841945664336080e-01 1.181333953296048804e+02 2.274692895728931603e+02
7.577710923231661955e-01 1.145423609123210156e+02 2.274692895728931603e+02
7.735579900798987829e-01 1.109513264950371365e+02 2.274692895728936151e+02
7.893448878366314814e-01 1.073602920777532574e+02 2.274692895728936151e+02
8.051317855933640688e-01 1.037692576604693784e+02 2.274692895728931603e+02
8.209186833500967673e-01 1.001782232431855135e+02 2.274692895728936151e+02
8.367055811068293547e-01 9.658718882590162025e+01 2.274692895728936151e+02
8.524924788635619421e-01 9.299615440861775539e+01 2.274692895728931603e+02
8.682793766202946406e-01 8.940511999133387633e+01 2.274692895728931603e+02
8.840662743770272280e-01 8.581408557405001147e+01 2.274692895728931603e+02
8.998531721337598155e-01 8.222305115676613241e+01 2.274692895728931603e+02
9.156400698904925139e-01 7.863201673948226755e+01 2.421272066607043314e+02
9.314269676472251014e-01 7.457817624541451096e+01 2.517971656536778085e+02
9.472138654039576888e-01 7.068182452026290719e+01 2.371392485658666374e+02
9.630007631606903873e-01 6.709079010297902812e+01 2.235548497672199062e+02
9.787876609174229747e-01 6.362334940766925939e+01 2.190531324022543629e+02
9.945745586741556732e-01 6.017445129392621794e+01 2.215039088495243789e+02
1.010361456430888261e+00 5.662963028422112899e+01 2.277864364001337378e+02
1.026148354187620848e+00 5.298236893028743566e+01 2.104637405294556913e+02
1.041935251944353436e+00 4.998449117774508466e+01 1.848125469888922510e+02
1.057722149701086245e+00 4.714713536333746191e+01 1.862370737328033101e+02
1.073509047457818832e+00 4.410427989467940080e+01 1.886209749536799620e+02
1.089295945214551420e+00 4.119165527059951870e+01 1.762924488152828246e+02
1.105082842971284007e+00 3.853805816521762040e+01 1.547985397027112242e+02
1.120869740728016595e+00 3.630407783224308105e+01 1.274394760648990541e+02
1.136656638484749404e+00 3.451431020760134771e+01 1.084299684325365121e+02
1.152443536241481992e+00 3.288053218142268008e+01 1.038076708837402293e+02
1.168230433998214579e+00 3.123670803438903221e+01 9.319834756276823384e+01
1.184017331754947167e+00 2.993790661328297276e+01 7.697362607292278369e+01
1.199804229511679754e+00 2.880635850483263027e+01 6.566179304217061485e+01
1.215591127268412341e+00 2.786471458672200185e+01 5.358420197900335324e+01
1.231378025025145151e+00 2.711450186879535806e+01 4.288196225300352893e+01
1.247164922781877738e+00 2.651076827932953250e+01 3.213894616476664368e+01
1.262951820538610326e+00 2.609975335457074763e+01 1.861776338575417356e+01
1.278738718295342913e+00 2.592293482526964965e+01 7.995626487269025695e+00
1.294525616052075501e+00 2.584730107885966888e+01 -4.104039263007749905e-01
1.310312513808808310e+00 2.593589283491659359e+01 -9.619617148843357057e+00
1.326099411565540898e+00 2.615102890363507271e+01 -1.555205839193244799e+01
1.341886309322273485e+00 2.642693034639694005e+01 -2.352776368499133852e+01
1.357673207079006072e+00 2.689388970311412308e+01 -3.269026045927317625e+01
1.373460104835738660e+00 2.745908594541995029e+01 -3.947633277164116095e+01
1.389247002592471247e+00 2.814030736166742841e+01 -4.671322219401499609e+01
1.405033900349204057e+00 2.893399967074884671e+01 -5.145285924617435569e+01
1.420820798105936644e+00 2.976486941808924769e+01 -5.329105708846406486e+01
1.436607695862669232e+00 3.061660060995641430e+01 -5.384301416000352702e+01
1.452394593619401819e+00 3.146489773700581338e+01 -5.004640691943900777e+01
1.468181491376134407e+00 3.219675562821445425e+01 -4.329421517728739133e+01
1.483968389132867216e+00 3.283186043392944953e+01 -4.021689211380062545e+01
1.499755286889599804e+00 3.346655555600268883e+01 -3.573415257512954213e+01
1.515542184646332391e+00 3.396012326018355765e+01 -2.772758315590842670e+01
1.531329082403064978e+00 3.434202059664994522e+01 -1.950917284927848883e+01
1.547115980159797566e+00 3.457610189436352499e+01 -1.217335252407252355e+01
1.562902877916530375e+00 3.472637953995833726e+01 -5.181719446319759115e+00
1.578689775673262963e+00 3.473970844456977147e+01 3.587191159068262358e+00
1.594476673429995550e+00 3.461311829983420552e+01 2.022458047331855724e+01
1.610263571186728138e+00 3.410114167635958893e+01 3.650715256129490882e+01
1.626050468943460725e+00 3.346044893008500054e+01 4.483632765376752616e+01
1.641837366700193535e+00 3.268548863544480554e+01 4.914320575619279907e+01
1.657624264456926122e+00 3.190881140066282029e+01 5.408323076023432918e+01
1.673411162213658709e+00 3.097787576671361265e+01 6.073495919933405673e+01
1.689198059970391297e+00 2.999117821838439113e+01 6.054154846135224943e+01
1.704984957727123884e+00 2.906634929552632940e+01 5.571498931065136873e+01
1.720771855483856472e+00 2.823204453885498211e+01 5.215296920865300478e+01
1.736558753240589281e+00 2.741968211031226943e+01 5.102753403502634200e+01
1.752345650997321869e+00 2.662091161367667169e+01 5.549763099155989465e+01
1.768132548754054456e+00 2.566741125790300515e+01 5.949662457729636600e+01
1.783919446510787044e+00 2.474237735553170481e+01 5.931388375768485588e+01
1.799706344267519631e+00 2.379464682102841522e+01 6.291391874857502131e+01
1.815493242024252440e+00 2.275594615001342902e+01 6.483381619629332704e+01
1.831280139780985028e+00 2.174759716608905791e+01 6.487756992905634945e+01
1.847067037537717615e+00 2.070751502366286090e+01 6.579662955883284781e+01
1.862853935294450203e+00 1.967014783892324559e+01 6.275107993949902152e+01
1.878640833051182790e+00 1.872622525740400690e+01 5.933854627014176231e+01
1.894427730807915378e+00 1.779660471292349300e+01 5.689043248407573827e+01
1.910214628564648187e+00 1.692997837547919815e+01 5.490476420165256854e+01
1.926001526321380775e+00 1.606305291530548729e+01 5.519472647948445854e+01
1.941788424078113362e+00 1.518727136819430967e+01 5.530376718406113667e+01
1.957575321834845949e+00 1.431690307911165050e+01 5.551388781458228294e+01
1.973362219591578537e+00 1.343448722617923785e+01 5.649418384221817746e+01
1.989149117348311346e+00 1.253316727077734072e+01 5.631040458270501148e+01
2.004936015105043712e+00 1.165655402660441275e+01 5.614017501715398595e+01
2.020722912861776521e+00 1.076060886469556976e+01 5.538546469549098816e+01
2.036509810618509331e+00 9.907824689890730951e+00 5.261604377980854963e+01
2.052296708375241696e+00 9.099320657664359047e+00 4.981971934139796332e+01
2.068083606131974506e+00 8.334827058867201544e+00 4.631349693439725002e+01
2.083870503888706871e+00 7.637027775944200236e+00 4.203761026808748369e+01
2.099657401645439680e+00 7.007540148387859880e+00 3.744075083210012878e+01
2.115444299402172490e+00 6.454881165300866641e+00 3.176385654087733101e+01
2.131231197158904855e+00 6.004634637247153073e+00 2.558141135849800563e+01
2.147018094915637665e+00 5.647178914121813165e+00 2.031409150183682044e+01
2.162804992672370030e+00 5.363241666126334906e+00 1.465941529193018589e+01
2.178591890429102840e+00 5.184325533347443837e+00 8.464141362301269567e+00
2.194378788185835649e+00 5.095996597555971341e+00 2.437999900454250746e+00
2.210165685942568015e+00 5.107348623028652668e+00 -3.033033158918521099e+00
2.225952583699300824e+00 5.191760966301224300e+00 -7.336664955044617464e+00
2.241739481456033189e+00 5.338994982070038198e+00 -1.144918154037711311e+01
2.257526379212765999e+00 5.553255083053632468e+00 -1.608584532757508256e+01
2.273313276969498808e+00 5.846886173104124396e+00 -1.968692322726224120e+01
2.289100174726231174e+00 6.174845971320499949e+00 -2.122611044545248049e+01
2.304887072482963983e+00 6.517075043855069971e+00 -2.187661750029275609e+01
2.320673970239696349e+00 6.865573818801038897e+00 -2.160732428066898336e+01
2.336460867996429158e+00 7.199300282286045238e+00 -2.062213043990147554e+01
2.352247765753161524e+00 7.516692748362495458e+00 -1.910367468257111412e+01
2.368034663509894333e+00 7.802475800269308870e+00 -1.652791095636542451e+01
2.383821561266627143e+00 8.038541629163539426e+00 -1.305172293619004442e+01
2.399608459023359508e+00 8.214568231354977712e+00 -1.049686839615222311e+01
2.415395356780092317e+00 8.369967605435405744e+00 -8.632042964879728331e+00
2.431182254536824683e+00 8.487114590791536628e+00 -6.589552791367863094e+00
2.446969152293557492e+00 8.578024797795238854e+00 -4.368773573434301838e+00
2.462756050050290302e+00 8.625053354243782167e+00 -1.206737456050422486e+00
2.478542947807022667e+00 8.616126079471014165e+00 2.436431568105432266e+00
2.494329845563755477e+00 8.548125962129869748e+00 5.403577428619560585e+00
2.510116743320487842e+00 8.445514630698603753e+00 8.694207373180942611e+00
2.525903641077220652e+00 8.273616836377392758e+00 1.297574098547508115e+01
2.541690538833953461e+00 8.035821238187523363e+00 1.625415488030573385e+01
2.557477436590685826e+00 7.760411473942426142e+00 1.843865259558185343e+01
2.573264334347418636e+00 7.453642991590796463e+00 2.037489321642503981e+01
2.589051232104151001e+00 7.117098761918331462e+00 2.107183573628802620e+01
2.604838129860883811e+00 6.788325158959908734e+00 2.085119164113452328e+01
2.620625027617616620e+00 6.458747500829074006e+00 2.045562386051282644e+01
2.636411925374348986e+00 6.142463474087715980e+00 1.903881544785194180e+01
2.652198823131081795e+00 5.857619835059993285e+00 1.775509361682739140e+01
2.667985720887814161e+00 5.581867778907575683e+00 1.680144578505936792e+01
2.683772618644546970e+00 5.327134421511956042e+00 1.459450256513933830e+01
2.699559516401279780e+00 5.121063939295122047e+00 1.282904935032133942e+01
2.715346414158012145e+00 4.922072640692755741e+00 1.063665790550300727e+01
2.731133311914744954e+00 4.785224277640086399e+00 6.657928965455432113e+00
2.746920209671477320e+00 4.711856552994288627e+00 3.084434090522585770e+00
2.762707107428210129e+00 4.687836986391165084e+00 -9.544256464133635820e-01
2.778494005184942495e+00 4.741991393186951065e+00 -7.381574835765255749e+00
2.794280902941675304e+00 4.920901320822958169e+00 -1.480992444231801031e+01
2.810067800698408114e+00 5.209596919098570922e+00 -2.231995588799558661e+01
2.825854698455140479e+00 5.625627043900095714e+00 -2.908438782954350899e+01
2.841641596211873289e+00 6.127901433062895364e+00 -3.461257455002758832e+01
2.857428493968605654e+00 6.718477394937238500e+00 -4.114564205855418777e+01
2.873215391725338463e+00 7.427025521689921028e+00 -4.725534483499408367e+01
2.889002289482071273e+00 8.210507989675628338e+00 -4.893850185222399318e+01
2.904789187238803638e+00 8.972199771907382271e+00 -4.894941373849334099e+01
2.920576084995536448e+00 9.756026769558824085e+00 -5.077802728481915295e+01
2.936362982752268813e+00 1.057545482197542164e+01 -5.174643433167184980e+01
2.952149880509001623e+00 1.138985810569798929e+01 -5.137548965759127384e+01
2.967936778265734432e+00 1.219757402682835767e+01 -4.974269795025594476e+01
2.983723676022466798e+00 1.296042387906743798e+01 -4.663834615580172027e+01
2.999510573779199607e+00 1.367012363143784981e+01 -4.476501950531723395e+01
3.015297471535931972e+00 1.437382545108460796e+01 -4.030409561007169117e+01
3.031084369292664782e+00 1.494267690458540621e+01 -3.326473329268435464e+01
3.046871267049397591e+00 1.542411933787778366e+01 -2.560872166702199948e+01
3.062658164806129957e+00 1.575124144586120600e+01 -1.510817592401667397e+01
3.078445062562862766e+00 1.590114179508414516e+01 -1.354121670204919914e+00
3.094231960319595132e+00 1.579399620657660819e+01 3.882489347991497031e+00
3.110018858076327941e+00 1.577855687032745458e+01 9.895997765055620787e-01
3.125805755833060751e+00 1.576275078559305065e+01 -1.088075415444133442e+00
3.141592653589793116e+00 1.581291154099791640e+01 -3.177366204419340256e+00
