0.000000000000000000e+00 2.028795864486689027e+02 1.386637559247121487e+01
1.578689775673262907e-02 2.026606793949341068e+02 2.773275118493972968e+01
3.157379551346525814e-02 2.020039582337298043e+02 5.546550236988215943e+01
4.736069327019788722e-02 2.009094229650558248e+02 8.319825355482728924e+01
6.314759102693051629e-02 1.993770735889122534e+02 9.706462914729760882e+01
7.893448878366314536e-02 1.978447242127687105e+02 9.706462914729760882e+01
9.472138654039577443e-02 1.963123748366251391e+02 9.706462914729760882e+01
1.105082842971284035e-01 1.947800254604815962e+02 9.706462914729580405e+01
1.262951820538610326e-01 1.932476760843380816e+02 9.706462914729580405e+01
1.420820798105936755e-01 1.917153267081945387e+02 9.706462914729580405e+01
1.578689775673262907e-01 1.901829773320510242e+02 9.706462914729671354e+01
1.736558753240589059e-01 1.886506279559074528e+02 9.706462914729850411e+01
1.894427730807915489e-01 1.871182785797638815e+02 9.706462914729760882e+01
2.052296708375241918e-01 1.855859292036203385e+02 9.706462914729671354e+01
2.210165685942568070e-01 1.840535798274767956e+02 9.706462914729580405e+01
2.368034663509894222e-01 1.825212304513332811e+02 9.706462914729580405e+01
2.525903641077220652e-01 1.809888810751897381e+02 9.706462914729580405e+01
2.683772618644547081e-01 1.794565316990462236e+02 9.706462914729671354e+01
2.841641596211873511e-01 1.779241823229026522e+02 9.706462914729850411e+01
2.999510573779199385e-01 1.763918329467590809e+02 9.706462914729760882e+01
3.157379551346525814e-01 1.748594835706155379e+02 9.706462914729671354e+01
3.315248528913852244e-01 1.733271341944719950e+02 9.706462914729671354e+01
3.473117506481178118e-01 1.717947848183284520e+02 9.706462914729760882e+01
3.630986484048504548e-01 1.702624354421848807e+02 9.706462914729580405e+01
3.788855461615830977e-01 1.687300860660413946e+02 9.706462914729490876e+01
3.946724439183157407e-01 1.671977366898978516e+02 9.706462914729760882e+01
4.104593416750483836e-01 1.656653873137542803e+02 9.706462914729850411e+01
4.262462394317809711e-01 1.641330379376107089e+02 9.706462914729760882e+01
4.420331371885136140e-01 1.626006885614671660e+02 9.706462914729671354e+01
4.578200349452462570e-01 1.610683391853236230e+02 9.706462914729671354e+01
4.736069327019788444e-01 1.595359898091800801e+02 9.706462914729580405e+01
4.893938304587114874e-01 1.580036404330365656e+02 9.706462914729490876e+01
5.051807282154441303e-01 1.564712910568930511e+02 9.706462914729671354e+01
5.209676259721767178e-01 1.549389416807494797e+02 9.706462914729850411e+01
5.367545237289094162e-01 1.534065923046059083e+02 9.706462914729671354e+01
5.525414214856420037e-01 1.518742429284623938e+02 9.706462914729671354e+01
5.683283192423747021e-01 1.503418935523188225e+02 9.706462914729760882e+01
5.841152169991072896e-01 1.488095441761752795e+02 9.706462914729671354e+01
5.999021147558398770e-01 1.472771948000317366e+02 9.706462914729580405e+01
6.156890125125725755e-01 1.457448454238882221e+02 9.706462914729671354e+01
6.314759102693051629e-01 1.442124960477446507e+02 9.706462914729760882e+01
6.472628080260377503e-01 1.426801466716011078e+02 9.706462914729671354e+01
6.630497057827704488e-01 1.411477972954575648e+02 9.706462914729671354e+01
6.788366035395030362e-01 1.396154479193140219e+02 9.706462914729671354e+01
6.946235012962356237e-01 1.380830985431704789e+02 9.706462914729671354e+01
7.104103990529683221e-01 1.365507491670269360e+02 9.706462914729671354e+01
7.261972968097009096e-01 1.350183997908833931e+02 9.706462914729671354e+01
7.419841945664336080e-01 1.334860504147398501e+02 9.706462914729671354e+01
7.577710923231661955e-01 1.319537010385963072e+02 9.706462914729671354e+01
7.735579900798987829e-01 1.304213516624527642e+02 9.706462914729671354e+01
7.893448878366314814e-01 1.288890022863092213e+02 9.706462914729715408e+01
8.051317855933640688e-01 1.273566529101656641e+02 9.706462914729671354e+01
8.209186833500967673e-01 1.258243035340221354e+02 9.706462914729671354e+01
8.367055811068293547e-01 1.242919541578785783e+02 9.706462914729671354e+01
8.524924788635619421e-01 1.227596047817350495e+02 9.706462914729625879e+01
8.682793766202946406e-01 1.212272554055915066e+02 9.706462914729760882e+01
8.840662743770272280e-01 1.196949060294479352e+02 9.706462914729760882e+01
8.998531721337598155e-01 1.181625566533043923e+02 9.706462914729671354e+01
9.156400698904925139e-01 1.166302072771608493e+02 9.706462914729625879e+01
9.314269676472251014e-01 1.150978579010173206e+02 9.706462914729671354e+01
9.472138654039576888e-01 1.135655085248737635e+02 9.706462914729760882e+01
9.630007631606903873e-01 1.120331591487302063e+02 9.706462914729671354e+01
9.787876609174229747e-01 1.105008097725866776e+02 9.706462914729625879e+01
9.945745586741556732e-01 1.089684603964431346e+02 9.706462914729671354e+01
1.010361456430888261e+00 1.074361110202995917e+02 9.706462914729671354e+01
1.026148354187620848e+00 1.059037616441560488e+02 9.706462914729715408e+01
1.041935251944353436e+00 1.043714122680124916e+02 9.706462914729671354e+01
1.057722149701086245e+00 1.028390628918689629e+02 9.706462914729671354e+01
1.073509047457818832e+00 1.013067135157254057e+02 9.706462914729715408e+01
1.089295945214551420e+00 9.977436413958186279e+01 9.706462914729671354e+01
1.105082842971284007e+00 9.824201476343831985e+01 9.706462914729671354e+01
1.120869740728016595e+00 9.670966538729477691e+01 9.706462914729671354e+01
1.136656638484749404e+00 9.517731601115123397e+01 9.706462914729671354e+01
1.152443536241481992e+00 9.364496663500769102e+01 9.706462914729671354e+01
1.168230433998214579e+00 9.211261725886414808e+01 9.706462914729715408e+01
1.184017331754947167e+00 9.058026788272059093e+01 9.706462914729715408e+01
1.199804229511679754e+00 8.904791850657704799e+01 9.706462914729671354e+01
1.215591127268412341e+00 8.751556913043350505e+01 9.706462914729671354e+01
1.231378025025145151e+00 8.598321975428996211e+01 9.706462914729671354e+01
1.247164922781877738e+00 8.445087037814641917e+01 9.706462914729715408e+01
1.262951820538610326e+00 8.291852100200286202e+01 9.706462914729715408e+01
1.278738718295342913e+00 8.138617162585931908e+01 9.706462914729671354e+01
1.294525616052075501e+00 7.985382224971577614e+01 9.706462914729671354e+01
1.310312513808808310e+00 7.832147287357223320e+01 9.706462914729625879e+01
1.326099411565540898e+00 7.678912349742870447e+01 9.706462914729625879e+01
1.341886309322273485e+00 7.525677412128516153e+01 9.706462914729715408e+01
1.357673207079006072e+00 7.372442474514160438e+01 9.706462914729715408e+01
1.373460104835738660e+00 7.219207536899806144e+01 9.706462914729671354e+01
1.389247002592471247e+00 7.065972599285451849e+01 9.706462914729671354e+01
1.405033900349204057e+00 6.912737661671097555e+01 9.706462914729671354e+01
1.420820798105936644e+00 6.759502724056743261e+01 9.706462914729671354e+01
1.436607695862669232e+00 6.606267786442388967e+01 9.706462914729671354e+01
1.452394593619401819e+00 6.453032848828034673e+01 9.706462914729692670e+01
1.468181491376134407e+00 6.299797911213679669e+01 9.706462914729692670e+01
1.483968389132867216e+00 6.146562973599325375e+01 9.548930710064999516e+01
1.499755286889599804e+00 5.998301925601838747e+01 1.020179232407716228e+02
1.515542184646332391e+00 5.824453668888073565e+01 1.035932452874185543e+02
1.531329082403064978e+00 5.671218731273718561e+01 9.611717567555359665e+01
1.547115980159797566e+00 5.520975263876898964e+01 9.406025549030037780e+01
1.562902877916530375e+00 5.374234803994214360e+01 8.536467440209398205e+01
1.578689775673262963e+00 5.251446586512373216e+01 8.695582352526547254e+01
1.594476673429995550e+00 5.099682264925043995e+01 9.926976346288388697e+01
1.610263571186728138e+00 4.938014265287657167e+01 9.507081921786834755e+01
1.626050468943460725e+00 4.799507604396784188e+01 9.082907473231605877e+01
1.641837366700193535e+00 4.651232402060117010e+01 9.093038423163298489e+01
1.657624264456926122e+00 4.512405868627743644e+01 8.882098958788002108e+01
1.673411162213658709e+00 4.370790825804981949e+01 9.940087687205028999e+01
1.689198059970391297e+00 4.198559572606018264e+01 9.650617712435082751e+01
1.704984957727123884e+00 4.066084195573930771e+01 8.108145357509387452e+01
1.720771855483856472e+00 3.942554649094564212e+01 7.560806154851775318e+01
1.736558753240589281e+00 3.827360848123691284e+01 7.677070610627239944e+01
1.752345650997321869e+00 3.700160391492185852e+01 8.595624965819499153e+01
1.768132548754054456e+00 3.555964343142469630e+01 8.805929047776477603e+01
1.783919446510787044e+00 3.422123788431607494e+01 7.844409141477812852e+01
1.799706344267519631e+00 3.308286572985491603e+01 7.580813914401315401e+01
1.815493242024252440e+00 3.182768720072668245e+01 7.794262474998809864e+01
1.831280139780985028e+00 3.062192123421603540e+01 7.382549308562288104e+01
1.847067037537717615e+00 2.949673617836048223e+01 6.982290863762560207e+01
1.862853935294450203e+00 2.841734699473627757e+01 6.576345663530082675e+01
1.878640833051182790e+00 2.742033424629885374e+01 6.558087447014007410e+01
1.894427730807915378e+00 2.634670987462184044e+01 7.175208130855965294e+01
1.910214628564648187e+00 2.515484870339685841e+01 7.431489507640952752e+01
1.926001526321380775e+00 2.400030657387465993e+01 7.502943010225749276e+01
1.941788424078113362e+00 2.278588481985634573e+01 8.084468711802628604e+01
1.957575321834845949e+00 2.144773295446001882e+01 8.489604471491544757e+01
1.973362219591578537e+00 2.010539446412560238e+01 8.405807465966633174e+01
1.989149117348311346e+00 1.879370049390011843e+01 8.230619811334577207e+01
2.004936015105043712e+00 1.750667539540406281e+01 8.021563510485370330e+01
2.020722912861776521e+00 1.626098843411672235e+01 7.675890973701959297e+01
2.036509810618509331e+00 1.508310527553086899e+01 7.282136542863482020e+01
2.052296708375241696e+00 1.396174153306167831e+01 6.845843388371855553e+01
2.068083606131974506e+00 1.292161268291425813e+01 6.307339434736628192e+01
2.083870503888706871e+00 1.197027507759777976e+01 5.920652315687241440e+01
2.099657401645439680e+00 1.105223802769592290e+01 5.605403237375895031e+01
2.115444299402172490e+00 1.020043652172355308e+01 5.224022593277445736e+01
2.131231197158904855e+00 9.402815816517277270e+00 4.917201970131949196e+01
2.147018094915637665e+00 8.647889226690006481e+00 4.600031881531658229e+01
2.162804992672370030e+00 7.950411156688263148e+00 4.267401756500997578e+01
2.178591890429102840e+00 7.300508522354356877e+00 3.996346967466027422e+01
2.194378788185835649e+00 6.688612737171969691e+00 3.630379351849742164e+01
2.210165685942568015e+00 6.154259969438253819e+00 3.202021337107856880e+01
2.225952583699300824e+00 5.677613067896008836e+00 2.721207898641686995e+01
2.241739481456033189e+00 5.295071352024862676e+00 2.251517439195657388e+01
2.257526379212765999e+00 4.966723555694362524e+00 1.905749517942705396e+01
2.273313276969498808e+00 4.693353896230783029e+00 1.500505062387284738e+01
2.289100174726231174e+00 4.492957155627006927e+00 1.042831415507305337e+01
2.304887072482963983e+00 4.364092437548331205e+00 6.518373633479138896e+00
2.320673970239696349e+00 4.287147359443173045e+00 3.312425905266138670e+00
2.336460867996429158e+00 4.259506579361953094e+00 6.509617356798018672e-01
2.352247765753161524e+00 4.266594026713728560e+00 -2.501526693666000778e+00
2.368034663509894333e+00 4.338489271659238256e+00 -6.530339836467541126e+00
2.383821561266627143e+00 4.472781641343790859e+00 -9.944709189260523274e+00
2.399608459023359508e+00 4.652481486041828873e+00 -1.230705206651178862e+01
2.415395356780092317e+00 4.861361986665404089e+00 -1.379671698113181577e+01
2.431182254536824683e+00 5.088096206761238527e+00 -1.545489762682930746e+01
2.446969152293557492e+00 5.349331764016452162e+00 -1.744226036596995755e+01
2.462756050050290302e+00 5.638814568848993680e+00 -1.730492934693559093e+01
2.478542947807022667e+00 5.895714064591560444e+00 -1.590528183026617270e+01
2.494329845563755477e+00 6.141004684941852254e+00 -1.484357790354337503e+01
2.510116743320487842e+00 6.364382158006230306e+00 -1.309812500517420730e+01
2.525903641077220652e+00 6.554562205465028768e+00 -1.165828628898532138e+01
2.541690538833953461e+00 6.732478505332088581e+00 -9.066582530368869186e+00
2.557477436590685826e+00 6.840828628284851831e+00 -4.953046477100909506e+00
2.573264334347418636e+00 6.888864981968762180e+00 -2.763508631719633346e+00
2.589051232104151001e+00 6.928083084722463703e+00 -1.360331732080014122e+00
2.604838129860883811e+00 6.931815817907934552e+00 1.305873369655659255e+00
2.620625027617616620e+00 6.886851705982476091e+00 3.932659773529170621e+00
2.636411925374348986e+00 6.807646822394493924e+00 6.410427754486792473e+00
2.652198823131081795e+00 6.684450170908467825e+00 6.694631961347618621e+00
2.667985720887814161e+00 6.596271881808995374e+00 5.784662850419374891e+00
2.683772618644546970e+00 6.501806408954987404e+00 6.605820141899687137e+00
2.699559516401279780e+00 6.387701067449924608e+00 8.667957500541726645e+00
2.715346414158012145e+00 6.228126091313475499e+00 1.044349716557996821e+01
2.731133311914744954e+00 6.057960223498448649e+00 1.053067319938918445e+01
2.746920209671477320e+00 5.895632769096832426e+00 1.095860051657377632e+01
2.762707107428210129e+00 5.711955611674393474e+00 1.373001143678838432e+01
2.778494005184942495e+00 5.462124195594136644e+00 1.668934743836711121e+01
2.794280902941675304e+00 5.185009568402215052e+00 1.798196667757492406e+01
2.810067800698408114e+00 4.894365256786439744e+00 1.815903499604387861e+01
2.825854698455140479e+00 4.611659910715266264e+00 1.703173279018166753e+01
2.841641596211873289e+00 4.356608808429262680e+00 1.659273369268231235e+01
2.857428493968605654e+00 4.087764330093129672e+00 1.568528069997533514e+01
2.873215391725338463e+00 3.861364963036938214e+00 1.337115203789888618e+01
2.889002289482071273e+00 3.665586309869055981e+00 1.173059907627340337e+01
2.904789187238803638e+00 3.490985426552237314e+00 9.743195503137439317e+00
2.920576084995536448e+00 3.357956647405280215e+00 5.377632558183608857e+00
2.936362982752268813e+00 3.321193155813594977e+00 1.661615900093741161e+00
2.952149880509001623e+00 3.305493126753797917e+00 -1.044049178549146140e+00
2.967936778265734432e+00 3.354157751083107097e+00 -4.155541774737020688e+00
2.983723676022466798e+00 3.436699352997007129e+00 -6.359536249492967919e+00
2.999510573779199607e+00 3.554952448185067837e+00 -1.031013375327258252e+01
3.015297471535931972e+00 3.762229407839311701e+00 -1.449965389112230874e+01
3.031084369292664782e+00 4.012761555159384486e+00 -1.429050172969590982e+01
3.046871267049397591e+00 4.213434787237551937e+00 -1.224172243880186350e+01
3.062658164806129957e+00 4.399279196174713746e+00 -1.411191721172961344e+01
3.078445062562862766e+00 4.659001575583653576e+00 -1.807334927223077869e+01
3.094231960319595132e+00 4.969923430339564518e+00 -2.178100732816115226e+01
3.110018858076327941e+00 5.346710647040302078e+00 -2.507937807134027253e+01
3.125805755833060751e+00 5.761774585168947027e+00 -2.463720112295064979e+01
3.141592653589793116e+00 6.124600597320462469e+00 -2.298273021986103970e+01
