0.000000000000000000e+00 1.565099039257933384e+02 1.596001577876227451e+01
1.578689775673262907e-02 1.562579447884981789e+02 3.192003155752905030e+01
3.157379551346525814e-02 1.555020673766125583e+02 6.384006311506080067e+01
4.736069327019788722e-02 1.542422716901365334e+02 9.576009467259075336e+01
6.314759102693051629e-02 1.524785577290701042e+02 1.117201104513575274e+02
7.893448878366314536e-02 1.507148437680036182e+02 1.117201104513566179e+02
9.472138654039577443e-02 1.489511298069372174e+02 1.117201104513557226e+02
1.105082842971284035e-01 1.471874158458707598e+02 1.117201104513566179e+02
1.262951820538610326e-01 1.454237018848043306e+02 1.117201104513566179e+02
1.420820798105936755e-01 1.436599879237378730e+02 1.117201104513566179e+02
1.578689775673262907e-01 1.418962739626714438e+02 1.117201104513566179e+02
1.736558753240589059e-01 1.401325600016049862e+02 1.117201104513566179e+02
1.894427730807915489e-01 1.383688460405385570e+02 1.117201104513566179e+02
2.052296708375241918e-01 1.366051320794720993e+02 1.117201104513566179e+02
2.210165685942568070e-01 1.348414181184056702e+02 1.117201104513566179e+02
2.368034663509894222e-01 1.330777041573392125e+02 1.117201104513566179e+02
2.525903641077220652e-01 1.313139901962727834e+02 1.117201104513557226e+02
2.683772618644547081e-01 1.295502762352063542e+02 1.117201104513561774e+02
2.841641596211873511e-01 1.277865622741399108e+02 1.117201104513566179e+02
2.999510573779199385e-01 1.260228483130734674e+02 1.117201104513575274e+02
3.157379551346525814e-01 1.242591343520069955e+02 1.117201104513570726e+02
3.315248528913852244e-01 1.224954203909405663e+02 1.117201104513561774e+02
3.473117506481178118e-01 1.207317064298741229e+02 1.117201104513566179e+02
3.630986484048504548e-01 1.189679924688076795e+02 1.117201104513566179e+02
3.788855461615830977e-01 1.172042785077412361e+02 1.117201104513566179e+02
3.946724439183157407e-01 1.154405645466747927e+02 1.117201104513566179e+02
4.104593416750483836e-01 1.136768505856083493e+02 1.117201104513561774e+02
4.262462394317809711e-01 1.119131366245419201e+02 1.117201104513561774e+02
4.420331371885136140e-01 1.101494226634754767e+02 1.117201104513566179e+02
4.578200349452462570e-01 1.083857087024090333e+02 1.117201104513561774e+02
4.736069327019788444e-01 1.066219947413426041e+02 1.117201104513566179e+02
4.893938304587114874e-01 1.048582807802761465e+02 1.117201104513570726e+02
5.051807282154441303e-01 1.030945668192097031e+02 1.117201104513561774e+02
5.209676259721767178e-01 1.013308528581432739e+02 1.117201104513561774e+02
5.367545237289094162e-01 9.956713889707683052e+01 1.117201104513570726e+02
5.525414214856420037e-01 9.780342493601037290e+01 1.117201104513570726e+02
5.683283192423747021e-01 9.603971097494392950e+01 1.117201104513561774e+02
5.841152169991072896e-01 9.427599701387750031e+01 1.117201104513561774e+02
5.999021147558398770e-01 9.251228305281105690e+01 1.117201104513566179e+02
6.156890125125725755e-01 9.074856909174461350e+01 1.117201104513570726e+02
6.314759102693051629e-01 8.898485513067815589e+01 1.117201104513566179e+02
6.472628080260377503e-01 8.722114116961172670e+01 1.117201104513561774e+02
6.630497057827704488e-01 8.545742720854528329e+01 1.117201104513566179e+02
6.788366035395030362e-01 8.369371324747883989e+01 1.117201104513561774e+02
6.946235012962356237e-01 8.192999928641241070e+01 1.117201104513561774e+02
7.104103990529683221e-01 8.016628532534596729e+01 1.117201104513570726e+02
7.261972968097009096e-01 7.840257136427950968e+01 1.117201104513566179e+02
7.419841945664336080e-01 7.663885740321308049e+01 1.117201104513561774e+02
7.577710923231661955e-01 7.487514344214663708e+01 1.117201104513566179e+02
7.735579900798987829e-01 7.311142948108019368e+01 1.117201104513566179e+02
7.893448878366314814e-01 7.134771552001375028e+01 1.117201104513566179e+02
8.051317855933640688e-01 6.958400155894730688e+01 1.117201104513566179e+02
8.209186833500967673e-01 6.782028759788086347e+01 1.117201104513566179e+02
8.367055811068293547e-01 6.605657363681442007e+01 1.117201104513566179e+02
8.524924788635619421e-01 6.429285967574797667e+01 1.117201104513566179e+02
8.682793766202946406e-01 6.252914571468153326e+01 1.117201104513563905e+02
8.840662743770272280e-01 6.076543175361509697e+01 1.117201104513561774e+02
8.998531721337598155e-01 5.900171779254866067e+01 1.117201104513563905e+02
9.156400698904925139e-01 5.723800383148221727e+01 1.117201104513568453e+02
9.314269676472251014e-01 5.547428987041576676e+01 1.117201104513566179e+02
9.472138654039576888e-01 5.371057590934933046e+01 1.117201104513563905e+02
9.630007631606903873e-01 5.194686194828288706e+01 1.117201104513566179e+02
9.787876609174229747e-01 5.018314798721644365e+01 1.092500013843187077e+02
9.945745586741556732e-01 4.849742474472861176e+01 1.046056659463672247e+02
1.010361456430888261e+00 4.688035008107598856e+01 1.070757750134051349e+02
1.026148354187620848e+00 4.511663612000954515e+01 1.054581778938837431e+02
1.041935251944353436e+00 4.355063513703186118e+01 1.026141135379018579e+02
1.057722149701086245e+00 4.187671908236832508e+01 1.077827730447452836e+02
1.073509047457818832e+00 4.014752390104283819e+01 1.072481574522167023e+02
1.089295945214551420e+00 3.849048768977610990e+01 1.014081342509500132e+02
1.105082842971284007e+00 3.694568420680131027e+01 9.805445408754110304e+01
1.120869740728016595e+00 3.539453640723161953e+01 8.988291530512768190e+01
1.136656638484749404e+00 3.410773941880309224e+01 8.521208327476756494e+01
1.152443536241481992e+00 3.270406751463773531e+01 8.160087055978334547e+01
1.168230433998214579e+00 3.153129021802774545e+01 6.791556839370507248e+01
1.184017331754947167e+00 3.055971524599412703e+01 5.817439279871728530e+01
1.199804229511679754e+00 2.969450383568104002e+01 5.562442402184342427e+01
1.215591127268412341e+00 2.880344105637415808e+01 5.092370340125954442e+01
1.231378025025145151e+00 2.808664923770131594e+01 4.207848187046371891e+01
1.247164922781877738e+00 2.747486367427908149e+01 3.319757414387777317e+01
1.262951820538610326e+00 2.703847582013941775e+01 2.227685260194137840e+01
1.278738718295342913e+00 2.677149888554177792e+01 1.174574212024816156e+01
1.294525616052075501e+00 2.666761816028080645e+01 2.468307390720871464e+00
1.310312513808808310e+00 2.669356505272278213e+01 -5.757198559058307019e+00
1.326099411565540898e+00 2.684939477031493027e+01 -1.241277712001567046e+01
1.341886309322273485e+00 2.708548353926437713e+01 -2.046303364894602339e+01
1.357673207079006072e+00 2.749549041033191088e+01 -2.975203354996227034e+01
1.373460104835738660e+00 2.802486816268064374e+01 -3.608218943253292110e+01
1.389247002592471247e+00 2.863474208115282238e+01 -4.112398666290481231e+01
1.405033900349204057e+00 2.932330850827367286e+01 -4.614752885693454942e+01
1.420820798105936644e+00 3.009179472073341088e+01 -5.286956261595405948e+01
1.436607695862669232e+00 3.099260126719615371e+01 -5.672399587361755380e+01
1.452394593619401819e+00 3.188278656715365855e+01 -5.224896064914459259e+01
1.468181491376134407e+00 3.264229926652333802e+01 -4.786028148747435296e+01
1.483968389132867216e+00 3.339391730805606073e+01 -4.293873718284407204e+01
1.499755286889599804e+00 3.399803817394088412e+01 -3.319931945560767161e+01
1.515542184646332391e+00 3.444214583173362598e+01 -2.439664552446880919e+01
1.531329082403064978e+00 3.476833287094495972e+01 -1.432073575559300593e+01
1.547115980159797566e+00 3.489430581408308996e+01 -7.608719955635147691e+00
1.562902877916530375e+00 3.500856903894340633e+01 -3.974125642801970670e+00
1.578689775673262963e+00 3.501978404447373805e+01 8.387336897606644470e+00
1.594476673429995550e+00 3.474374897883583202e+01 1.900798814535866654e+01
1.610263571186728138e+00 3.441962971364981172e+01 2.243203582040966637e+01
1.626050468943460725e+00 3.403548446689148932e+01 2.963514597617522028e+01
1.641837366700193535e+00 3.348393567458636255e+01 3.775629942433449315e+01
1.657624264456926122e+00 3.284337478952238598e+01 4.655464688454812006e+01
1.673411162213658709e+00 3.201402877365205768e+01 5.420180805460168472e+01
1.689198059970391297e+00 3.113201798554629818e+01 5.483338559005942869e+01
1.704984957727123884e+00 3.028273066972052874e+01 5.602785879644183353e+01
1.720771855483856472e+00 2.936300582885013810e+01 5.945487949611356271e+01
1.736558753240589281e+00 2.840551446223252086e+01 6.019683121478752952e+01
1.752345650997321869e+00 2.746236338951585410e+01 6.112146576135261711e+01
1.768132548754054456e+00 2.647567780080030531e+01 6.198720131885634288e+01
1.783919446510787044e+00 2.550519217062227995e+01 6.151309184796597407e+01
1.799706344267519631e+00 2.453347601739162087e+01 6.131150080009513204e+01
1.815493242024252440e+00 2.356935538173641476e+01 6.108133037353394457e+01
1.831280139780985028e+00 2.260490658248724571e+01 6.110488838520011967e+01
1.847067037537717615e+00 2.164004213098898788e+01 6.014549613579391973e+01
1.862853935294450203e+00 2.070588498643977360e+01 5.879425025762724033e+01
1.878640833051182790e+00 1.978368449598716339e+01 5.899604860086966340e+01
1.894427730807915378e+00 1.884315581181345678e+01 5.952405465687112240e+01
1.910214628564648187e+00 1.790428416611878504e+01 5.976772786283665084e+01
1.926001526321380775e+00 1.695606179396781243e+01 5.922659259687779354e+01
1.941788424078113362e+00 1.603427584250565019e+01 5.874807641709230666e+01
1.957575321834845949e+00 1.510116204236510917e+01 6.031785407499235419e+01
1.973362219591578537e+00 1.412981225213080450e+01 6.030053237161726543e+01
1.989149117348311346e+00 1.319724536391057335e+01 5.802487696817814822e+01
2.004936015105043712e+00 1.229774665204356765e+01 5.596173947571153917e+01
2.020722912861776521e+00 1.143032084512664071e+01 5.381830236303721193e+01
2.036509810618509331e+00 1.059849857835118669e+01 5.184507511741635710e+01
2.052296708375241696e+00 9.793375044989090838e+00 4.956610765707323196e+01
2.068083606131974506e+00 9.033508430788351973e+00 4.603962665481101624e+01
2.083870503888706871e+00 8.339729287473803154e+00 4.242910119567392968e+01
2.099657401645439680e+00 7.693860665816019129e+00 3.839405674825003700e+01
2.115444299402172490e+00 7.127483190772175625e+00 3.313498968727095928e+01
2.131231197158904855e+00 6.647663277089345790e+00 2.735467755443750804e+01
2.147018094915637665e+00 6.263792195331587820e+00 2.138577742514170765e+01
2.162804992672370030e+00 5.972433113771439928e+00 1.520944193628140795e+01
2.178591890429102840e+00 5.783572385761515555e+00 8.377588647275059586e+00
2.194378788185835649e+00 5.707920842926449190e+00 1.831099322149006836e+00
2.210165685942568015e+00 5.725757630199137971e+00 -3.558294576773173290e+00
2.225952583699300824e+00 5.820269708270157771e+00 -8.336129359513078541e+00
2.241739481456033189e+00 5.988960873970198051e+00 -1.297187198353975290e+01
2.257526379212765999e+00 6.229840941705290902e+00 -1.684169730466898329e+01
2.273313276969498808e+00 6.520717180767495513e+00 -1.983318636234299959e+01
2.289100174726231174e+00 6.856049912290356652e+00 -2.131903500678357233e+01
2.304887072482963983e+00 7.193840032616087399e+00 -2.184647634989768505e+01
2.320673970239696349e+00 7.545826089251780999e+00 -2.190782924410720156e+01
2.336460867996429158e+00 7.885553353313442315e+00 -2.082949343454514590e+01
2.352247765753161524e+00 8.203492255603176631e+00 -1.840779829381944666e+01
2.368034663509894333e+00 8.466757412495612201e+00 -1.568751648490490602e+01
2.383821561266627143e+00 8.698806693211679431e+00 -1.307670136414275497e+01
2.399608459023359508e+00 8.879638507357707766e+00 -1.064577149097166142e+01
2.415395356780092317e+00 9.034934105350696854e+00 -8.041478103084008566e+00
2.431182254536824683e+00 9.133538492610490778e+00 -5.135148218899596273e+00
2.446969152293557492e+00 9.197070225145568045e+00 -2.397732004815290363e+00
2.462756050050290302e+00 9.209243992626619857e+00 5.689358254571494911e-01
2.478542947807022667e+00 9.179106761732299447e+00 3.256835903465168158e+00
2.494329845563755477e+00 9.106413321789698756e+00 6.157169909475175729e+00
2.510116743320487842e+00 8.984701538068868842e+00 1.005803413073240016e+01
2.525903641077220652e+00 8.788843008878499674e+00 1.349413908765923331e+01
2.541690538833953461e+00 8.558640349884857557e+00 1.561627113122606580e+01
2.557477436590685826e+00 8.295778057498337077e+00 1.771732475265846674e+01
2.573264334347418636e+00 7.999237161098762705e+00 1.869415192448445850e+01
2.589051232104151001e+00 7.705532727337011778e+00 1.944854667002695336e+01
2.604838129860883811e+00 7.385172725505245950e+00 1.970795875764985894e+01
2.620625027617616620e+00 7.083277667535168298e+00 1.819038289530717378e+01
2.636411925374348986e+00 6.810833295657181097e+00 1.690759854674693230e+01
2.652198823131081795e+00 6.549440608396418284e+00 1.647811163035637705e+01
2.667985720887814161e+00 6.290556768592255210e+00 1.513538880067194548e+01
2.683772618644546970e+00 6.071558937387210086e+00 1.344338607627407356e+01
2.699559516401279780e+00 5.866098045611411571e+00 1.153713240082666580e+01
2.715346414158012145e+00 5.707287878151734439e+00 9.939752047333453078e+00
2.731133311914744954e+00 5.552262347014357502e+00 8.045980557163128211e+00
2.746920209671477320e+00 5.453245733334548540e+00 4.700329380032584048e+00
2.762707107428210129e+00 5.403855108323275758e+00 4.003739458890027136e-01
2.778494005184942495e+00 5.440604408238129963e+00 -5.211127956579050924e+00
2.794280902941675304e+00 5.568390196818804760e+00 -1.090871085345895963e+01
2.810067800698408114e+00 5.785033814040762223e+00 -1.669808946808200290e+01
2.825854698455140479e+00 6.095612259149573831e+00 -2.460786446862239885e+01
2.841641596211873289e+00 6.561997494796113273e+00 -3.230612284638282006e+01
2.857428493968605654e+00 7.115639175734153277e+00 -3.895427955387747687e+01
2.873215391725338463e+00 7.791931951804601297e+00 -4.534250528376947642e+01
2.889002289482071273e+00 8.547274165632108733e+00 -4.780628034815114802e+01
2.904789187238803638e+00 9.301357671776518288e+00 -4.951644159042513138e+01
2.920576084995536448e+00 1.011069616696263829e+01 -5.115794705730218084e+01
2.936362982752268813e+00 1.091660823105245903e+01 -4.941627102633435697e+01
2.952149880509001623e+00 1.167095540338609716e+01 -4.787725782342700853e+01
2.967936778265734432e+00 1.242827497931479819e+01 -4.820020515169746744e+01
2.983723676022466798e+00 1.319281882455286770e+01 -4.675938125934332135e+01
2.999510573779199607e+00 1.390464612153346380e+01 -4.568305138384024389e+01
3.015297471535931972e+00 1.463520614737736558e+01 -4.413797076748272019e+01
3.031084369292664782e+00 1.529824938492527053e+01 -4.137170329242407263e+01
3.046871267049397591e+00 1.594146784717612064e+01 -3.945577635762467139e+01
3.062658164806129957e+00 1.654401799946592888e+01 -3.473901894071241969e+01
3.078445062562862766e+00 1.703831052754857112e+01 -2.559209077027463763e+01
3.094231960319595132e+00 1.735205744020862184e+01 -1.851142676507651075e+01
3.110018858076327941e+00 1.762278653089158453e+01 -1.396915448233867707e+01
3.125805755833060751e+00 1.779311666732998987e+01 -8.690431279312960555e+00
3.141592653589793116e+00 1.789717643102843425e+01 -6.591527056293633002e+00
