0.000000000000000000e+00 1.167005178908362666e+02 5.690629592755310107e+00
1.578689775673262907e-02 1.166106805032840015e+02 1.138125918550926841e+01
3.157379551346525814e-02 1.163411683406272488e+02 2.276251837101898801e+01
4.736069327019788722e-02 1.158919814028659516e+02 3.414377755652871116e+01
6.314759102693051629e-02 1.152631196900001669e+02 3.983440714928356385e+01
7.893448878366314536e-02 1.146342579771343537e+02 3.983440714928401860e+01
9.472138654039577443e-02 1.140053962642685548e+02 3.983440714928356385e+01
1.105082842971284035e-01 1.133765345514027558e+02 3.983440714928356385e+01
1.262951820538610326e-01 1.127476728385369569e+02 3.983440714928311621e+01
1.420820798105936755e-01 1.121188111256711721e+02 3.983440714928356385e+01
1.578689775673262907e-01 1.114899494128053590e+02 3.983440714928401860e+01
1.736558753240589059e-01 1.108610876999395600e+02 3.983440714928356385e+01
1.894427730807915489e-01 1.102322259870737611e+02 3.983440714928311621e+01
2.052296708375241918e-01 1.096033642742079763e+02 3.983440714928311621e+01
2.210165685942568070e-01 1.089745025613421774e+02 3.983440714928401860e+01
2.368034663509894222e-01 1.083456408484763642e+02 3.983440714928356385e+01
2.525903641077220652e-01 1.077167791356105795e+02 3.983440714928356385e+01
2.683772618644547081e-01 1.070879174227447663e+02 3.983440714928356385e+01
2.841641596211873511e-01 1.064590557098789816e+02 3.983440714928311621e+01
2.999510573779199385e-01 1.058301939970131826e+02 3.983440714928356385e+01
3.157379551346525814e-01 1.052013322841473837e+02 3.983440714928356385e+01
3.315248528913852244e-01 1.045724705712815847e+02 3.983440714928356385e+01
3.473117506481178118e-01 1.039436088584157858e+02 3.983440714928356385e+01
3.630986484048504548e-01 1.033147471455499868e+02 3.983440714928356385e+01
3.788855461615830977e-01 1.026858854326841879e+02 3.983440714928356385e+01
3.946724439183157407e-01 1.020570237198183889e+02 3.983440714928311621e+01
4.104593416750483836e-01 1.014281620069526042e+02 3.983440714928356385e+01
4.262462394317809711e-01 1.007993002940867910e+02 3.983440714928401860e+01
4.420331371885136140e-01 1.001704385812209921e+02 3.983440714928311621e+01
4.578200349452462570e-01 9.954157686835520735e+01 3.983440714928311621e+01
4.736069327019788444e-01 9.891271515548940840e+01 3.983440714928356385e+01
4.893938304587114874e-01 9.828385344262360945e+01 3.983440714928356385e+01
5.051807282154441303e-01 9.765499172975781050e+01 3.983440714928356385e+01
5.209676259721767178e-01 9.702613001689201155e+01 3.983440714928401860e+01
5.367545237289094162e-01 9.639726830402619839e+01 3.983440714928356385e+01
5.525414214856420037e-01 9.576840659116041365e+01 3.983440714928356385e+01
5.683283192423747021e-01 9.513954487829460049e+01 3.983440714928356385e+01
5.841152169991072896e-01 9.451068316542881576e+01 3.983440714928311621e+01
5.999021147558398770e-01 9.388182145256301681e+01 3.983440714928356385e+01
6.156890125125725755e-01 9.325295973969721786e+01 3.983440714928356385e+01
6.314759102693051629e-01 9.262409802683141891e+01 3.983440714928356385e+01
6.472628080260377503e-01 9.199523631396561996e+01 3.983440714928311621e+01
6.630497057827704488e-01 9.136637460109983522e+01 3.983440714928356385e+01
6.788366035395030362e-01 9.073751288823402206e+01 3.983440714928401860e+01
6.946235012962356237e-01 9.010865117536822311e+01 3.983440714928356385e+01
7.104103990529683221e-01 8.947978946250242416e+01 3.983440714928356385e+01
7.261972968097009096e-01 8.885092774963662521e+01 3.983440714928356385e+01
7.419841945664336080e-01 8.822206603677082626e+01 3.983440714928311621e+01
7.577710923231661955e-01 8.759320432390504152e+01 3.983440714928311621e+01
7.735579900798987829e-01 8.696434261103924257e+01 3.983440714928356385e+01
7.893448878366314814e-01 8.633548089817344362e+01 3.983440714928356385e+01
8.051317855933640688e-01 8.570661918530764467e+01 3.983440714928356385e+01
8.209186833500967673e-01 8.507775747244184572e+01 3.983440714928401860e+01
8.367055811068293547e-01 8.444889575957603256e+01 3.983440714928356385e+01
8.524924788635619421e-01 8.382003404671024782e+01 3.983440714928356385e+01
8.682793766202946406e-01 8.319117233384443466e+01 3.983440714928356385e+01
8.840662743770272280e-01 8.256231062097864992e+01 3.983440714928311621e+01
8.998531721337598155e-01 8.193344890811285097e+01 3.983440714928356385e+01
9.156400698904925139e-01 8.130458719524705202e+01 3.983440714928356385e+01
9.314269676472251014e-01 8.067572548238125307e+01 3.983440714928401860e+01
9.472138654039576888e-01 8.004686376951543991e+01 3.983440714928356385e+01
9.630007631606903873e-01 7.941800205664965517e+01 3.983440714928311621e+01
9.787876609174229747e-01 7.878914034378385622e+01 3.983440714928356385e+01
9.945745586741556732e-01 7.816027863091805727e+01 3.983440714928356385e+01
1.010361456430888261e+00 7.753141691805225832e+01 3.983440714928356385e+01
1.026148354187620848e+00 7.690255520518645937e+01 3.983440714928356385e+01
1.041935251944353436e+00 7.627369349232066043e+01 3.983440714928311621e+01
1.057722149701086245e+00 7.564483177945487569e+01 3.983440714928311621e+01
1.073509047457818832e+00 7.501597006658907674e+01 3.983440714928356385e+01
1.089295945214551420e+00 7.438710835372327779e+01 3.983440714928401860e+01
1.105082842971284007e+00 7.375824664085746463e+01 3.983440714928356385e+01
1.120869740728016595e+00 7.312938492799167989e+01 3.983440714928356385e+01
1.136656638484749404e+00 7.250052321512586673e+01 3.983440714928356385e+01
1.152443536241481992e+00 7.187166150226008199e+01 3.983440714928311621e+01
1.168230433998214579e+00 7.124279978939428304e+01 3.983440714928356385e+01
1.184017331754947167e+00 7.061393807652848409e+01 3.983440714928356385e+01
1.199804229511679754e+00 6.998507636366268514e+01 3.983440714928356385e+01
1.215591127268412341e+00 6.935621465079688619e+01 3.983440714928356385e+01
1.231378025025145151e+00 6.872735293793108724e+01 3.983440714928356385e+01
1.247164922781877738e+00 6.809849122506528829e+01 3.983440714928311621e+01
1.262951820538610326e+00 6.746962951219950355e+01 3.983440714928356385e+01
1.278738718295342913e+00 6.684076779933369039e+01 3.983440714928401860e+01
1.294525616052075501e+00 6.621190608646789144e+01 3.983440714928356385e+01
1.310312513808808310e+00 6.558304437360209249e+01 3.983440714928356385e+01
1.326099411565540898e+00 6.495418266073629354e+01 3.983440714928356385e+01
1.341886309322273485e+00 6.432532094787049459e+01 3.983440714928356385e+01
1.357673207079006072e+00 6.369645923500469564e+01 3.983440714928334359e+01
1.373460104835738660e+00 6.306759752213890380e+01 5.410401458915598738e+01
1.389247002592471247e+00 6.198819014190914345e+01 5.410401458915621475e+01
1.405033900349204057e+00 6.135932842904334450e+01 3.148722189694639084e+01
1.420820798105936644e+00 6.099401903644785250e+01 3.148722189694616347e+01
1.436607695862669232e+00 6.036515732358206066e+01 3.708543751182164527e+01
1.452394593619401819e+00 5.982309101592220202e+01 3.433646787436017433e+01
1.468181491376134407e+00 5.928102470826234338e+01 4.708043732499022838e+01
1.483968389132867216e+00 5.833658291513844318e+01 4.390698477491645946e+01
1.499755286889599804e+00 5.789471454936629868e+01 5.535224561130344512e+01
1.515542184646332391e+00 5.658890243099604334e+01 9.941859352035086772e+01
1.531329082403064978e+00 5.475569220731841824e+01 1.143309821833901623e+02
1.547115980159797566e+00 5.297903937868404256e+01 1.186876659713740736e+02
1.562902877916530375e+00 5.100827211196778421e+01 1.271487388623871624e+02
1.578689775673262963e+00 4.896447109804803688e+01 1.215199157374519530e+02
1.594476673429995550e+00 4.717142714165994732e+01 1.106990685071069151e+02
1.610263571186728138e+00 4.546928134547356137e+01 9.853762807472406848e+01
1.626050468943460725e+00 4.406022022244671632e+01 7.932089922431836726e+01
1.641837366700193535e+00 4.296481949342074813e+01 6.246011838171751407e+01
1.657624264456926122e+00 4.208811721691553487e+01 5.833590037608652068e+01
1.673411162213658709e+00 4.112293370385231128e+01 6.223910435693704102e+01
1.689198059970391297e+00 4.012299246300838007e+01 5.841194408620800971e+01
1.704984957727123884e+00 3.927864692573041339e+01 6.464200762397605615e+01
1.720771855483856472e+00 3.808199893270909797e+01 7.241324825192073433e+01
1.736558753240589281e+00 3.699228583295847272e+01 7.505622149270458010e+01
1.752345650997321869e+00 3.571218914328508731e+01 8.327516546925356522e+01
1.768132548754054456e+00 3.436297278708227765e+01 7.549548646477200009e+01
1.783919446510787044e+00 3.332851009145679200e+01 6.638585408893193573e+01
1.799706344267519631e+00 3.226691940509159906e+01 7.087007469053808961e+01
1.815493242024252440e+00 3.109087284515373284e+01 6.812588739044456076e+01
1.831280139780985028e+00 3.011592656745234109e+01 6.299960755823575198e+01
1.847067037537717615e+00 2.910173611868143695e+01 6.152975756433341559e+01
1.862853935294450203e+00 2.817319858412298572e+01 6.081983559887285651e+01
1.878640833051182790e+00 2.718142306632005045e+01 6.974835262374186584e+01
1.894427730807915378e+00 2.597097836097989187e+01 7.477643761034372005e+01
1.910214628564648187e+00 2.482044711598566522e+01 7.182207998946631733e+01
1.926001526321380775e+00 2.370328269404073751e+01 7.315033105530208957e+01
1.941788424078113362e+00 2.251081352150326964e+01 7.631811687593555860e+01
1.957575321834845949e+00 2.129363007782720629e+01 7.759508805251094543e+01
1.973362219591578537e+00 2.006084207848395806e+01 7.590057429073084450e+01
1.989149117348311346e+00 1.889716086581709220e+01 7.250371886836538238e+01
2.004936015105043712e+00 1.777162448496841662e+01 7.103757983140599208e+01
2.020722912861776521e+00 1.665423484644881569e+01 7.031508540705345922e+01
2.036509810618509331e+00 1.555151035681426563e+01 6.871773472747874223e+01
2.052296708375241696e+00 1.448455514201485173e+01 6.644180188022825462e+01
2.068083606131974506e+00 1.345369049070176715e+01 6.410583595528575529e+01
2.083870503888706871e+00 1.246049058634291029e+01 6.172189094654625308e+01
2.099657401645439680e+00 1.150489612725111321e+01 5.893829233259106104e+01
2.115444299402172490e+00 1.059958499632084283e+01 5.543244980975470781e+01
2.131231197158904855e+00 9.754683292147491969e+00 5.167398077584152105e+01
2.147018094915637665e+00 8.968041293937687897e+00 4.763747099770663596e+01
2.162804992672370030e+00 8.250587524087270808e+00 4.379505070802137112e+01
2.178591890429102840e+00 7.585265318380779220e+00 3.982089033690656521e+01
2.194378788185835649e+00 6.993290875425658193e+00 3.610430703691378085e+01
2.210165685942568015e+00 6.445315310841898793e+00 3.305348672104149443e+01
2.225952583699300824e+00 5.949666844688454859e+00 2.893624367718292589e+01
2.241739481456033189e+00 5.531688270050723055e+00 2.412726855490446454e+01
2.257526379212765999e+00 5.187877401037440883e+00 2.002516058488173201e+01
2.273313276969498808e+00 4.899417944619362864e+00 1.550145253355070274e+01
2.289100174726231174e+00 4.698437708581423067e+00 1.131958589005139082e+01
2.304887072482963983e+00 4.542015654429773619e+00 7.520322325173254718e+00
2.320673970239696349e+00 4.460992589291055133e+00 2.736868417689743538e+00
2.336460867996429158e+00 4.455602330662376431e+00 -1.302941332218327419e+00
2.352247765753161524e+00 4.502131392480558603e+00 -4.816233521997679290e+00
2.368034663509894333e+00 4.607669103031027724e+00 -8.063911730013840540e+00
2.383821561266627143e+00 4.756739692482649495e+00 -1.051125925237609593e+01
2.399608459023359508e+00 4.939549453254570288e+00 -1.312285150991483995e+01
2.415395356780092317e+00 5.171077922610269439e+00 -1.519640605951992995e+01
2.431182254536824683e+00 5.419357670717436903e+00 -1.561180781067788281e+01
2.446969152293557492e+00 5.664001950020132625e+00 -1.536287947198984760e+01
2.462756050050290302e+00 5.904422085664057462e+00 -1.497351231511620107e+01
2.478542947807022667e+00 6.136772565975965321e+00 -1.401140039513015800e+01
2.494329845563755477e+00 6.346815176597183417e+00 -1.272271699240951470e+01
2.510116743320487842e+00 6.538477030669993084e+00 -1.140021395389492120e+01
2.525903641077220652e+00 6.706763200787214885e+00 -9.933506339187912815e+00
2.541690538833953461e+00 6.852115528555223101e+00 -9.349368040330244156e+00
2.557477436590685826e+00 7.001958235472729442e+00 -7.892777905967809815e+00
2.573264334347418636e+00 7.101320484191447235e+00 -4.926470909238441109e+00
2.589051232104151001e+00 7.157505620564059257e+00 -3.125737666833888095e+00
2.604838129860883811e+00 7.200011886112796411e+00 -1.032594445544356976e+00
2.620625027617616620e+00 7.190108546436016823e+00 2.612733386667328350e+00
2.636411925374348986e+00 7.117517976430958626e+00 5.198884084837485986e+00
2.652198823131081795e+00 7.025960043443149061e+00 8.123612853050754978e+00
2.667985720887814161e+00 6.861024685378176002e+00 1.112146642176119471e+01
2.683772618644546970e+00 6.674813136832590921e+00 1.192425255385862393e+01
2.699559516401279780e+00 6.484530773591727915e+00 1.345571462625165715e+01
2.715346414158012145e+00 6.249965154735777517e+00 1.582900985733568788e+01
2.731133311914744954e+00 5.984748853175585026e+00 1.664240856613285757e+01
2.746920209671477320e+00 5.724501149817156076e+00 1.790508172091474037e+01
2.762707107428210129e+00 5.419417464267538342e+00 1.886767473109830107e+01
2.778494005184942495e+00 5.128777046042882759e+00 1.784157734434344178e+01
2.794280902941675304e+00 4.856091149559564002e+00 1.839509969104067721e+01
2.810067800698408114e+00 4.547973929948156524e+00 1.780466758064197563e+01
2.825854698455140479e+00 4.293930216183150073e+00 1.473218720512544699e+01
2.841641596211873289e+00 4.082822863667436408e+00 1.258210386976400486e+01
2.857428493968605654e+00 3.896665441470041458e+00 1.072347455801857308e+01
2.873215391725338463e+00 3.744242070778710740e+00 8.957233969643692006e+00
2.889002289482071273e+00 3.613851567746246829e+00 7.034333718860838580e+00
2.904789187238803638e+00 3.522141456365925016e+00 3.732715666011804156e+00
2.920576084995536448e+00 3.495995566597681847e+00 1.932887680414021814e+00
2.936362982752268813e+00 3.461112855994036508e+00 4.515328961845115896e-01
2.952149880509001623e+00 3.481738959265949340e+00 -2.792820050464602577e+00
2.967936778265734432e+00 3.549292785173311593e+00 -7.297941383267744442e+00
2.983723676022466798e+00 3.712162668170500890e+00 -1.160200236247860772e+01
2.999510573779199607e+00 3.915612035312951988e+00 -1.268385013488573243e+01
3.015297471535931972e+00 4.112639958652821726e+00 -1.306023517364453923e+01
3.031084369292664782e+00 4.327973230043371089e+00 -1.541397746184447826e+01
3.046871267049397591e+00 4.599317731082261496e+00 -1.576103386933668560e+01
3.062658164806129957e+00 4.825608890514607729e+00 -1.513868325446236973e+01
3.078445062562862766e+00 5.077303420501777076e+00 -1.328766260244115394e+01
3.094231960319595132e+00 5.245150832376004324e+00 -9.928840111646534794e+00
3.110018858076327941e+00 5.390794587872796306e+00 -1.031052111340168942e+01
3.125805755833060751e+00 5.570693117647815384e+00 -1.019013720712803206e+01
3.141592653589793116e+00 5.712535896304810734e+00 -8.984841787329859386e+00
