-1.460183660255166826e-04 0.000000000000000000e+00
1.556194490192345029e-02 0.000000000000000000e+00
3.126990816987241378e-02 0.000000000000000000e+00
4.697787143782138769e-02 0.000000000000000000e+00
6.268583470577035466e-02 0.000000000000000000e+00
7.839379797371931469e-02 0.000000000000000000e+00
9.410176124166827472e-02 0.000000000000000000e+00
1.098097245096172625e-01 0.000000000000000000e+00
1.255176877775662225e-01 0.000000000000000000e+00
1.412256510455151548e-01 0.000000000000000000e+00
1.569336143134641426e-01 0.000000000000000000e+00
1.726415775814131304e-01 0.000000000000000000e+00
1.883495408493620626e-01 0.000000000000000000e+00
2.040575041173110504e-01 0.000000000000000000e+00
2.197654673852600382e-01 0.000000000000000000e+00
2.354734306532089705e-01 0.000000000000000000e+00
2.511813939211579583e-01 0.000000000000000000e+00
2.668893571891068905e-01 0.000000000000000000e+00
2.825973204570558783e-01 0.000000000000000000e+00
2.983052837250048661e-01 0.000000000000000000e+00
3.140132469929537984e-01 0.000000000000000000e+00
3.297212102609027862e-01 0.000000000000000000e+00
3.454291735288517184e-01 0.000000000000000000e+00
3.611371367968007062e-01 0.000000000000000000e+00
3.768451000647496940e-01 0.000000000000000000e+00
3.925530633326986818e-01 0.000000000000000000e+00
4.082610266006476141e-01 0.000000000000000000e+00
4.239689898685966019e-01 0.000000000000000000e+00
4.396769531365455341e-01 0.000000000000000000e+00
4.553849164044945219e-01 0.000000000000000000e+00
4.710928796724435097e-01 0.000000000000000000e+00
4.868008429403924420e-01 0.000000000000000000e+00
5.025088062083413742e-01 0.000000000000000000e+00
5.182167694762904731e-01 0.000000000000000000e+00
5.339247327442393498e-01 0.000000000000000000e+00
5.496326960121882266e-01 0.000000000000000000e+00
5.653406592801373254e-01 0.000000000000000000e+00
5.810486225480862021e-01 0.000000000000000000e+00
5.967565858160353010e-01 0.000000000000000000e+00
6.124645490839841777e-01 0.000000000000000000e+00
6.281725123519330545e-01 0.000000000000000000e+00
6.438804756198821533e-01 0.000000000000000000e+00
6.595884388878310300e-01 0.000000000000000000e+00
6.752964021557801289e-01 0.000000000000000000e+00
6.910043654237290056e-01 0.000000000000000000e+00
7.067123286916779934e-01 0.000000000000000000e+00
7.224202919596269812e-01 0.000000000000000000e+00
7.381282552275758579e-01 0.000000000000000000e+00
7.538362184955249568e-01 0.000000000000000000e+00
7.695441817634738335e-01 0.000000000000000000e+00
7.852521450314228213e-01 0.000000000000000000e+00
8.009601082993718091e-01 0.000000000000000000e+00
8.166680715673206858e-01 0.000000000000000000e+00
8.323760348352697847e-01 0.000000000000000000e+00
8.480839981032186614e-01 0.000000000000000000e+00
8.637919613711677602e-01 0.000000000000000000e+00
8.794999246391166370e-01 0.000000000000000000e+00
8.952078879070655137e-01 1.468137740682830689e-05
9.109158511750146126e-01 1.468137740682830689e-05
9.266238144429634893e-01 2.202206611024246034e-05
9.423317777109125881e-01 2.936275481365661379e-05
9.580397409788614649e-01 4.404413222048492068e-05
9.737477042468103416e-01 6.606619833072738441e-05
9.894556675147594405e-01 8.074757573755571164e-05
1.005163630782708317e+00 8.074757573755568453e-05
1.020871594050657194e+00 1.247917079580406255e-04
1.036579557318606293e+00 1.835172175853538531e-04
1.052287520586555392e+00 2.128799723990104805e-04
1.067995483854504268e+00 2.569241046194953673e-04
1.083703447122453145e+00 3.596937464672934816e-04
1.099411410390402022e+00 4.698040770185058206e-04
1.115119373658351121e+00 5.872550962731322216e-04
1.130827336926300219e+00 7.193874929345869633e-04
1.146535300194249096e+00 7.781130025619002180e-04
1.162243263462197973e+00 9.102453992233549597e-04
1.177951226730146850e+00 1.101103305512122956e-03
1.193659189998095949e+00 1.196532258656507171e-03
1.209367153266045047e+00 1.402071542352103508e-03
1.225075116533993924e+00 1.563566693827214823e-03
1.240783079801942801e+00 1.607610826047699629e-03
1.256491043069891678e+00 1.717721156598911968e-03
1.272199006337840776e+00 1.835172175853538694e-03
1.287906969605789875e+00 1.842512864556952647e-03
1.303614932873738752e+00 1.893897685480851623e-03
1.319322896141687629e+00 1.827831487150124090e-03
1.335030859409636728e+00 1.747083911412568649e-03
1.350738822677585604e+00 1.717721156598911968e-03
1.366446785945534703e+00 1.710380467895498014e-03
1.382154749213483580e+00 1.578248071234043164e-03
1.397862712481432457e+00 1.482819118089659166e-03
1.413570675749381556e+00 1.365368098835032440e-03
1.429278639017330432e+00 1.181850881249678830e-03
1.444986602285279531e+00 1.049718484588224197e-03
1.460694565553228408e+00 9.396081540370116413e-04
1.476402528821177285e+00 7.634316251550719856e-04
1.492110492089126383e+00 6.900247381209304986e-04
1.507818455357075260e+00 5.652330301628899272e-04
1.523526418625024359e+00 4.991668318321625022e-04
1.539234381892973236e+00 5.065075205355766726e-04
1.554942345160922113e+00 5.065075205355765641e-04
1.570650308428871211e+00 4.918261431287483318e-04
1.586358271696820088e+00 5.725737188663039892e-04
1.602066234964769187e+00 6.166178510867889031e-04
1.617774198232718064e+00 7.047061155277587309e-04
1.633482161500666940e+00 7.414095590448294745e-04
1.649190124768616039e+00 7.927943799687284503e-04
1.664898088036564916e+00 9.029047105199407893e-04
1.680606051304514015e+00 1.013015041071153128e-03
1.696314014572462892e+00 1.093762616808709003e-03
1.712021977840411768e+00 1.123125371622365467e-03
1.727729941108360867e+00 1.262598456987234488e-03
1.743437904376309966e+00 1.431434297165760190e-03
1.759145867644258843e+00 1.725061845302326355e-03
1.774853830912207719e+00 1.967304572514993327e-03
1.790561794180156596e+00 2.312316941575458685e-03
1.806269757448105695e+00 2.598603801008610246e-03
1.821977720716054794e+00 2.987660302289560626e-03
1.837685683984003671e+00 3.435442313197823935e-03
1.853393647251952547e+00 3.802476748368531587e-03
1.869101610519901424e+00 4.360369089828007236e-03
1.884809573787850523e+00 4.822832478143098886e-03
1.900517537055799622e+00 5.248592422941120335e-03
1.916225500323748498e+00 6.224904020495202611e-03
1.931933463591697375e+00 7.039720466574173573e-03
1.947641426859646252e+00 7.913262422280457897e-03
1.963349390127595351e+00 9.007025039089167767e-03
1.979057353395544450e+00 1.020355729774567385e-02
1.994765316663493326e+00 1.145881506602949504e-02
2.010473279931442203e+00 1.307376658078060819e-02
2.026181243199391080e+00 1.451254156664978298e-02
2.041889206467340401e+00 1.584120622196774630e-02
2.057597169735289278e+00 1.797000594595785095e-02
2.073305133003238154e+00 1.986390363143870214e-02
2.089013096271187031e+00 2.090628142732350869e-02
2.104721059539135908e+00 2.269006878225315188e-02
2.120429022807084785e+00 2.438576787274182242e-02
2.136136986075034105e+00 2.569241046194953998e-02
2.151844949342982982e+00 2.676415101264800755e-02
2.167552912610931859e+00 2.677883239005483459e-02
2.183260875878880736e+00 2.694766823023336116e-02
2.198968839146830057e+00 2.649254553062168477e-02
2.214676802414778933e+00 2.568506977324612472e-02
2.230384765682727810e+00 2.442981200496230354e-02
2.246092728950676687e+00 2.302774046261019808e-02
2.261800692218625564e+00 2.156694341063078446e-02
2.277508655486574440e+00 2.027498219882989394e-02
2.293216618754523761e+00 1.880684445814705813e-02
2.308924582022472638e+00 1.800670938947492028e-02
2.324632545290421515e+00 1.686156195174231057e-02
2.340340508558370392e+00 1.556960073994142005e-02
2.356048471826319712e+00 1.473276222775220766e-02
2.371756435094268589e+00 1.406475955574152011e-02
2.387464398362217466e+00 1.308110726948402171e-02
2.403172361630166343e+00 1.256725906024503021e-02
2.418880324898115219e+00 1.237640115395626308e-02
2.434588288166064096e+00 1.220756531377773825e-02
2.450296251434013417e+00 1.211947704933676907e-02
2.466004214701962294e+00 1.170105779324216201e-02
2.481712177969911171e+00 1.181116812379337522e-02
2.497420141237860047e+00 1.186255294471727506e-02
2.513128104505809368e+00 1.156158470787729299e-02
2.528836067773758245e+00 1.148817782084315085e-02
2.544544031041707122e+00 1.146615575473290856e-02
2.560251994309655998e+00 1.159094746269094880e-02
2.575959957577604875e+00 1.178180536897971767e-02
2.591667920845554196e+00 1.207543291711628275e-02
2.607375884113503073e+00 1.229565357821870743e-02
2.623083847381451950e+00 1.247917079580406277e-02
2.638791810649400826e+00 1.243512666358357818e-02
2.654499773917350147e+00 1.234703839914260727e-02
2.670207737185299024e+00 1.239108253136309359e-02
2.685915700453247901e+00 1.221490600248115177e-02
2.701623663721196777e+00 1.178914605768313119e-02
2.717331626989145654e+00 1.150285919824998136e-02
2.733039590257094531e+00 1.126795715974072791e-02
2.748747553525043852e+00 1.082017514883246503e-02
2.764455516792992729e+00 1.046782209106858312e-02
2.780163480060941605e+00 9.608961512769126703e-03
2.795871443328890482e+00 8.999684350385752513e-03
2.811579406596839803e+00 8.317000300968236184e-03
2.827287369864788680e+00 7.538887298406337159e-03
2.842995333132737557e+00 6.599279144369325084e-03
2.858703296400686433e+00 5.843188207917666618e-03
2.874411259668635310e+00 4.969646252211383161e-03
2.890119222936584187e+00 4.257599447980210151e-03
2.905827186204533508e+00 3.618959530783177978e-03
2.921535149472482384e+00 2.892231349145176628e-03
2.937243112740431261e+00 2.385723828609599955e-03
2.952951076008380138e+00 1.981985949921821668e-03
2.968659039276329459e+00 1.629632892157942357e-03
2.984367002544278336e+00 1.225895013470163853e-03
3.000074965812227212e+00 1.064399861995052321e-03
3.015782929080176089e+00 8.148164460789710699e-04
3.031490892348124966e+00 6.386399171970314143e-04
3.047198855616073843e+00 5.358702753492332457e-04
3.062906818884023163e+00 4.184192560946067905e-04
3.078614782151972040e+00 3.083089255433945058e-04
3.094322745419920917e+00 2.569241046194953673e-04
3.110030708687869794e+00 2.495834159160812511e-04
3.125738671955818671e+00 1.908579062887679964e-04
