-1.460183660255166826e-04 0.000000000000000000e+00
1.556194490192345029e-02 0.000000000000000000e+00
3.126990816987241378e-02 0.000000000000000000e+00
4.697787143782138769e-02 0.000000000000000000e+00
6.268583470577035466e-02 0.000000000000000000e+00
7.839379797371931469e-02 0.000000000000000000e+00
9.410176124166827472e-02 0.000000000000000000e+00
1.098097245096172625e-01 0.000000000000000000e+00
1.255176877775662225e-01 0.000000000000000000e+00
1.412256510455151548e-01 0.000000000000000000e+00
1.569336143134641426e-01 0.000000000000000000e+00
1.726415775814131304e-01 0.000000000000000000e+00
1.883495408493620626e-01 0.000000000000000000e+00
2.040575041173110504e-01 0.000000000000000000e+00
2.197654673852600382e-01 0.000000000000000000e+00
2.354734306532089705e-01 0.000000000000000000e+00
2.511813939211579583e-01 0.000000000000000000e+00
2.668893571891068905e-01 0.000000000000000000e+00
2.825973204570558783e-01 0.000000000000000000e+00
2.983052837250048661e-01 0.000000000000000000e+00
3.140132469929537984e-01 0.000000000000000000e+00
3.297212102609027862e-01 0.000000000000000000e+00
3.454291735288517184e-01 0.000000000000000000e+00
3.611371367968007062e-01 0.000000000000000000e+00
3.768451000647496940e-01 0.000000000000000000e+00
3.925530633326986818e-01 0.000000000000000000e+00
4.082610266006476141e-01 0.000000000000000000e+00
4.239689898685966019e-01 0.000000000000000000e+00
4.396769531365455341e-01 0.000000000000000000e+00
4.553849164044945219e-01 0.000000000000000000e+00
4.710928796724435097e-01 0.000000000000000000e+00
4.868008429403924420e-01 0.000000000000000000e+00
5.025088062083413742e-01 0.000000000000000000e+00
5.182167694762904731e-01 0.000000000000000000e+00
5.339247327442393498e-01 0.000000000000000000e+00
5.496326960121882266e-01 0.000000000000000000e+00
5.653406592801373254e-01 0.000000000000000000e+00
5.810486225480862021e-01 0.000000000000000000e+00
5.967565858160353010e-01 0.000000000000000000e+00
6.124645490839841777e-01 0.000000000000000000e+00
6.281725123519330545e-01 0.000000000000000000e+00
6.438804756198821533e-01 0.000000000000000000e+00
6.595884388878310300e-01 0.000000000000000000e+00
6.752964021557801289e-01 0.000000000000000000e+00
6.910043654237290056e-01 0.000000000000000000e+00
7.067123286916779934e-01 0.000000000000000000e+00
7.224202919596269812e-01 0.000000000000000000e+00
7.381282552275758579e-01 0.000000000000000000e+00
7.538362184955249568e-01 0.000000000000000000e+00
7.695441817634738335e-01 0.000000000000000000e+00
7.852521450314228213e-01 0.000000000000000000e+00
8.009601082993718091e-01 0.000000000000000000e+00
8.166680715673206858e-01 0.000000000000000000e+00
8.323760348352697847e-01 0.000000000000000000e+00
8.480839981032186614e-01 0.000000000000000000e+00
8.637919613711677602e-01 0.000000000000000000e+00
8.794999246391166370e-01 0.000000000000000000e+00
8.952078879070655137e-01 0.000000000000000000e+00
9.109158511750146126e-01 0.000000000000000000e+00
9.266238144429634893e-01 0.000000000000000000e+00
9.423317777109125881e-01 0.000000000000000000e+00
9.580397409788614649e-01 0.000000000000000000e+00
9.737477042468103416e-01 0.000000000000000000e+00
9.894556675147594405e-01 0.000000000000000000e+00
1.005163630782708317e+00 7.340688703414153447e-06
1.020871594050657194e+00 1.468137740682830689e-05
1.036579557318606293e+00 2.202206611024246034e-05
1.052287520586555392e+00 2.936275481365661379e-05
1.067995483854504268e+00 4.404413222048492068e-05
1.083703447122453145e+00 6.606619833072738441e-05
1.099411410390402022e+00 1.027696418477981686e-04
1.115119373658351121e+00 1.541544627716972258e-04
1.130827336926300219e+00 2.128799723990104534e-04
1.146535300194249096e+00 2.862868594331519946e-04
1.162243263462197973e+00 4.404413222048492475e-04
1.177951226730146850e+00 5.285295866458190753e-04
1.193659189998095949e+00 6.312992284936172439e-04
1.209367153266045047e+00 7.120468042311730097e-04
1.225075116533993924e+00 8.221571347823851319e-04
1.240783079801942801e+00 9.542895314438399820e-04
1.256491043069891678e+00 1.013015041071153345e-03
1.272199006337840776e+00 1.057059173291638151e-03
1.287906969605789875e+00 1.079081239401880662e-03
1.303614932873738752e+00 1.086421928105294615e-03
1.319322896141687629e+00 1.049718484588223980e-03
1.335030859409636728e+00 9.689709088506681060e-04
1.350738822677585604e+00 9.469488427404258116e-04
1.366446785945534703e+00 8.808826444096982781e-04
1.382154749213483580e+00 7.267281816380012421e-04
1.397862712481432457e+00 6.753433607141021578e-04
1.413570675749381556e+00 5.872550962731323300e-04
1.429278639017330432e+00 5.358702753492332457e-04
1.444986602285279531e+00 5.285295866458190753e-04
1.460694565553228408e+00 3.963971899843643336e-04
1.476402528821177285e+00 3.817158125775359928e-04
1.492110492089126383e+00 3.890565012809501632e-04
1.507818455357075260e+00 3.523530577638794197e-04
1.523526418625024359e+00 3.450123690604652493e-04
1.539234381892973236e+00 3.817158125775359386e-04
1.554942345160922113e+00 3.596937464672935901e-04
1.570650308428871211e+00 3.743751238741219308e-04
1.586358271696820088e+00 4.257599447980209609e-04
1.602066234964769187e+00 4.331006335014350229e-04
1.617774198232718064e+00 4.698040770185058206e-04
1.633482161500666940e+00 4.918261431287483318e-04
1.649190124768616039e+00 5.725737188663039892e-04
1.664898088036564916e+00 6.680026720106879874e-04
1.680606051304514015e+00 7.560909364516579237e-04
1.696314014572462892e+00 8.001350686721428376e-04
1.712021977840411768e+00 8.808826444096984950e-04
1.727729941108360867e+00 1.027696418477981686e-03
1.743437904376309966e+00 1.269939145690648658e-03
1.759145867644258843e+00 1.394730853648689338e-03
1.774853830912207719e+00 1.585588759937457118e-03
1.790561794180156596e+00 1.739743222709154479e-03
1.806269757448105695e+00 1.996667327328649575e-03
1.821977720716054794e+00 2.268272809354973229e-03
1.837685683984003671e+00 2.598603801008610679e-03
1.853393647251952547e+00 2.972978924882732285e-03
1.869101610519901424e+00 3.472145756714895004e-03
1.884809573787850523e+00 3.941949833733401042e-03
1.900517537055799622e+00 4.815491789439685366e-03
1.916225500323748498e+00 5.439450329229888331e-03
1.931933463591697375e+00 6.312992284936172656e-03
1.947641426859646252e+00 7.377392146931224977e-03
1.963349390127595351e+00 8.390407188002378322e-03
1.979057353395544450e+00 9.550236003141815075e-03
1.994765316663493326e+00 1.090092272457001896e-02
2.010473279931442203e+00 1.222958737988798054e-02
2.026181243199391080e+00 1.413816644277566051e-02
2.041889206467340401e+00 1.555491936253459301e-02
2.057597169735289278e+00 1.730200327394716339e-02
2.073305133003238154e+00 1.897568029832558817e-02
2.089013096271187031e+00 2.053190630344938622e-02
2.104721059539135908e+00 2.236707847930292578e-02
2.120429022807084785e+00 2.368840244591747385e-02
2.136136986075034105e+00 2.438576787274182242e-02
2.151844949342982982e+00 2.571443252805978574e-02
2.167552912610931859e+00 2.623562142600218555e-02
2.183260875878880736e+00 2.643382002099436620e-02
2.198968839146830057e+00 2.630902831303632769e-02
2.214676802414778933e+00 2.545016773473687127e-02
2.230384765682727810e+00 2.472343955309887209e-02
2.246092728950676687e+00 2.382787553128234287e-02
2.261800692218625564e+00 2.222760539393805676e-02
2.277508655486574440e+00 2.077414903066205493e-02
2.293216618754523761e+00 1.985656294273528688e-02
2.308924582022472638e+00 1.833704038112855469e-02
2.324632545290421515e+00 1.744881704801544420e-02
2.340340508558370392e+00 1.648718682786819156e-02
2.356048471826319712e+00 1.560630418345849112e-02
2.371756435094268589e+00 1.494564220015121708e-02
2.387464398362217466e+00 1.424827677332687198e-02
2.403172361630166343e+00 1.343346032724790015e-02
2.418880324898115219e+00 1.317653622262840614e-02
2.434588288166064096e+00 1.263332525857575883e-02
2.450296251434013417e+00 1.206809222841286923e-02
2.466004214701962294e+00 1.189191569953092914e-02
2.481712177969911171e+00 1.183319018990361751e-02
2.497420141237860047e+00 1.204607016230262520e-02
2.513128104505809368e+00 1.233969771043919549e-02
2.528836067773758245e+00 1.242778597488016293e-02
2.544544031041707122e+00 1.272875421172014326e-02
2.560251994309655998e+00 1.319121760003523318e-02
2.575959957577604875e+00 1.336739412891717500e-02
2.591667920845554196e+00 1.349952652557863050e-02
2.607375884113503073e+00 1.362431823353667075e-02
2.623083847381451950e+00 1.344080101595131541e-02
2.638791810649400826e+00 1.360963685612984024e-02
2.654499773917350147e+00 1.364634029964691131e-02
2.670207737185299024e+00 1.368304374316398238e-02
2.685915700453247901e+00 1.363165892224008253e-02
2.701623663721196777e+00 1.367570305446056886e-02
2.717331626989145654e+00 1.349218583687521525e-02
2.733039590257094531e+00 1.307376658078060819e-02
2.748747553525043852e+00 1.266268801338941465e-02
2.764455516792992729e+00 1.191393776564117317e-02
2.780163480060941605e+00 1.111380269696903011e-02
2.795871443328890482e+00 1.027696418477981599e-02
2.811579406596839803e+00 9.330015342039390397e-03
2.827287369864788680e+00 8.155505149493124870e-03
2.842995333132737557e+00 7.149830797125385044e-03
2.858703296400686433e+00 6.210222643088373837e-03
2.874411259668635310e+00 5.329339998678676860e-03
2.890119222936584187e+00 4.308984268904109127e-03
2.905827186204533508e+00 3.552893332452450662e-03
2.921535149472482384e+00 2.760098952483722428e-03
2.937243112740431261e+00 2.275613498058387616e-03
2.952951076008380138e+00 1.886556996777437670e-03
2.968659039276329459e+00 1.475478429386244995e-03
2.984367002544278336e+00 1.137806749029193808e-03
3.000074965812227212e+00 9.689709088506682144e-04
3.015782929080176089e+00 7.927943799687284503e-04
3.031490892348124966e+00 7.120468042311730097e-04
3.047198855616073843e+00 5.211888979424050133e-04
3.062906818884023163e+00 4.110785673911926202e-04
3.078614782151972040e+00 3.450123690604652493e-04
3.094322745419920917e+00 2.789461707297378242e-04
3.110030708687869794e+00 2.349020385092529645e-04
3.125738671955818671e+00 2.642647933229095919e-04
