-1.460183660255166826e-04 0.000000000000000000e+00
1.556194490192345029e-02 0.000000000000000000e+00
3.126990816987241378e-02 0.000000000000000000e+00
4.697787143782138769e-02 0.000000000000000000e+00
6.268583470577035466e-02 0.000000000000000000e+00
7.839379797371931469e-02 0.000000000000000000e+00
9.410176124166827472e-02 0.000000000000000000e+00
1.098097245096172625e-01 0.000000000000000000e+00
1.255176877775662225e-01 0.000000000000000000e+00
1.412256510455151548e-01 0.000000000000000000e+00
1.569336143134641426e-01 0.000000000000000000e+00
1.726415775814131304e-01 0.000000000000000000e+00
1.883495408493620626e-01 0.000000000000000000e+00
2.040575041173110504e-01 0.000000000000000000e+00
2.197654673852600382e-01 0.000000000000000000e+00
2.354734306532089705e-01 0.000000000000000000e+00
2.511813939211579583e-01 0.000000000000000000e+00
2.668893571891068905e-01 0.000000000000000000e+00
2.825973204570558783e-01 0.000000000000000000e+00
2.983052837250048661e-01 0.000000000000000000e+00
3.140132469929537984e-01 0.000000000000000000e+00
3.297212102609027862e-01 0.000000000000000000e+00
3.454291735288517184e-01 0.000000000000000000e+00
3.611371367968007062e-01 0.000000000000000000e+00
3.768451000647496940e-01 0.000000000000000000e+00
3.925530633326986818e-01 0.000000000000000000e+00
4.082610266006476141e-01 0.000000000000000000e+00
4.239689898685966019e-01 0.000000000000000000e+00
4.396769531365455341e-01 0.000000000000000000e+00
4.553849164044945219e-01 0.000000000000000000e+00
4.710928796724435097e-01 0.000000000000000000e+00
4.868008429403924420e-01 0.000000000000000000e+00
5.025088062083413742e-01 0.000000000000000000e+00
5.182167694762904731e-01 0.000000000000000000e+00
5.339247327442393498e-01 0.000000000000000000e+00
5.496326960121882266e-01 0.000000000000000000e+00
5.653406592801373254e-01 0.000000000000000000e+00
5.810486225480862021e-01 0.000000000000000000e+00
5.967565858160353010e-01 0.000000000000000000e+00
6.124645490839841777e-01 0.000000000000000000e+00
6.281725123519330545e-01 0.000000000000000000e+00
6.438804756198821533e-01 0.000000000000000000e+00
6.595884388878310300e-01 0.000000000000000000e+00
6.752964021557801289e-01 0.000000000000000000e+00
6.910043654237290056e-01 0.000000000000000000e+00
7.067123286916779934e-01 0.000000000000000000e+00
7.224202919596269812e-01 0.000000000000000000e+00
7.381282552275758579e-01 0.000000000000000000e+00
7.538362184955249568e-01 0.000000000000000000e+00
7.695441817634738335e-01 0.000000000000000000e+00
7.852521450314228213e-01 0.000000000000000000e+00
8.009601082993718091e-01 0.000000000000000000e+00
8.166680715673206858e-01 0.000000000000000000e+00
8.323760348352697847e-01 0.000000000000000000e+00
8.480839981032186614e-01 0.000000000000000000e+00
8.637919613711677602e-01 0.000000000000000000e+00
8.794999246391166370e-01 0.000000000000000000e+00
8.952078879070655137e-01 0.000000000000000000e+00
9.109158511750146126e-01 0.000000000000000000e+00
9.266238144429634893e-01 7.340688703414153447e-06
9.423317777109125881e-01 7.340688703414153447e-06
9.580397409788614649e-01 7.340688703414153447e-06
9.737477042468103416e-01 1.468137740682830689e-05
9.894556675147594405e-01 2.202206611024246034e-05
1.005163630782708317e+00 2.936275481365661379e-05
1.020871594050657194e+00 4.404413222048492746e-05
1.036579557318606293e+00 5.872550962731323435e-05
1.052287520586555392e+00 8.808826444096985492e-05
1.067995483854504268e+00 1.174510192546264687e-04
1.083703447122453145e+00 1.247917079580405984e-04
1.099411410390402022e+00 2.202206611024245966e-04
1.115119373658351121e+00 2.789461707297378242e-04
1.130827336926300219e+00 3.890565012809501632e-04
1.146535300194249096e+00 4.771447657219199368e-04
1.162243263462197973e+00 6.092771623833747327e-04
1.177951226730146850e+00 8.001350686721426207e-04
1.193659189998095949e+00 9.763115975540823848e-04
1.209367153266045047e+00 1.049718484588223980e-03
1.225075116533993924e+00 1.189191569953093001e-03
1.240783079801942801e+00 1.291961211800891169e-03
1.256491043069891678e+00 1.394730853648689338e-03
1.272199006337840776e+00 1.387390164945275168e-03
1.287906969605789875e+00 1.313983277911133247e-03
1.303614932873738752e+00 1.233235702173577806e-03
1.319322896141687629e+00 1.145147437732607978e-03
1.335030859409636728e+00 1.035037107181395856e-03
1.350738822677585604e+00 9.396081540370117497e-04
1.366446785945534703e+00 8.368385121892135811e-04
1.382154749213483580e+00 8.074757573755568995e-04
1.397862712481432457e+00 7.487502477482436448e-04
1.413570675749381556e+00 8.001350686721428376e-04
1.429278639017330432e+00 7.707723138584861560e-04
1.444986602285279531e+00 7.634316251550719856e-04
1.460694565553228408e+00 7.487502477482436448e-04
1.476402528821177285e+00 6.606619833072738170e-04
1.492110492089126383e+00 6.166178510867890115e-04
1.507818455357075260e+00 6.019364736799606708e-04
1.523526418625024359e+00 5.358702753492332457e-04
1.539234381892973236e+00 5.432109640526474161e-04
1.554942345160922113e+00 5.358702753492332457e-04
1.570650308428871211e+00 5.211888979424049049e-04
1.586358271696820088e+00 5.945957849765465004e-04
1.602066234964769187e+00 6.092771623833748412e-04
1.617774198232718064e+00 6.092771623833748412e-04
1.633482161500666940e+00 6.386399171970314143e-04
1.649190124768616039e+00 7.193874929345870717e-04
1.664898088036564916e+00 8.074757573755570079e-04
1.680606051304514015e+00 8.662012670028702626e-04
1.696314014572462892e+00 9.983336636643250044e-04
1.712021977840411768e+00 1.086421928105294832e-03
1.727729941108360867e+00 1.240576390876992193e-03
1.743437904376309966e+00 1.504841184199901677e-03
1.759145867644258843e+00 1.725061845302326138e-03
1.774853830912207719e+00 1.952623195108164986e-03
1.790561794180156596e+00 2.246250743244731368e-03
1.806269757448105695e+00 2.605944489712024633e-03
1.821977720716054794e+00 2.928934792662247263e-03
1.837685683984003671e+00 3.376716803570511440e-03
1.853393647251952547e+00 3.846520880589017043e-03
1.869101610519901424e+00 4.294302891497280353e-03
1.884809573787850523e+00 4.690700081481645120e-03
1.900517537055799622e+00 5.270614489051362629e-03
1.916225500323748498e+00 5.997342670689363546e-03
1.931933463591697375e+00 6.797477739361506600e-03
1.947641426859646252e+00 7.597612808033649655e-03
1.963349390127595351e+00 8.515198895960418568e-03
1.979057353395544450e+00 9.638324267582784252e-03
1.994765316663493326e+00 1.097432961160416109e-02
2.010473279931442203e+00 1.248651148450747629e-02
2.026181243199391080e+00 1.360963685612984024e-02
2.041889206467340401e+00 1.498234564366828989e-02
2.057597169735289278e+00 1.664868197934329941e-02
2.073305133003238154e+00 1.855726104223098111e-02
2.089013096271187031e+00 2.034838908586403608e-02
2.104721059539135908e+00 2.187525233617418005e-02
2.120429022807084785e+00 2.330668663333993959e-02
2.136136986075034105e+00 2.462066991125107240e-02
2.151844949342982982e+00 2.544282704603345949e-02
2.167552912610931859e+00 2.595667525527245098e-02
2.183260875878880736e+00 2.596401594397586277e-02
2.198968839146830057e+00 2.529601327196517174e-02
2.214676802414778933e+00 2.500972641253202192e-02
2.230384765682727810e+00 2.415820652293598075e-02
2.246092728950676687e+00 2.324796112371262449e-02
2.261800692218625564e+00 2.263868396132924857e-02
2.277508655486574440e+00 2.155960272192736921e-02
2.293216618754523761e+00 2.011348704735478263e-02
2.308924582022472638e+00 1.926930784646215672e-02
2.324632545290421515e+00 1.792596181373736636e-02
2.340340508558370392e+00 1.668538542286037221e-02
2.356048471826319712e+00 1.567237038178921973e-02
2.371756435094268589e+00 1.449051950053954069e-02
2.387464398362217466e+00 1.386656096074933599e-02
2.403172361630166343e+00 1.347750445946838474e-02
2.418880324898115219e+00 1.274343558912697030e-02
2.434588288166064096e+00 1.242044528617674941e-02
2.450296251434013417e+00 1.201670740748897112e-02
2.466004214701962294e+00 1.169371710453874849e-02
2.481712177969911171e+00 1.174510192546264833e-02
2.497420141237860047e+00 1.144413368862266626e-02
2.513128104505809368e+00 1.144413368862266453e-02
2.528836067773758245e+00 1.149551850954656611e-02
2.544544031041707122e+00 1.145881506602949330e-02
2.560251994309655998e+00 1.203138878489579816e-02
2.575959957577604875e+00 1.218554324766749596e-02
2.591667920845554196e+00 1.246448941839723573e-02
2.607375884113503073e+00 1.261864388116893179e-02
2.623083847381451950e+00 1.269939145690648571e-02
2.638791810649400826e+00 1.280950178745770066e-02
2.654499773917350147e+00 1.306642589207719640e-02
2.670207737185299024e+00 1.283152385356794295e-02
2.685915700453247901e+00 1.284620523097476999e-02
2.701623663721196777e+00 1.260396250376210128e-02
2.717331626989145654e+00 1.253789630543137440e-02
2.733039590257094531e+00 1.225160944599822284e-02
2.748747553525043852e+00 1.203138878489579816e-02
2.764455516792992729e+00 1.151754057565680840e-02
2.780163480060941605e+00 1.100369236641781691e-02
2.795871443328890482e+00 1.029898625089005829e-02
2.811579406596839803e+00 9.432784983887186614e-03
2.827287369864788680e+00 8.522539584663833823e-03
2.842995333132737557e+00 7.502183854889266958e-03
2.858703296400686433e+00 6.672686031403466354e-03
2.874411259668635310e+00 5.718396499959626372e-03
2.890119222936584187e+00 4.822832478143098886e-03
2.905827186204533508e+00 4.110785673911926744e-03
2.921535149472482384e+00 3.340013360053440371e-03
2.937243112740431261e+00 2.708714131559823018e-03
2.952951076008380138e+00 2.216887988431074687e-03
2.968659039276329459e+00 1.754424600115982820e-03
2.984367002544278336e+00 1.394730853648689555e-03
3.000074965812227212e+00 1.049718484588223980e-03
3.015782929080176089e+00 8.588605782994560922e-04
3.031490892348124966e+00 7.340688703414154125e-04
3.047198855616073843e+00 5.578923414594757569e-04
3.062906818884023163e+00 4.331006335014350771e-04
3.078614782151972040e+00 3.083089255433945058e-04
3.094322745419920917e+00 2.275613498058387941e-04
3.110030708687869794e+00 1.835172175853538531e-04
3.125738671955818671e+00 1.541544627716972258e-04
