-1.460183660255166826e-04 0.000000000000000000e+00
1.556194490192345029e-02 0.000000000000000000e+00
3.126990816987241378e-02 0.000000000000000000e+00
4.697787143782138769e-02 0.000000000000000000e+00
6.268583470577035466e-02 0.000000000000000000e+00
7.839379797371931469e-02 0.000000000000000000e+00
9.410176124166827472e-02 0.000000000000000000e+00
1.098097245096172625e-01 0.000000000000000000e+00
1.255176877775662225e-01 0.000000000000000000e+00
1.412256510455151548e-01 0.000000000000000000e+00
1.569336143134641426e-01 0.000000000000000000e+00
1.726415775814131304e-01 0.000000000000000000e+00
1.883495408493620626e-01 0.000000000000000000e+00
2.040575041173110504e-01 0.000000000000000000e+00
2.197654673852600382e-01 0.000000000000000000e+00
2.354734306532089705e-01 0.000000000000000000e+00
2.511813939211579583e-01 0.000000000000000000e+00
2.668893571891068905e-01 0.000000000000000000e+00
2.825973204570558783e-01 0.000000000000000000e+00
2.983052837250048661e-01 0.000000000000000000e+00
3.140132469929537984e-01 0.000000000000000000e+00
3.297212102609027862e-01 0.000000000000000000e+00
3.454291735288517184e-01 0.000000000000000000e+00
3.611371367968007062e-01 0.000000000000000000e+00
3.768451000647496940e-01 0.000000000000000000e+00
3.925530633326986818e-01 0.000000000000000000e+00
4.082610266006476141e-01 0.000000000000000000e+00
4.239689898685966019e-01 0.000000000000000000e+00
4.396769531365455341e-01 0.000000000000000000e+00
4.553849164044945219e-01 0.000000000000000000e+00
4.710928796724435097e-01 0.000000000000000000e+00
4.868008429403924420e-01 0.000000000000000000e+00
5.025088062083413742e-01 0.000000000000000000e+00
5.182167694762904731e-01 0.000000000000000000e+00
5.339247327442393498e-01 0.000000000000000000e+00
5.496326960121882266e-01 0.000000000000000000e+00
5.653406592801373254e-01 0.000000000000000000e+00
5.810486225480862021e-01 0.000000000000000000e+00
5.967565858160353010e-01 0.000000000000000000e+00
6.124645490839841777e-01 0.000000000000000000e+00
6.281725123519330545e-01 0.000000000000000000e+00
6.438804756198821533e-01 0.000000000000000000e+00
6.595884388878310300e-01 0.000000000000000000e+00
6.752964021557801289e-01 0.000000000000000000e+00
6.910043654237290056e-01 0.000000000000000000e+00
7.067123286916779934e-01 0.000000000000000000e+00
7.224202919596269812e-01 0.000000000000000000e+00
7.381282552275758579e-01 0.000000000000000000e+00
7.538362184955249568e-01 0.000000000000000000e+00
7.695441817634738335e-01 0.000000000000000000e+00
7.852521450314228213e-01 0.000000000000000000e+00
8.009601082993718091e-01 0.000000000000000000e+00
8.166680715673206858e-01 0.000000000000000000e+00
8.323760348352697847e-01 0.000000000000000000e+00
8.480839981032186614e-01 0.000000000000000000e+00
8.637919613711677602e-01 0.000000000000000000e+00
8.794999246391166370e-01 0.000000000000000000e+00
8.952078879070655137e-01 0.000000000000000000e+00
9.109158511750146126e-01 0.000000000000000000e+00
9.266238144429634893e-01 0.000000000000000000e+00
9.423317777109125881e-01 7.340688703414153447e-06
9.580397409788614649e-01 2.202206611024246034e-05
9.737477042468103416e-01 2.202206611024246034e-05
9.894556675147594405e-01 2.202206611024246034e-05
1.005163630782708317e+00 5.138482092389907074e-05
1.020871594050657194e+00 6.606619833072737086e-05
1.036579557318606293e+00 8.074757573755568453e-05
1.052287520586555392e+00 1.101103305512123119e-04
1.067995483854504268e+00 1.614951514751113691e-04
1.083703447122453145e+00 2.275613498058387399e-04
1.099411410390402022e+00 3.009682368399802812e-04
1.115119373658351121e+00 3.743751238741218224e-04
1.130827336926300219e+00 4.624633883150917587e-04
1.146535300194249096e+00 6.459806059004455847e-04
1.162243263462197973e+00 7.634316251550720940e-04
1.177951226730146850e+00 8.955640218165268358e-04
1.193659189998095949e+00 1.123125371622365684e-03
1.209367153266045047e+00 1.328664655317961804e-03
1.225075116533993924e+00 1.424093608462345803e-03
1.240783079801942801e+00 1.504841184199901677e-03
1.256491043069891678e+00 1.570907382530628994e-03
1.272199006337840776e+00 1.607610826047699629e-03
1.287906969605789875e+00 1.607610826047699629e-03
1.303614932873738752e+00 1.497500495496487507e-03
1.319322896141687629e+00 1.336005344021375975e-03
1.335030859409636728e+00 1.269939145690648875e-03
1.350738822677585604e+00 1.196532258656507171e-03
1.366446785945534703e+00 1.079081239401880662e-03
1.382154749213483580e+00 9.396081540370117497e-04
1.397862712481432457e+00 8.294978234857994107e-04
1.413570675749381556e+00 7.267281816380012421e-04
1.429278639017330432e+00 6.753433607141021578e-04
1.444986602285279531e+00 6.019364736799606708e-04
1.460694565553228408e+00 5.505516527560615865e-04
1.476402528821177285e+00 4.771447657219200452e-04
1.492110492089126383e+00 4.698040770185058748e-04
1.507818455357075260e+00 4.624633883150917044e-04
1.523526418625024359e+00 4.404413222048492475e-04
1.539234381892973236e+00 4.257599447980209067e-04
1.554942345160922113e+00 4.404413222048493017e-04
1.570650308428871211e+00 4.551226996116775883e-04
1.586358271696820088e+00 4.918261431287483318e-04
1.602066234964769187e+00 5.505516527560614781e-04
1.617774198232718064e+00 5.505516527560614781e-04
1.633482161500666940e+00 6.680026720106879874e-04
1.649190124768616039e+00 7.707723138584861560e-04
1.664898088036564916e+00 8.441792008926277515e-04
1.680606051304514015e+00 9.616302201472541524e-04
1.696314014572462892e+00 1.057059173291638151e-03
1.712021977840411768e+00 1.145147437732607978e-03
1.727729941108360867e+00 1.233235702173577806e-03
1.743437904376309966e+00 1.328664655317961804e-03
1.759145867644258843e+00 1.512181872903315630e-03
1.774853830912207719e+00 1.893897685480851623e-03
1.790561794180156596e+00 2.070074214362791279e-03
1.806269757448105695e+00 2.326998318982287026e-03
1.821977720716054794e+00 2.635307244525680881e-03
1.837685683984003671e+00 3.061067189323702330e-03
1.853393647251952547e+00 3.464805068011480617e-03
1.869101610519901424e+00 3.963971899843642469e-03
1.884809573787850523e+00 4.331006335014351422e-03
1.900517537055799622e+00 4.903580053880654543e-03
1.916225500323748498e+00 5.593604792001585259e-03
1.931933463591697375e+00 6.290970218825929494e-03
1.947641426859646252e+00 7.252600438973183863e-03
1.963349390127595351e+00 8.515198895960418568e-03
1.979057353395544450e+00 9.667687022396440066e-03
1.994765316663493326e+00 1.079815308272222101e-02
2.010473279931442203e+00 1.242044528617674767e-02
2.026181243199391080e+00 1.407210024444493363e-02
2.041889206467340401e+00 1.576045864623018891e-02
2.057597169735289278e+00 1.758829013338031322e-02
2.073305133003238154e+00 1.912249407239387244e-02
2.089013096271187031e+00 2.054658768085621673e-02
2.104721059539135908e+00 2.220558332782781794e-02
2.120429022807084785e+00 2.350488522833212024e-02
2.136136986075034105e+00 2.476748368531935321e-02
2.151844949342982982e+00 2.532537602677882929e-02
2.167552912610931859e+00 2.542080497992321372e-02
2.183260875878880736e+00 2.550889324436418637e-02
2.198968839146830057e+00 2.541346429121980194e-02
2.214676802414778933e+00 2.496568228031154080e-02
2.230384765682727810e+00 2.401139274886769648e-02
2.246092728950676687e+00 2.255059569688827939e-02
2.261800692218625564e+00 2.159630616544443854e-02
2.277508655486574440e+00 2.070074214362791279e-02
2.293216618754523761e+00 1.955559470589531001e-02
2.308924582022472638e+00 1.830033693761148883e-02
2.324632545290421515e+00 1.721391500950619075e-02
2.340340508558370392e+00 1.634771374250332254e-02
2.356048471826319712e+00 1.555491936253459301e-02
2.371756435094268589e+00 1.498968633237170341e-02
2.387464398362217466e+00 1.427763952814052953e-02
2.403172361630166343e+00 1.374176925279129574e-02
2.418880324898115219e+00 1.336739412891717327e-02
2.434588288166064096e+00 1.294897487282256621e-02
2.450296251434013417e+00 1.268471007949965867e-02
2.466004214701962294e+00 1.250853355061771685e-02
2.481712177969911171e+00 1.206809222841286749e-02
2.497420141237860047e+00 1.189191569953092914e-02
2.513128104505809368e+00 1.173776123675923135e-02
2.528836067773758245e+00 1.166435434972508921e-02
2.544544031041707122e+00 1.170839848194557553e-02
2.560251994309655998e+00 1.175244261416606185e-02
2.575959957577604875e+00 1.170839848194557727e-02
2.591667920845554196e+00 1.218554324766749596e-02
2.607375884113503073e+00 1.241310459747333589e-02
2.623083847381451950e+00 1.249385217321089155e-02
2.638791810649400826e+00 1.270673214560990270e-02
2.654499773917350147e+00 1.289024936319525631e-02
2.670207737185299024e+00 1.300770038244988130e-02
2.685915700453247901e+00 1.316919553392499262e-02
2.701623663721196777e+00 1.294163418411915442e-02
2.717331626989145654e+00 1.278013903264404311e-02
2.733039590257094531e+00 1.271407283431331622e-02
2.748747553525043852e+00 1.241310459747333589e-02
2.764455516792992729e+00 1.170839848194557553e-02
2.780163480060941605e+00 1.108443994215537257e-02
2.795871443328890482e+00 1.021089798644908737e-02
2.811579406596839803e+00 9.425444295183773094e-03
2.827287369864788680e+00 8.383066499298964802e-03
2.842995333132737557e+00 7.259941127676598251e-03
2.858703296400686433e+00 6.224904020495202611e-03
2.874411259668635310e+00 5.380724819602574968e-03
2.890119222936584187e+00 4.499842175192876256e-03
2.905827186204533508e+00 3.949290522436814561e-03
2.921535149472482384e+00 3.317991293943197643e-03
2.937243112740431261e+00 2.752758263780308041e-03
2.952951076008380138e+00 2.268272809354973663e-03
2.968659039276329459e+00 1.886556996777437670e-03
2.984367002544278336e+00 1.541544627716972312e-03
3.000074965812227212e+00 1.203872947359921342e-03
3.015782929080176089e+00 9.396081540370118581e-04
3.031490892348124966e+00 6.826840494175163282e-04
3.047198855616073843e+00 5.578923414594756484e-04
3.062906818884023163e+00 4.404413222048492475e-04
3.078614782151972040e+00 3.303309916536369085e-04
3.094322745419920917e+00 2.789461707297378242e-04
3.110030708687869794e+00 2.128799723990105076e-04
3.125738671955818671e+00 2.055392836955963101e-04
