-1.460183660255166826e-04 0.000000000000000000e+00
1.556194490192345029e-02 0.000000000000000000e+00
3.126990816987241378e-02 0.000000000000000000e+00
4.697787143782138769e-02 0.000000000000000000e+00
6.268583470577035466e-02 0.000000000000000000e+00
7.839379797371931469e-02 0.000000000000000000e+00
9.410176124166827472e-02 0.000000000000000000e+00
1.098097245096172625e-01 0.000000000000000000e+00
1.255176877775662225e-01 0.000000000000000000e+00
1.412256510455151548e-01 0.000000000000000000e+00
1.569336143134641426e-01 0.000000000000000000e+00
1.726415775814131304e-01 0.000000000000000000e+00
1.883495408493620626e-01 0.000000000000000000e+00
2.040575041173110504e-01 0.000000000000000000e+00
2.197654673852600382e-01 0.000000000000000000e+00
2.354734306532089705e-01 0.000000000000000000e+00
2.511813939211579583e-01 0.000000000000000000e+00
2.668893571891068905e-01 0.000000000000000000e+00
2.825973204570558783e-01 0.000000000000000000e+00
2.983052837250048661e-01 0.000000000000000000e+00
3.140132469929537984e-01 0.000000000000000000e+00
3.297212102609027862e-01 0.000000000000000000e+00
3.454291735288517184e-01 0.000000000000000000e+00
3.611371367968007062e-01 0.000000000000000000e+00
3.768451000647496940e-01 0.000000000000000000e+00
3.925530633326986818e-01 0.000000000000000000e+00
4.082610266006476141e-01 0.000000000000000000e+00
4.239689898685966019e-01 0.000000000000000000e+00
4.396769531365455341e-01 0.000000000000000000e+00
4.553849164044945219e-01 0.000000000000000000e+00
4.710928796724435097e-01 0.000000000000000000e+00
4.868008429403924420e-01 0.000000000000000000e+00
5.025088062083413742e-01 0.000000000000000000e+00
5.182167694762904731e-01 0.000000000000000000e+00
5.339247327442393498e-01 0.000000000000000000e+00
5.496326960121882266e-01 0.000000000000000000e+00
5.653406592801373254e-01 0.000000000000000000e+00
5.810486225480862021e-01 0.000000000000000000e+00
5.967565858160353010e-01 0.000000000000000000e+00
6.124645490839841777e-01 0.000000000000000000e+00
6.281725123519330545e-01 0.000000000000000000e+00
6.438804756198821533e-01 0.000000000000000000e+00
6.595884388878310300e-01 0.000000000000000000e+00
6.752964021557801289e-01 0.000000000000000000e+00
6.910043654237290056e-01 0.000000000000000000e+00
7.067123286916779934e-01 0.000000000000000000e+00
7.224202919596269812e-01 0.000000000000000000e+00
7.381282552275758579e-01 0.000000000000000000e+00
7.538362184955249568e-01 0.000000000000000000e+00
7.695441817634738335e-01 0.000000000000000000e+00
7.852521450314228213e-01 0.000000000000000000e+00
8.009601082993718091e-01 0.000000000000000000e+00
8.166680715673206858e-01 0.000000000000000000e+00
8.323760348352697847e-01 7.340688703414153447e-06
8.480839981032186614e-01 7.340688703414153447e-06
8.637919613711677602e-01 7.340688703414153447e-06
8.794999246391166370e-01 7.340688703414153447e-06
8.952078879070655137e-01 7.340688703414153447e-06
9.109158511750146126e-01 7.340688703414153447e-06
9.266238144429634893e-01 7.340688703414155141e-06
9.423317777109125881e-01 0.000000000000000000e+00
9.580397409788614649e-01 7.340688703414153447e-06
9.737477042468103416e-01 7.340688703414153447e-06
9.894556675147594405e-01 2.202206611024246034e-05
1.005163630782708317e+00 5.138482092389907074e-05
1.020871594050657194e+00 5.872550962731322758e-05
1.036579557318606293e+00 1.174510192546264552e-04
1.052287520586555392e+00 1.761765288819396827e-04
1.067995483854504268e+00 2.495834159160812511e-04
1.083703447122453145e+00 3.229903029502227923e-04
1.099411410390402022e+00 4.037378786877784498e-04
1.115119373658351121e+00 4.991668318321625022e-04
1.130827336926300219e+00 6.753433607141021578e-04
1.146535300194249096e+00 7.634316251550719856e-04
1.162243263462197973e+00 8.955640218165267273e-04
1.177951226730146850e+00 9.909929749609108340e-04
1.193659189998095949e+00 1.225895013470163853e-03
1.209367153266045047e+00 1.277279834394063045e-03
1.225075116533993924e+00 1.365368098835032873e-03
1.240783079801942801e+00 1.424093608462346019e-03
1.256491043069891678e+00 1.504841184199901460e-03
1.272199006337840776e+00 1.578248071234042947e-03
1.287906969605789875e+00 1.644314269564770264e-03
1.303614932873738752e+00 1.578248071234042947e-03
1.319322896141687629e+00 1.629632892157942140e-03
1.335030859409636728e+00 1.570907382530628994e-03
1.350738822677585604e+00 1.475478429386244995e-03
1.366446785945534703e+00 1.380049476241861214e-03
1.382154749213483580e+00 1.181850881249678830e-03
1.397862712481432457e+00 1.013015041071153345e-03
1.413570675749381556e+00 8.441792008926276430e-04
1.429278639017330432e+00 7.267281816380011337e-04
1.444986602285279531e+00 6.166178510867889031e-04
1.460694565553228408e+00 5.432109640526474161e-04
1.476402528821177285e+00 4.551226996116775341e-04
1.492110492089126383e+00 4.477820109082634179e-04
1.507818455357075260e+00 4.404413222048491933e-04
1.523526418625024359e+00 4.257599447980209067e-04
1.539234381892973236e+00 4.037378786877785040e-04
1.554942345160922113e+00 4.257599447980209609e-04
1.570650308428871211e+00 4.257599447980209067e-04
1.586358271696820088e+00 4.624633883150917044e-04
1.602066234964769187e+00 4.477820109082634179e-04
1.617774198232718064e+00 4.257599447980209609e-04
1.633482161500666940e+00 4.404413222048492475e-04
1.649190124768616039e+00 4.844854544253341614e-04
1.664898088036564916e+00 5.358702753492331373e-04
1.680606051304514015e+00 6.680026720106879874e-04
1.696314014572462892e+00 7.267281816380012421e-04
1.712021977840411768e+00 8.441792008926276430e-04
1.727729941108360867e+00 1.035037107181395639e-03
1.743437904376309966e+00 1.174510192546264660e-03
1.759145867644258843e+00 1.328664655317961804e-03
1.774853830912207719e+00 1.541544627716972312e-03
1.790561794180156596e+00 1.703039779192083627e-03
1.806269757448105695e+00 2.011348704735478349e-03
1.821977720716054794e+00 2.341679696389115366e-03
1.837685683984003671e+00 2.760098952483721994e-03
1.853393647251952547e+00 3.362035426163682231e-03
1.869101610519901424e+00 3.883224324106087245e-03
1.884809573787850523e+00 4.529204930006532938e-03
1.900517537055799622e+00 5.153163469796736770e-03
1.916225500323748498e+00 5.901913717544979981e-03
1.931933463591697375e+00 6.650663965293224060e-03
1.947641426859646252e+00 7.656338317660963018e-03
1.963349390127595351e+00 8.838189198910641198e-03
1.979057353395544450e+00 1.007142490108421835e-02
1.994765316663493326e+00 1.126795715974072618e-02
2.010473279931442203e+00 1.291227142930549514e-02
2.026181243199391080e+00 1.472542153904879240e-02
2.041889206467340401e+00 1.658995646971598778e-02
2.057597169735289278e+00 1.812416040872954701e-02
2.073305133003238154e+00 1.959963883811579113e-02
2.089013096271187031e+00 2.111182071101910807e-02
2.104721059539135908e+00 2.255793638559169811e-02
2.120429022807084785e+00 2.382053484257893455e-02
2.136136986075034105e+00 2.465003266606472648e-02
2.151844949342982982e+00 2.503908916734567600e-02
2.167552912610931859e+00 2.558230013139832504e-02
2.183260875878880736e+00 2.575847666028026339e-02
2.198968839146830057e+00 2.560432219750856733e-02
2.214676802414778933e+00 2.513451812049006390e-02
2.230384765682727810e+00 2.420959134385988060e-02
2.246092728950676687e+00 2.335073076556042418e-02
2.261800692218625564e+00 2.230101228097219890e-02
2.277508655486574440e+00 2.096500693695082379e-02
2.293216618754523761e+00 1.975379330088749066e-02
2.308924582022472638e+00 1.854257966482415754e-02
2.324632545290421515e+00 1.736806947227789027e-02
2.340340508558370392e+00 1.636973580861356137e-02
2.356048471826319712e+00 1.551821591901752020e-02
2.371756435094268589e+00 1.487223531311707495e-02
2.387464398362217466e+00 1.424827677332687198e-02
2.403172361630166343e+00 1.333803137410351572e-02
2.418880324898115219e+00 1.275077627783038556e-02
2.434588288166064096e+00 1.238374184265967834e-02
2.450296251434013417e+00 1.222224669118456702e-02
2.466004214701962294e+00 1.167903572713191972e-02
2.481712177969911171e+00 1.143679299991925274e-02
2.497420141237860047e+00 1.137072680158852586e-02
2.513128104505809368e+00 1.156892539658070825e-02
2.528836067773758245e+00 1.164967297231826217e-02
2.544544031041707122e+00 1.192127845434458669e-02
2.560251994309655998e+00 1.175978330286947364e-02
2.575959957577604875e+00 1.190659707693775791e-02
2.591667920845554196e+00 1.222224669118456702e-02
2.607375884113503073e+00 1.238374184265967660e-02
2.623083847381451950e+00 1.254523699413478792e-02
2.638791810649400826e+00 1.252321492802454563e-02
2.654499773917350147e+00 1.255257768283820317e-02
2.670207737185299024e+00 1.263332525857575883e-02
2.685915700453247901e+00 1.254523699413478965e-02
2.701623663721196777e+00 1.263332525857576057e-02
2.717331626989145654e+00 1.266268801338941812e-02
2.733039590257094531e+00 1.243512666358357992e-02
2.748747553525043852e+00 1.232501633303236671e-02
2.764455516792992729e+00 1.167169503842850620e-02
2.780163480060941605e+00 1.109912131956220308e-02
2.795871443328890482e+00 1.049718484588224067e-02
2.811579406596839803e+00 9.278630521115490554e-03
2.827287369864788680e+00 8.060076196348742172e-03
2.842995333132737557e+00 6.914928758616134194e-03
2.858703296400686433e+00 5.990001981985950026e-03
2.874411259668635310e+00 5.116460026279665702e-03
2.890119222936584187e+00 4.338347023717764941e-03
2.905827186204533508e+00 3.516189888935379593e-03
2.921535149472482384e+00 3.009682368399803354e-03
2.937243112740431261e+00 2.495834159160812728e-03
2.952951076008380138e+00 2.172843856210590098e-03
2.968659039276329459e+00 1.725061845302326355e-03
2.984367002544278336e+00 1.424093608462346019e-03
3.000074965812227212e+00 1.130466060325779854e-03
3.015782929080176089e+00 9.763115975540824932e-04
3.031490892348124966e+00 8.221571347823852403e-04
3.047198855616073843e+00 6.973654268243446690e-04
3.062906818884023163e+00 5.358702753492332457e-04
3.078614782151972040e+00 3.963971899843643878e-04
3.094322745419920917e+00 3.450123690604653035e-04
3.110030708687869794e+00 3.009682368399802812e-04
3.125738671955818671e+00 3.156496142468086219e-04
