-1.460183660255166826e-04 0.000000000000000000e+00
1.556194490192345029e-02 0.000000000000000000e+00
3.126990816987241378e-02 0.000000000000000000e+00
4.697787143782138769e-02 0.000000000000000000e+00
6.268583470577035466e-02 0.000000000000000000e+00
7.839379797371931469e-02 0.000000000000000000e+00
9.410176124166827472e-02 0.000000000000000000e+00
1.098097245096172625e-01 0.000000000000000000e+00
1.255176877775662225e-01 0.000000000000000000e+00
1.412256510455151548e-01 0.000000000000000000e+00
1.569336143134641426e-01 0.000000000000000000e+00
1.726415775814131304e-01 0.000000000000000000e+00
1.883495408493620626e-01 0.000000000000000000e+00
2.040575041173110504e-01 0.000000000000000000e+00
2.197654673852600382e-01 0.000000000000000000e+00
2.354734306532089705e-01 0.000000000000000000e+00
2.511813939211579583e-01 0.000000000000000000e+00
2.668893571891068905e-01 0.000000000000000000e+00
2.825973204570558783e-01 0.000000000000000000e+00
2.983052837250048661e-01 0.000000000000000000e+00
3.140132469929537984e-01 0.000000000000000000e+00
3.297212102609027862e-01 0.000000000000000000e+00
3.454291735288517184e-01 0.000000000000000000e+00
3.611371367968007062e-01 0.000000000000000000e+00
3.768451000647496940e-01 0.000000000000000000e+00
3.925530633326986818e-01 0.000000000000000000e+00
4.082610266006476141e-01 0.000000000000000000e+00
4.239689898685966019e-01 0.000000000000000000e+00
4.396769531365455341e-01 0.000000000000000000e+00
4.553849164044945219e-01 0.000000000000000000e+00
4.710928796724435097e-01 0.000000000000000000e+00
4.868008429403924420e-01 0.000000000000000000e+00
5.025088062083413742e-01 0.000000000000000000e+00
5.182167694762904731e-01 0.000000000000000000e+00
5.339247327442393498e-01 0.000000000000000000e+00
5.496326960121882266e-01 0.000000000000000000e+00
5.653406592801373254e-01 0.000000000000000000e+00
5.810486225480862021e-01 0.000000000000000000e+00
5.967565858160353010e-01 0.000000000000000000e+00
6.124645490839841777e-01 0.000000000000000000e+00
6.281725123519330545e-01 0.000000000000000000e+00
6.438804756198821533e-01 0.000000000000000000e+00
6.595884388878310300e-01 0.000000000000000000e+00
6.752964021557801289e-01 0.000000000000000000e+00
6.910043654237290056e-01 0.000000000000000000e+00
7.067123286916779934e-01 0.000000000000000000e+00
7.224202919596269812e-01 0.000000000000000000e+00
7.381282552275758579e-01 0.000000000000000000e+00
7.538362184955249568e-01 0.000000000000000000e+00
7.695441817634738335e-01 0.000000000000000000e+00
7.852521450314228213e-01 0.000000000000000000e+00
8.009601082993718091e-01 0.000000000000000000e+00
8.166680715673206858e-01 0.000000000000000000e+00
8.323760348352697847e-01 0.000000000000000000e+00
8.480839981032186614e-01 0.000000000000000000e+00
8.637919613711677602e-01 0.000000000000000000e+00
8.794999246391166370e-01 0.000000000000000000e+00
8.952078879070655137e-01 0.000000000000000000e+00
9.109158511750146126e-01 0.000000000000000000e+00
9.266238144429634893e-01 0.000000000000000000e+00
9.423317777109125881e-01 0.000000000000000000e+00
9.580397409788614649e-01 0.000000000000000000e+00
9.737477042468103416e-01 7.340688703414153447e-06
9.894556675147594405e-01 7.340688703414153447e-06
1.005163630782708317e+00 2.202206611024246034e-05
1.020871594050657194e+00 2.936275481365661379e-05
1.036579557318606293e+00 5.138482092389907752e-05
1.052287520586555392e+00 8.074757573755568453e-05
1.067995483854504268e+00 1.101103305512123119e-04
1.083703447122453145e+00 1.835172175853538531e-04
1.099411410390402022e+00 2.716054820263237080e-04
1.115119373658351121e+00 3.156496142468086762e-04
1.130827336926300219e+00 4.110785673911926744e-04
1.146535300194249096e+00 5.578923414594756484e-04
1.162243263462197973e+00 6.900247381209306070e-04
1.177951226730146850e+00 7.560909364516579237e-04
1.193659189998095949e+00 8.662012670028701542e-04
1.209367153266045047e+00 1.035037107181395639e-03
1.225075116533993924e+00 1.174510192546264660e-03
1.240783079801942801e+00 1.277279834394062829e-03
1.256491043069891678e+00 1.313983277911133681e-03
1.272199006337840776e+00 1.438774985869174143e-03
1.287906969605789875e+00 1.512181872903315630e-03
1.303614932873738752e+00 1.534203939013558142e-03
1.319322896141687629e+00 1.431434297165759973e-03
1.335030859409636728e+00 1.343346032724790145e-03
1.350738822677585604e+00 1.240576390876991977e-03
1.366446785945534703e+00 1.130466060325779638e-03
1.382154749213483580e+00 9.322674653335975793e-04
1.397862712481432457e+00 8.368385121892134727e-04
1.413570675749381556e+00 7.340688703414153041e-04
1.429278639017330432e+00 6.239585397902030735e-04
1.444986602285279531e+00 5.872550962731323300e-04
1.460694565553228408e+00 5.432109640526474161e-04
1.476402528821177285e+00 5.138482092389908430e-04
1.492110492089126383e+00 4.844854544253341614e-04
1.507818455357075260e+00 4.698040770185058206e-04
1.523526418625024359e+00 4.110785673911926744e-04
1.539234381892973236e+00 4.184192560946068448e-04
1.554942345160922113e+00 4.184192560946067905e-04
1.570650308428871211e+00 4.184192560946067363e-04
1.586358271696820088e+00 3.743751238741218766e-04
1.602066234964769187e+00 3.963971899843643336e-04
1.617774198232718064e+00 3.890565012809502174e-04
1.633482161500666940e+00 3.890565012809501632e-04
1.649190124768616039e+00 4.110785673911926744e-04
1.664898088036564916e+00 4.844854544253342156e-04
1.680606051304514015e+00 6.019364736799606708e-04
1.696314014572462892e+00 7.193874929345870717e-04
1.712021977840411768e+00 8.368385121892135811e-04
1.727729941108360867e+00 1.020355729774567299e-03
1.743437904376309966e+00 1.269939145690648658e-03
1.759145867644258843e+00 1.438774985869174360e-03
1.774853830912207719e+00 1.600270137344285458e-03
1.790561794180156596e+00 1.791128043633053455e-03
1.806269757448105695e+00 2.004008016032063962e-03
1.821977720716054794e+00 2.385723828609600389e-03
1.837685683984003671e+00 2.906912726552005402e-03
1.853393647251952547e+00 3.391398180977339347e-03
1.869101610519901424e+00 3.912587078919744360e-03
1.884809573787850523e+00 4.507182863896290644e-03
1.900517537055799622e+00 5.035712450542109177e-03
1.916225500323748498e+00 5.923935783655223143e-03
1.931933463591697375e+00 6.533212946038598201e-03
1.947641426859646252e+00 7.252600438973184731e-03
1.963349390127595351e+00 8.353703744485307253e-03
1.979057353395544450e+00 9.476829116107674672e-03
1.994765316663493326e+00 1.073208688439149239e-02
2.010473279931442203e+00 1.231767564432895146e-02
2.026181243199391080e+00 1.358027410131618790e-02
2.041889206467340401e+00 1.531267663532192604e-02
2.057597169735289278e+00 1.717721156598912141e-02
2.073305133003238154e+00 1.866003068407877732e-02
2.089013096271187031e+00 2.034104839716062083e-02
2.104721059539135908e+00 2.185323027006393429e-02
2.120429022807084785e+00 2.317455423667848236e-02
2.136136986075034105e+00 2.429767960830084977e-02
2.151844949342982982e+00 2.500972641253202192e-02
2.167552912610931859e+00 2.548687117825394408e-02
2.183260875878880736e+00 2.561166288621198259e-02
2.198968839146830057e+00 2.522260638493103654e-02
2.214676802414778933e+00 2.503174847864226768e-02
2.230384765682727810e+00 2.412150307941891142e-02
2.246092728950676687e+00 2.349020385092528973e-02
2.261800692218625564e+00 2.244048536633706792e-02
2.277508655486574440e+00 2.098702900306106608e-02
2.293216618754523761e+00 1.968038641385334853e-02
2.308924582022472638e+00 1.840310657945928852e-02
2.324632545290421515e+00 1.696433159359011025e-02
2.340340508558370392e+00 1.620824065713845352e-02
2.356048471826319712e+00 1.509979666292291661e-02
2.371756435094268589e+00 1.434370572647125641e-02
2.387464398362217466e+00 1.377847269630836854e-02
2.403172361630166343e+00 1.351420790298545754e-02
2.418880324898115219e+00 1.316185484522157736e-02
2.434588288166064096e+00 1.301504107115329482e-02
2.450296251434013417e+00 1.247917079580406104e-02
2.466004214701962294e+00 1.216352118155725193e-02
2.481712177969911171e+00 1.228831288951529391e-02
2.497420141237860047e+00 1.221490600248115177e-02
2.513128104505809368e+00 1.213415842674359611e-02
2.528836067773758245e+00 1.220022462507432473e-02
2.544544031041707122e+00 1.231033495562553620e-02
2.560251994309655998e+00 1.258928112635527424e-02
2.575959957577604875e+00 1.285354591967818351e-02
2.591667920845554196e+00 1.275811696653379734e-02
2.607375884113503073e+00 1.291961211800891039e-02
2.623083847381451950e+00 1.309578864689085048e-02
2.638791810649400826e+00 1.332334999669669041e-02
2.654499773917350147e+00 1.305174451467036589e-02
2.670207737185299024e+00 1.319121760003523491e-02
2.685915700453247901e+00 1.299301900504305080e-02
2.701623663721196777e+00 1.280950178745769545e-02
2.717331626989145654e+00 1.276545765523721433e-02
2.733039590257094531e+00 1.250119286191430507e-02
2.748747553525043852e+00 1.205341085100604046e-02
2.764455516792992729e+00 1.185521225601385634e-02
2.780163480060941605e+00 1.118720958400317052e-02
2.795871443328890482e+00 1.048250346847541016e-02
2.811579406596839803e+00 9.807160107761310822e-03
2.827287369864788680e+00 8.985002972978925473e-03
2.842995333132737557e+00 7.883899667466802083e-03
2.858703296400686433e+00 6.995676334353688117e-03
2.874411259668635310e+00 5.916595094951807889e-03
2.890119222936584187e+00 4.903580053880655411e-03
2.905827186204533508e+00 4.169511183539240107e-03
2.921535149472482384e+00 3.450123690604652710e-03
2.937243112740431261e+00 2.649988621932509655e-03
2.952951076008380138e+00 2.180184544914004052e-03
2.968659039276329459e+00 1.769105977522811160e-03
2.984367002544278336e+00 1.460797051979416655e-03
3.000074965812227212e+00 1.181850881249678614e-03
3.015782929080176089e+00 1.042377795884809810e-03
3.031490892348124966e+00 8.001350686721428376e-04
3.047198855616073843e+00 6.092771623833747327e-04
3.062906818884023163e+00 4.404413222048492475e-04
3.078614782151972040e+00 3.596937464672935359e-04
3.094322745419920917e+00 2.275613498058388212e-04
3.110030708687869794e+00 1.981985949921821668e-04
3.125738671955818671e+00 1.761765288819397369e-04
