-1.460183660255166826e-04 0.000000000000000000e+00
1.556194490192345029e-02 0.000000000000000000e+00
3.126990816987241378e-02 0.000000000000000000e+00
4.697787143782138769e-02 0.000000000000000000e+00
6.268583470577035466e-02 0.000000000000000000e+00
7.839379797371931469e-02 0.000000000000000000e+00
9.410176124166827472e-02 0.000000000000000000e+00
1.098097245096172625e-01 0.000000000000000000e+00
1.255176877775662225e-01 0.000000000000000000e+00
1.412256510455151548e-01 0.000000000000000000e+00
1.569336143134641426e-01 0.000000000000000000e+00
1.726415775814131304e-01 0.000000000000000000e+00
1.883495408493620626e-01 0.000000000000000000e+00
2.040575041173110504e-01 0.000000000000000000e+00
2.197654673852600382e-01 0.000000000000000000e+00
2.354734306532089705e-01 0.000000000000000000e+00
2.511813939211579583e-01 0.000000000000000000e+00
2.668893571891068905e-01 0.000000000000000000e+00
2.825973204570558783e-01 0.000000000000000000e+00
2.983052837250048661e-01 0.000000000000000000e+00
3.140132469929537984e-01 0.000000000000000000e+00
3.297212102609027862e-01 0.000000000000000000e+00
3.454291735288517184e-01 0.000000000000000000e+00
3.611371367968007062e-01 0.000000000000000000e+00
3.768451000647496940e-01 0.000000000000000000e+00
3.925530633326986818e-01 0.000000000000000000e+00
4.082610266006476141e-01 0.000000000000000000e+00
4.239689898685966019e-01 0.000000000000000000e+00
4.396769531365455341e-01 0.000000000000000000e+00
4.553849164044945219e-01 0.000000000000000000e+00
4.710928796724435097e-01 0.000000000000000000e+00
4.868008429403924420e-01 0.000000000000000000e+00
5.025088062083413742e-01 0.000000000000000000e+00
5.182167694762904731e-01 0.000000000000000000e+00
5.339247327442393498e-01 0.000000000000000000e+00
5.496326960121882266e-01 0.000000000000000000e+00
5.653406592801373254e-01 0.000000000000000000e+00
5.810486225480862021e-01 0.000000000000000000e+00
5.967565858160353010e-01 0.000000000000000000e+00
6.124645490839841777e-01 0.000000000000000000e+00
6.281725123519330545e-01 0.000000000000000000e+00
6.438804756198821533e-01 0.000000000000000000e+00
6.595884388878310300e-01 0.000000000000000000e+00
6.752964021557801289e-01 0.000000000000000000e+00
6.910043654237290056e-01 0.000000000000000000e+00
7.067123286916779934e-01 0.000000000000000000e+00
7.224202919596269812e-01 0.000000000000000000e+00
7.381282552275758579e-01 0.000000000000000000e+00
7.538362184955249568e-01 0.000000000000000000e+00
7.695441817634738335e-01 0.000000000000000000e+00
7.852521450314228213e-01 0.000000000000000000e+00
8.009601082993718091e-01 0.000000000000000000e+00
8.166680715673206858e-01 0.000000000000000000e+00
8.323760348352697847e-01 0.000000000000000000e+00
8.480839981032186614e-01 0.000000000000000000e+00
8.637919613711677602e-01 0.000000000000000000e+00
8.794999246391166370e-01 0.000000000000000000e+00
8.952078879070655137e-01 0.000000000000000000e+00
9.109158511750146126e-01 0.000000000000000000e+00
9.266238144429634893e-01 0.000000000000000000e+00
9.423317777109125881e-01 0.000000000000000000e+00
9.580397409788614649e-01 7.340688703414153447e-06
9.737477042468103416e-01 7.340688703414153447e-06
9.894556675147594405e-01 1.468137740682830689e-05
1.005163630782708317e+00 1.468137740682830689e-05
1.020871594050657194e+00 3.670344351707077062e-05
1.036579557318606293e+00 5.138482092389907752e-05
1.052287520586555392e+00 5.872550962731322758e-05
1.067995483854504268e+00 8.808826444096985492e-05
1.083703447122453145e+00 1.321323966614547959e-04
1.099411410390402022e+00 1.908579062887679964e-04
1.115119373658351121e+00 2.642647933229095377e-04
1.130827336926300219e+00 3.229903029502227923e-04
1.146535300194249096e+00 4.110785673911926744e-04
1.162243263462197973e+00 5.065075205355766726e-04
1.177951226730146850e+00 5.211888979424049049e-04
1.193659189998095949e+00 5.945957849765465004e-04
1.209367153266045047e+00 6.973654268243446690e-04
1.225075116533993924e+00 7.854536912653144968e-04
1.240783079801942801e+00 8.148164460789710699e-04
1.256491043069891678e+00 8.588605782994560922e-04
1.272199006337840776e+00 8.808826444096984950e-04
1.287906969605789875e+00 9.175860879267692385e-04
1.303614932873738752e+00 9.322674653335974709e-04
1.319322896141687629e+00 9.029047105199408977e-04
1.335030859409636728e+00 8.662012670028700458e-04
1.350738822677585604e+00 8.808826444096983866e-04
1.366446785945534703e+00 8.294978234857993023e-04
1.382154749213483580e+00 7.854536912653143884e-04
1.397862712481432457e+00 7.634316251550719856e-04
1.413570675749381556e+00 6.900247381209304986e-04
1.429278639017330432e+00 6.019364736799606708e-04
1.444986602285279531e+00 4.991668318321625022e-04
1.460694565553228408e+00 4.110785673911926744e-04
1.476402528821177285e+00 3.670344351707076520e-04
1.492110492089126383e+00 3.229903029502227381e-04
1.507818455357075260e+00 3.083089255433945058e-04
1.523526418625024359e+00 2.716054820263236538e-04
1.539234381892973236e+00 2.569241046194954215e-04
1.554942345160922113e+00 2.716054820263237080e-04
1.570650308428871211e+00 2.716054820263236538e-04
1.586358271696820088e+00 2.422427272126670807e-04
1.602066234964769187e+00 2.862868594331519946e-04
1.617774198232718064e+00 3.303309916536369627e-04
1.633482161500666940e+00 3.817158125775359928e-04
1.649190124768616039e+00 4.624633883150917044e-04
1.664898088036564916e+00 4.844854544253341614e-04
1.680606051304514015e+00 5.285295866458190753e-04
1.696314014572462892e+00 6.826840494175163282e-04
1.712021977840411768e+00 7.707723138584861560e-04
1.727729941108360867e+00 9.322674653335974709e-04
1.743437904376309966e+00 1.152488126436022149e-03
1.759145867644258843e+00 1.321323966614547634e-03
1.774853830912207719e+00 1.526863250310143971e-03
1.790561794180156596e+00 1.725061845302326138e-03
1.806269757448105695e+00 2.040711459549134597e-03
1.821977720716054794e+00 2.341679696389114933e-03
1.837685683984003671e+00 2.752758263780307607e-03
1.853393647251952547e+00 3.031704434510045648e-03
1.869101610519901424e+00 3.420760935790995161e-03
1.884809573787850523e+00 3.905246390216329539e-03
1.900517537055799622e+00 4.668678015371401958e-03
1.916225500323748498e+00 5.388065508305988488e-03
1.931933463591697375e+00 6.364377105860071632e-03
1.947641426859646252e+00 7.326007326007326001e-03
1.963349390127595351e+00 8.478495452443347499e-03
1.979057353395544450e+00 9.733753220727168684e-03
1.994765316663493326e+00 1.098167030030757461e-02
2.010473279931442203e+00 1.216352118155725366e-02
2.026181243199391080e+00 1.385187958334250721e-02
2.041889206467340401e+00 1.558428211734824882e-02
2.057597169735289278e+00 1.721391500950619075e-02
2.073305133003238154e+00 1.907844994017338439e-02
2.089013096271187031e+00 2.028232288753330226e-02
2.104721059539135908e+00 2.208813230857319121e-02
2.120429022807084785e+00 2.373978726684137369e-02
2.136136986075034105e+00 2.486291263846374111e-02
2.151844949342982982e+00 2.556027806528807927e-02
2.167552912610931859e+00 2.603742283101000143e-02
2.183260875878880736e+00 2.643382002099436967e-02
2.198968839146830057e+00 2.633839106784998871e-02
2.214676802414778933e+00 2.578049872639051263e-02
2.230384765682727810e+00 2.492163814809105621e-02
2.246092728950676687e+00 2.382053484257893108e-02
2.261800692218625564e+00 2.230835296967561762e-02
2.277508655486574440e+00 2.103107313528155067e-02
2.293216618754523761e+00 1.941612162053043406e-02
2.308924582022472638e+00 1.847651346649342372e-02
2.324632545290421515e+00 1.754424600115982863e-02
2.340340508558370392e+00 1.652389027138526090e-02
2.356048471826319712e+00 1.567971107049263152e-02
2.371756435094268589e+00 1.508511528551608784e-02
2.387464398362217466e+00 1.462265189720099445e-02
2.403172361630166343e+00 1.423359539592004321e-02
2.418880324898115219e+00 1.366836236575715534e-02
2.434588288166064096e+00 1.324260242095913302e-02
2.450296251434013417e+00 1.287556798578842580e-02
2.466004214701962294e+00 1.236171977654943605e-02
2.481712177969911171e+00 1.229565357821870916e-02
2.497420141237860047e+00 1.196532258656507128e-02
2.513128104505809368e+00 1.192127845434458669e-02
2.528836067773758245e+00 1.193595983175141373e-02
2.544544031041707122e+00 1.200202603008214235e-02
2.560251994309655998e+00 1.232501633303236498e-02
2.575959957577604875e+00 1.247183010710064752e-02
2.591667920845554196e+00 1.272875421172014326e-02
2.607375884113503073e+00 1.306642589207719467e-02
2.623083847381451950e+00 1.331600930799327689e-02
2.638791810649400826e+00 1.366102167705374182e-02
2.654499773917350147e+00 1.373442856408788222e-02
2.670207737185299024e+00 1.358027410131618443e-02
2.685915700453247901e+00 1.370506580927422467e-02
2.701623663721196777e+00 1.355825203520594213e-02
2.717331626989145654e+00 1.305908520337377941e-02
2.733039590257094531e+00 1.264066594727917409e-02
2.748747553525043852e+00 1.200936671878555587e-02
2.764455516792992729e+00 1.152488126436022192e-02
2.780163480060941605e+00 1.084219721494270733e-02
2.795871443328890482e+00 9.975995947939835656e-03
2.811579406596839803e+00 9.161179501860865562e-03
2.827287369864788680e+00 8.302318923561409145e-03
2.842995333132737557e+00 7.186534240642455246e-03
2.858703296400686433e+00 6.613960521776152991e-03
2.874411259668635310e+00 5.556901348484515057e-03
2.890119222936584187e+00 4.881557987770412249e-03
2.905827186204533508e+00 4.220896004463139083e-03
2.921535149472482384e+00 3.508849200231965205e-03
2.937243112740431261e+00 3.024363745806631261e-03
2.952951076008380138e+00 2.561900357491539611e-03
2.968659039276329459e+00 1.937941817701336646e-03
2.984367002544278336e+00 1.585588759937457118e-03
3.000074965812227212e+00 1.233235702173578023e-03
3.015782929080176089e+00 9.616302201472541524e-04
3.031490892348124966e+00 6.973654268243446690e-04
3.047198855616073843e+00 5.505516527560615865e-04
3.062906818884023163e+00 3.890565012809501090e-04
3.078614782151972040e+00 3.303309916536369627e-04
3.094322745419920917e+00 2.275613498058387399e-04
3.110030708687869794e+00 1.541544627716972258e-04
3.125738671955818671e+00 1.394730853648689121e-04
