-1.460183660255166826e-04 0.000000000000000000e+00
1.556194490192345029e-02 0.000000000000000000e+00
3.126990816987241378e-02 0.000000000000000000e+00
4.697787143782138769e-02 0.000000000000000000e+00
6.268583470577035466e-02 0.000000000000000000e+00
7.839379797371931469e-02 0.000000000000000000e+00
9.410176124166827472e-02 0.000000000000000000e+00
1.098097245096172625e-01 0.000000000000000000e+00
1.255176877775662225e-01 0.000000000000000000e+00
1.412256510455151548e-01 0.000000000000000000e+00
1.569336143134641426e-01 0.000000000000000000e+00
1.726415775814131304e-01 0.000000000000000000e+00
1.883495408493620626e-01 0.000000000000000000e+00
2.040575041173110504e-01 0.000000000000000000e+00
2.197654673852600382e-01 0.000000000000000000e+00
2.354734306532089705e-01 0.000000000000000000e+00
2.511813939211579583e-01 0.000000000000000000e+00
2.668893571891068905e-01 0.000000000000000000e+00
2.825973204570558783e-01 0.000000000000000000e+00
2.983052837250048661e-01 0.000000000000000000e+00
3.140132469929537984e-01 0.000000000000000000e+00
3.297212102609027862e-01 0.000000000000000000e+00
3.454291735288517184e-01 0.000000000000000000e+00
3.611371367968007062e-01 0.000000000000000000e+00
3.768451000647496940e-01 0.000000000000000000e+00
3.925530633326986818e-01 0.000000000000000000e+00
4.082610266006476141e-01 0.000000000000000000e+00
4.239689898685966019e-01 0.000000000000000000e+00
4.396769531365455341e-01 0.000000000000000000e+00
4.553849164044945219e-01 0.000000000000000000e+00
4.710928796724435097e-01 0.000000000000000000e+00
4.868008429403924420e-01 0.000000000000000000e+00
5.025088062083413742e-01 0.000000000000000000e+00
5.182167694762904731e-01 0.000000000000000000e+00
5.339247327442393498e-01 0.000000000000000000e+00
5.496326960121882266e-01 0.000000000000000000e+00
5.653406592801373254e-01 0.000000000000000000e+00
5.810486225480862021e-01 0.000000000000000000e+00
5.967565858160353010e-01 0.000000000000000000e+00
6.124645490839841777e-01 0.000000000000000000e+00
6.281725123519330545e-01 0.000000000000000000e+00
6.438804756198821533e-01 0.000000000000000000e+00
6.595884388878310300e-01 0.000000000000000000e+00
6.752964021557801289e-01 0.000000000000000000e+00
6.910043654237290056e-01 0.000000000000000000e+00
7.067123286916779934e-01 0.000000000000000000e+00
7.224202919596269812e-01 0.000000000000000000e+00
7.381282552275758579e-01 0.000000000000000000e+00
7.538362184955249568e-01 0.000000000000000000e+00
7.695441817634738335e-01 0.000000000000000000e+00
7.852521450314228213e-01 0.000000000000000000e+00
8.009601082993718091e-01 0.000000000000000000e+00
8.166680715673206858e-01 0.000000000000000000e+00
8.323760348352697847e-01 0.000000000000000000e+00
8.480839981032186614e-01 0.000000000000000000e+00
8.637919613711677602e-01 0.000000000000000000e+00
8.794999246391166370e-01 0.000000000000000000e+00
8.952078879070655137e-01 0.000000000000000000e+00
9.109158511750146126e-01 0.000000000000000000e+00
9.266238144429634893e-01 0.000000000000000000e+00
9.423317777109125881e-01 0.000000000000000000e+00
9.580397409788614649e-01 0.000000000000000000e+00
9.737477042468103416e-01 0.000000000000000000e+00
9.894556675147594405e-01 0.000000000000000000e+00
1.005163630782708317e+00 0.000000000000000000e+00
1.020871594050657194e+00 0.000000000000000000e+00
1.036579557318606293e+00 1.506772944385010507e-05
1.052287520586555392e+00 1.506772944385010507e-05
1.067995483854504268e+00 1.506772944385010507e-05
1.083703447122453145e+00 1.506772944385010507e-05
1.099411410390402022e+00 1.506772944385010507e-05
1.115119373658351121e+00 1.506772944385010507e-05
1.130827336926300219e+00 1.506772944385010846e-05
1.146535300194249096e+00 0.000000000000000000e+00
1.162243263462197973e+00 0.000000000000000000e+00
1.177951226730146850e+00 1.506772944385010507e-05
1.193659189998095949e+00 1.506772944385010507e-05
1.209367153266045047e+00 1.506772944385010507e-05
1.225075116533993924e+00 1.506772944385010507e-05
1.240783079801942801e+00 1.506772944385010507e-05
1.256491043069891678e+00 1.506772944385010507e-05
1.272199006337840776e+00 1.506772944385010846e-05
1.287906969605789875e+00 0.000000000000000000e+00
1.303614932873738752e+00 1.506772944385010507e-05
1.319322896141687629e+00 1.506772944385010507e-05
1.335030859409636728e+00 1.506772944385010507e-05
1.350738822677585604e+00 1.506772944385010507e-05
1.366446785945534703e+00 1.506772944385010507e-05
1.382154749213483580e+00 1.506772944385010507e-05
1.397862712481432457e+00 1.506772944385010846e-05
1.413570675749381556e+00 0.000000000000000000e+00
1.429278639017330432e+00 1.506772944385010507e-05
1.444986602285279531e+00 1.506772944385010507e-05
1.460694565553228408e+00 1.506772944385010507e-05
1.476402528821177285e+00 1.506772944385010507e-05
1.492110492089126383e+00 3.013545888770021014e-05
1.507818455357075260e+00 7.533864721925052704e-05
1.523526418625024359e+00 9.040637666310062702e-05
1.539234381892973236e+00 9.040637666310062702e-05
1.554942345160922113e+00 1.054741061069507270e-04
1.570650308428871211e+00 1.356095649946509405e-04
1.586358271696820088e+00 1.506772944385010541e-04
1.602066234964769187e+00 1.657450238823511405e-04
1.617774198232718064e+00 1.808127533262012540e-04
1.633482161500666940e+00 2.260159416577515947e-04
1.649190124768616039e+00 2.561514005454517675e-04
1.664898088036564916e+00 2.862868594331519946e-04
1.680606051304514015e+00 3.013545888770020539e-04
1.696314014572462892e+00 3.164223183208522217e-04
1.712021977840411768e+00 3.465577772085523946e-04
1.727729941108360867e+00 3.465577772085523946e-04
1.743437904376309966e+00 3.917609655401027352e-04
1.759145867644258843e+00 4.068286949839528487e-04
1.774853830912207719e+00 5.123028010909035351e-04
1.790561794180156596e+00 6.027091777540042163e-04
1.806269757448105695e+00 7.383187427486551839e-04
1.821977720716054794e+00 8.437928488556060329e-04
1.837685683984003671e+00 9.492669549625567735e-04
1.853393647251952547e+00 1.175282896620308314e-03
1.869101610519901424e+00 1.416366567721909914e-03
1.884809573787850523e+00 1.732788886042762027e-03
1.900517537055799622e+00 1.898533909925113113e-03
1.916225500323748498e+00 2.425904440459866925e-03
1.931933463591697375e+00 2.742326758780719038e-03
1.947641426859646252e+00 3.299832748203172968e-03
1.963349390127595351e+00 3.812135549294076286e-03
1.979057353395544450e+00 4.505251103711182051e-03
1.994765316663493326e+00 5.107960281465185291e-03
2.010473279931442203e+00 6.298310907529344749e-03
2.026181243199391080e+00 7.021561920834149331e-03
2.041889206467340401e+00 8.166709358566757310e-03
2.057597169735289278e+00 9.070773125197764339e-03
2.073305133003238154e+00 1.027619148070577255e-02
2.089013096271187031e+00 1.164735486009613186e-02
2.104721059539135908e+00 1.319933099281269187e-02
2.120429022807084785e+00 1.478144258441695461e-02
2.136136986075034105e+00 1.621287688158271414e-02
2.151844949342982982e+00 1.788539484985007463e-02
2.167552912610931859e+00 1.993460605421368964e-02
2.183260875878880736e+00 2.127563397471634796e-02
2.198968839146830057e+00 2.269200054243826134e-02
2.214676802414778933e+00 2.431931532237407295e-02
2.230384765682727810e+00 2.501243087679117655e-02
2.246092728950676687e+00 2.642879744451308299e-02
2.261800692218625564e+00 2.685069386894088639e-02
2.277508655486574440e+00 2.755887715280184308e-02
2.293216618754523761e+00 2.772462217668419590e-02
2.308924582022472638e+00 2.758901261168954233e-02
2.324632545290421515e+00 2.676028749227778863e-02
2.340340508558370392e+00 2.665481338617084126e-02
2.356048471826319712e+00 2.546446276010667920e-02
2.371756435094268589e+00 2.472614401735802325e-02
2.387464398362217466e+00 2.330977744963611334e-02
2.403172361630166343e+00 2.251118778911205542e-02
2.418880324898115219e+00 2.135097262193559955e-02
2.434588288166064096e+00 2.046197658474844389e-02
2.450296251434013417e+00 1.921135504090888332e-02
2.466004214701962294e+00 1.841276538038482888e-02
2.481712177969911171e+00 1.768951436708002603e-02
2.497420141237860047e+00 1.669504422378591604e-02
2.513128104505809368e+00 1.565537089216026065e-02
2.528836067773758245e+00 1.476637485497310325e-02
2.544544031041707122e+00 1.381710790001054387e-02
2.560251994309655998e+00 1.297331505115493881e-02
2.575959957577604875e+00 1.228019949673783695e-02
2.591667920845554196e+00 1.140627118899452917e-02
2.607375884113503073e+00 1.081862974068437469e-02
2.623083847381451950e+00 1.053234288125122313e-02
2.638791810649400826e+00 1.057754606958277374e-02
2.654499773917350147e+00 1.075835882290897445e-02
2.670207737185299024e+00 1.050220742236352214e-02
2.685915700453247901e+00 1.035153012792502242e-02
2.701623663721196777e+00 1.036659785736887378e-02
2.717331626989145654e+00 1.050220742236352388e-02
2.733039590257094531e+00 1.060768152847047299e-02
2.748747553525043852e+00 1.053234288125122486e-02
2.764455516792992729e+00 1.033646239848117279e-02
2.780163480060941605e+00 1.053234288125122486e-02
2.795871443328890482e+00 1.039673331625657476e-02
2.811579406596839803e+00 1.065288471680202360e-02
2.827287369864788680e+00 1.060768152847047473e-02
2.842995333132737557e+00 1.041180104570042439e-02
2.858703296400686433e+00 9.899498244609519770e-03
2.874411259668635310e+00 9.568008196844817598e-03
2.890119222936584187e+00 9.040637666310063353e-03
2.905827186204533508e+00 8.603673512438410331e-03
2.921535149472482384e+00 7.865354769689756123e-03
2.937243112740431261e+00 7.006494191390300573e-03
2.952951076008380138e+00 6.102430424759293544e-03
2.968659039276329459e+00 5.514788976449139062e-03
2.984367002544278336e+00 4.625792939261982525e-03
3.000074965812227212e+00 4.008016032064127925e-03
3.015782929080176089e+00 3.450510042641673561e-03
3.031490892348124966e+00 2.787529947112269649e-03
3.047198855616073843e+00 2.365633522684466254e-03
3.062906818884023163e+00 2.004008016032063962e-03
3.078614782151972040e+00 1.551976132716560881e-03
3.094322745419920917e+00 1.280757002727258946e-03
3.110030708687869794e+00 1.115011978844907860e-03
3.125738671955818671e+00 1.069808790513357682e-03
