-3.078760800517997165e+00 8.612100425266280723e+00 2.046605379471974295e+00
-2.953097094374405707e+00 8.354916408268421080e+00 1.826218883372219493e+00
-2.827433388230813804e+00 8.153121559038352117e+00 1.142284241925091148e+00
-2.701769682087221902e+00 8.067829065648961517e+00 6.665102358533940841e-01
-2.576105975943630444e+00 7.985609266198398615e+00 6.103618306952048878e-01
-2.450442269800038542e+00 7.914428406181468034e+00 5.996978206678003076e-01
-2.324778563656446639e+00 7.834888764775697290e+00 5.629596198408519658e-01
-2.199114857512855181e+00 7.772941221704690484e+00 7.763451613541991758e-01
-2.073451151369263279e+00 7.639771944330870923e+00 1.137332328092928613e+00
-1.947787445225671821e+00 7.487098430774537405e+00 1.304159223671304435e+00
-1.822123739082079918e+00 7.312000981435100577e+00 1.608750708159040865e+00
-1.696460032938488016e+00 7.082775278277752662e+00 2.287195288043513575e+00
-1.570796326794896558e+00 6.737166108295686406e+00 2.928136782449408670e+00
-1.445132620651304656e+00 6.346854237921824904e+00 3.313290997895329770e+00
-1.319468914507712753e+00 5.904445255640235146e+00 3.858337154312198258e+00
-1.193805208364121295e+00 5.377148345197046986e+00 4.860486370927747046e+00
-1.068141502220529393e+00 4.682871793577843889e+00 5.734725450162300397e+00
-9.424777960769377128e-01 3.935854637630305852e+00 6.143552240337712078e+00
-8.168140899333460325e-01 3.138828706762641474e+00 6.382710618162017013e+00
-6.911503837897543523e-01 2.331704494589720511e+00 6.208156437764329461e+00
-5.654866776461626721e-01 1.578548814185317006e+00 5.446940915767322977e+00
-4.398229715025707698e-01 9.627389293487409461e-01 4.325999475272404027e+00
-3.141592653589790896e-01 4.913065605093924759e-01 3.147186939005964579e+00
-1.884955592153874093e-01 1.717645799843516841e-01 1.906834969159395099e+00
-6.283185307179550705e-02 1.206666205185147334e-02 5.822005066144051444e-01
6.283185307179617318e-02 2.544163322466630461e-02 -7.602418339266490133e-01
1.884955592153878534e-01 2.031362748850984445e-01 -1.915496407773453535e+00
3.141592653589797557e-01 5.068583886357629353e-01 -3.092023048745843550e+00
4.398229715025714359e-01 9.802464264587174014e-01 -4.362608668773670928e+00
5.654866776461631162e-01 1.603301536180281595e+00 -5.286870267894262732e+00
6.911503837897547964e-01 2.308981849986627921e+00 -5.858867687783722467e+00
8.168140899333464766e-01 3.075795591083955394e+00 -6.246050620697057632e+00
9.424777960769383789e-01 3.878785589501172026e+00 -6.276109028006463753e+00
1.068141502220530281e+00 4.653153832325046757e+00 -5.649260064119706826e+00
1.193805208364121739e+00 5.298599502753702950e+00 -4.923771377862901311e+00
1.319468914507713198e+00 5.890632551417026797e+00 -4.238345552682270423e+00
1.445132620651305100e+00 6.363811922888228167e+00 -3.547480765993880514e+00
1.570796326794897002e+00 6.782211712472822285e+00 -2.788664655487536947e+00
1.696460032938488904e+00 7.064679794488639253e+00 -2.159065136000468677e+00
1.822123739082080363e+00 7.324843966063294687e+00 -1.746093747042878119e+00
1.947787445225671821e+00 7.503521017543756777e+00 -1.465570521414671257e+00
2.073451151369263723e+00 7.693182012734821384e+00 -9.841014026565935158e-01
2.199114857512855625e+00 7.750852676501625460e+00 -6.192197696124800421e-01
2.324778563656447528e+00 7.848808915068591574e+00 -6.983871958749865438e-01
2.450442269800039430e+00 7.926376523215387770e+00 -6.097378922098416476e-01
2.576105975943630888e+00 8.002052761691132332e+00 -4.740100674666654079e-01
2.701769682087222346e+00 8.045508246869857771e+00 -5.383234373028742414e-01
2.827433388230814248e+00 8.137348198162005275e+00 3.791262707679665667e-02
2.953097094374406151e+00 8.035979764413637483e+00 7.835869927932380685e-01
3.078760800517997609e+00 7.940411306961385307e+00 7.605096203596724003e-01
