5.166666666666666075e-01 0.000000000000000000e+00
5.500000000000000444e-01 0.000000000000000000e+00
5.833333333333332593e-01 0.000000000000000000e+00
6.166666666666666963e-01 0.000000000000000000e+00
6.499999999999999112e-01 0.000000000000000000e+00
6.833333333333333481e-01 0.000000000000000000e+00
7.166666666666666741e-01 0.000000000000000000e+00
7.500000000000000000e-01 0.000000000000000000e+00
7.833333333333333259e-01 0.000000000000000000e+00
8.166666666666666519e-01 0.000000000000000000e+00
8.499999999999999778e-01 0.000000000000000000e+00
8.833333333333333037e-01 0.000000000000000000e+00
9.166666666666667407e-01 0.000000000000000000e+00
9.499999999999999556e-01 2.053335386668719522e-06
9.833333333333333925e-01 2.053335386668719522e-06
1.016666666666666607e+00 2.053335386668719522e-06
1.049999999999999822e+00 3.080003080003079707e-06
1.083333333333333481e+00 6.160006160006159413e-06
1.116666666666666696e+00 9.240009240009237849e-06
1.149999999999999911e+00 6.570673237339902471e-05
1.183333333333333126e+00 2.915736249069581518e-04
1.216666666666666785e+00 1.032827699494365909e-03
1.250000000000000000e+00 3.625163625163624250e-03
1.283333333333333215e+00 1.105207771874438388e-02
1.316666666666666874e+00 2.968712302045634771e-02
1.350000000000000089e+00 6.385257051923717841e-02
1.383333333333333304e+00 9.397808064474730272e-02
1.416666666666666519e+00 1.077426144092810539e-01
1.450000000000000178e+00 1.152814352814352655e-01
1.483333333333333393e+00 1.174374374374374252e-01
1.516666666666666607e+00 1.081060547727214216e-01
1.549999999999999822e+00 9.656528323194987773e-02
1.583333333333333481e+00 8.730679397346062520e-02
1.616666666666666696e+00 7.357203357203355443e-02
1.649999999999999911e+00 5.280357280357278471e-02
1.683333333333333348e+00 2.774774774774774189e-02
1.716666666666666785e+00 8.420728420728417971e-03
1.750000000000000000e+00 1.319267985934652332e-03
1.783333333333333215e+00 8.316008316008314573e-05
1.816666666666666652e+00 4.106670773337439044e-06
1.850000000000000089e+00 0.000000000000000000e+00
1.883333333333333304e+00 0.000000000000000000e+00
1.916666666666666519e+00 0.000000000000000000e+00
1.949999999999999956e+00 0.000000000000000000e+00
1.983333333333333393e+00 0.000000000000000000e+00
2.016666666666666607e+00 0.000000000000000000e+00
2.049999999999999822e+00 0.000000000000000000e+00
2.083333333333333037e+00 0.000000000000000000e+00
2.116666666666666696e+00 0.000000000000000000e+00
2.150000000000000355e+00 0.000000000000000000e+00
2.183333333333333570e+00 0.000000000000000000e+00
2.216666666666666785e+00 0.000000000000000000e+00
2.250000000000000000e+00 0.000000000000000000e+00
2.283333333333333215e+00 0.000000000000000000e+00
2.316666666666666430e+00 0.000000000000000000e+00
2.349999999999999645e+00 0.000000000000000000e+00
2.383333333333333304e+00 0.000000000000000000e+00
2.416666666666666963e+00 0.000000000000000000e+00
2.450000000000000178e+00 0.000000000000000000e+00
2.483333333333333393e+00 0.000000000000000000e+00
