5.166666666666666075e-01 0.000000000000000000e+00
5.500000000000000444e-01 0.000000000000000000e+00
5.833333333333332593e-01 0.000000000000000000e+00
6.166666666666666963e-01 0.000000000000000000e+00
6.499999999999999112e-01 0.000000000000000000e+00
6.833333333333333481e-01 0.000000000000000000e+00
7.166666666666666741e-01 0.000000000000000000e+00
7.500000000000000000e-01 0.000000000000000000e+00
7.833333333333333259e-01 0.000000000000000000e+00
8.166666666666666519e-01 0.000000000000000000e+00
8.499999999999999778e-01 0.000000000000000000e+00
8.833333333333333037e-01 0.000000000000000000e+00
9.166666666666667407e-01 3.080003080003079622e-05
9.499999999999999556e-01 3.080003080003079622e-05
9.833333333333333925e-01 9.240009240009219892e-05
1.016666666666666607e+00 1.848001848001842894e-04
1.049999999999999822e+00 5.236005236005241998e-04
1.083333333333333481e+00 1.509201509201513148e-03
1.116666666666666696e+00 3.542003542003539871e-03
1.149999999999999911e+00 1.056441056441053891e-02
1.183333333333333126e+00 2.907522907522911565e-02
1.216666666666666785e+00 8.174328174328160390e-02
1.250000000000000000e+00 2.148610148610142490e-01
1.283333333333333215e+00 5.102025102025106174e-01
1.316666666666666874e+00 1.100793100793103330e+00
1.350000000000000089e+00 2.014938014938014277e+00
1.383333333333333304e+00 2.794640794640791626e+00
1.416666666666666519e+00 3.186632786632785930e+00
1.450000000000000178e+00 3.362870562870562630e+00
1.483333333333333393e+00 3.359020559020554852e+00
1.516666666666666607e+00 3.106367906367903053e+00
1.549999999999999822e+00 2.813305613305614461e+00
1.583333333333333481e+00 2.531269731269729650e+00
1.616666666666666696e+00 2.116331716331713686e+00
1.649999999999999911e+00 1.529221529221528098e+00
1.683333333333333348e+00 8.494340494340507641e-01
1.716666666666666785e+00 3.097867097867091357e-01
1.750000000000000000e+00 6.569646569646586665e-02
1.783333333333333215e+00 7.022407022407001209e-03
1.816666666666666652e+00 3.080003080003090735e-04
1.850000000000000089e+00 0.000000000000000000e+00
1.883333333333333304e+00 0.000000000000000000e+00
1.916666666666666519e+00 0.000000000000000000e+00
1.949999999999999956e+00 0.000000000000000000e+00
1.983333333333333393e+00 0.000000000000000000e+00
2.016666666666666607e+00 0.000000000000000000e+00
2.049999999999999822e+00 0.000000000000000000e+00
2.083333333333333037e+00 0.000000000000000000e+00
2.116666666666666696e+00 0.000000000000000000e+00
2.150000000000000355e+00 0.000000000000000000e+00
2.183333333333333570e+00 0.000000000000000000e+00
2.216666666666666785e+00 0.000000000000000000e+00
2.250000000000000000e+00 0.000000000000000000e+00
2.283333333333333215e+00 0.000000000000000000e+00
2.316666666666666430e+00 0.000000000000000000e+00
2.349999999999999645e+00 0.000000000000000000e+00
2.383333333333333304e+00 0.000000000000000000e+00
2.416666666666666963e+00 0.000000000000000000e+00
2.450000000000000178e+00 0.000000000000000000e+00
2.483333333333333393e+00 0.000000000000000000e+00
