7.853981633974483484e-03 0.000000000000000000e+00
2.356194490192345045e-02 0.000000000000000000e+00
3.926990816987241395e-02 0.000000000000000000e+00
5.497787143782138786e-02 0.000000000000000000e+00
7.068583470577034789e-02 0.000000000000000000e+00
8.639379797371932179e-02 0.000000000000000000e+00
1.021017612416682818e-01 0.000000000000000000e+00
1.178097245096172557e-01 0.000000000000000000e+00
1.335176877775662296e-01 0.000000000000000000e+00
1.492256510455151619e-01 0.000000000000000000e+00
1.649336143134641497e-01 0.000000000000000000e+00
1.806415775814131375e-01 0.000000000000000000e+00
1.963495408493620697e-01 0.000000000000000000e+00
2.120575041173110575e-01 0.000000000000000000e+00
2.277654673852600453e-01 0.000000000000000000e+00
2.434734306532089776e-01 0.000000000000000000e+00
2.591813939211579654e-01 0.000000000000000000e+00
2.748893571891068976e-01 0.000000000000000000e+00
2.905973204570558854e-01 0.000000000000000000e+00
3.063052837250048732e-01 0.000000000000000000e+00
3.220132469929538055e-01 0.000000000000000000e+00
3.377212102609027933e-01 0.000000000000000000e+00
3.534291735288517255e-01 0.000000000000000000e+00
3.691371367968007133e-01 0.000000000000000000e+00
3.848451000647497011e-01 0.000000000000000000e+00
4.005530633326986889e-01 0.000000000000000000e+00
4.162610266006476212e-01 0.000000000000000000e+00
4.319689898685966090e-01 0.000000000000000000e+00
4.476769531365455412e-01 0.000000000000000000e+00
4.633849164044945290e-01 0.000000000000000000e+00
4.790928796724435168e-01 0.000000000000000000e+00
4.948008429403924491e-01 0.000000000000000000e+00
5.105088062083413813e-01 0.000000000000000000e+00
5.262167694762904802e-01 0.000000000000000000e+00
5.419247327442393569e-01 0.000000000000000000e+00
5.576326960121882337e-01 0.000000000000000000e+00
5.733406592801373325e-01 0.000000000000000000e+00
5.890486225480862092e-01 0.000000000000000000e+00
6.047565858160353081e-01 0.000000000000000000e+00
6.204645490839841848e-01 0.000000000000000000e+00
6.361725123519330616e-01 0.000000000000000000e+00
6.518804756198821604e-01 0.000000000000000000e+00
6.675884388878310371e-01 0.000000000000000000e+00
6.832964021557801360e-01 0.000000000000000000e+00
6.990043654237290127e-01 0.000000000000000000e+00
7.147123286916780005e-01 0.000000000000000000e+00
7.304202919596269883e-01 0.000000000000000000e+00
7.461282552275758650e-01 0.000000000000000000e+00
7.618362184955249639e-01 0.000000000000000000e+00
7.775441817634738406e-01 0.000000000000000000e+00
7.932521450314228284e-01 0.000000000000000000e+00
8.089601082993718162e-01 0.000000000000000000e+00
8.246680715673206929e-01 0.000000000000000000e+00
8.403760348352697918e-01 0.000000000000000000e+00
8.560839981032186685e-01 0.000000000000000000e+00
8.717919613711677673e-01 0.000000000000000000e+00
8.874999246391166441e-01 1.466668133334799719e-06
9.032078879070655208e-01 1.466668133334799719e-06
9.189158511750146197e-01 2.200002200002199367e-06
9.346238144429634964e-01 3.666670333336999510e-06
9.503317777109125952e-01 9.533342866676200927e-06
9.660397409788614720e-01 1.393334726668059797e-05
9.817477042468103487e-01 2.640002640002639918e-05
9.974556675147594476e-01 3.006669673336339954e-05
1.013163630782708324e+00 5.206671873338540168e-05
1.028871594050657201e+00 7.846674513341179069e-05
1.044579557318606300e+00 1.298001298001298025e-04
1.060287520586555399e+00 1.906668573335239779e-04
1.075995483854504275e+00 2.720669387336053418e-04
1.091703447122453152e+00 3.666670333336999950e-04
1.107411410390402029e+00 4.986671653338319672e-04
1.123119373658351128e+00 6.387339720673053910e-04
1.138827336926300227e+00 7.626674293340959115e-04
1.154535300194249103e+00 9.430676097342764307e-04
1.170243263462197980e+00 1.121267787934454672e-03
1.185951226730146857e+00 1.308267974934641592e-03
1.201659189998095956e+00 1.463001463001462922e-03
1.217367153266045054e+00 1.629468296134962708e-03
1.233075116533993931e+00 1.828935162268495365e-03
1.248783079801942808e+00 1.989535322868656465e-03
1.264491043069891685e+00 2.084135417468750522e-03
1.280199006337840784e+00 2.178735512068845446e-03
1.295906969605789882e+00 2.183135516468850002e-03
1.311614932873738759e+00 2.263068929735596695e-03
1.327322896141687636e+00 2.262335595668928979e-03
1.343030859409636735e+00 2.191202191202191400e-03
1.358738822677585611e+00 2.133268799935466621e-03
1.374446785945534710e+00 2.021068687735354339e-03
1.390154749213483587e+00 1.916935250268583454e-03
1.405862712481432464e+00 1.868535201868535070e-03
1.421570675749381563e+00 1.724068390735057198e-03
1.437278639017330439e+00 1.622868289534955873e-03
1.452986602285279538e+00 1.504801504801504689e-03
1.468694565553228415e+00 1.426334759668093210e-03
1.484402528821177292e+00 1.397734731068064245e-03
1.500110492089126391e+00 1.336868003534670123e-03
1.515818455357075267e+00 1.250334583667917030e-03
1.531526418625024366e+00 1.248134581467914752e-03
1.547234381892973243e+00 1.234201234201234235e-03
1.562942345160922120e+00 1.251801251801251593e-03
1.578650308428871218e+00 1.272334605667938944e-03
1.594358271696820095e+00 1.300201300201299977e-03
1.610066234964769194e+00 1.371334704668037991e-03
1.625774198232718071e+00 1.441734775068108289e-03
1.641482161500666948e+00 1.534134867468200936e-03
1.657190124768616046e+00 1.634601634601634546e-03
1.672898088036564923e+00 1.719668386335053076e-03
1.688606051304514022e+00 1.894201894201894042e-03
1.704314014572462899e+00 2.049668716335383088e-03
1.720021977840411775e+00 2.183868850535517284e-03
1.735729941108360874e+00 2.457402457402457080e-03
1.751437904376309973e+00 2.630469297135963700e-03
1.767145867644258850e+00 2.884936218269551576e-03
1.782853830912207727e+00 3.181203181203180567e-03
1.798561794180156603e+00 3.478936812270145423e-03
1.814269757448105702e+00 3.811870478537144995e-03
1.829977720716054801e+00 4.188804188804188394e-03
1.845685683984003678e+00 4.574537907871240906e-03
1.861393647251952554e+00 5.079805079805078949e-03
1.877101610519901431e+00 5.574072240738906468e-03
1.892809573787850530e+00 6.003806003806002808e-03
1.908517537055799629e+00 6.529606529606529937e-03
1.924225500323748506e+00 7.048807048807048496e-03
1.939933463591697382e+00 7.590007590007589837e-03
1.955641426859646259e+00 8.151741485074817661e-03
1.971349390127595358e+00 8.742808742808742817e-03
1.987057353395544457e+00 9.433609433609432132e-03
2.002765316663493333e+00 1.022854356187689537e-02
2.018473279931442210e+00 1.097067763734430393e-02
2.034181243199391087e+00 1.185214518547851766e-02
2.049889206467340408e+00 1.266027932694599456e-02
2.065597169735289285e+00 1.359748026414693035e-02
2.081305133003238161e+00 1.452734786068119420e-02
2.097013096271187038e+00 1.511768178434845164e-02
2.112721059539135915e+00 1.593168259834926159e-02
2.128429022807084792e+00 1.670168336835003292e-02
2.144136986075034113e+00 1.728541728541728786e-02
2.159844949342982989e+00 1.769755103088436338e-02
2.175552912610931866e+00 1.800261800261800452e-02
2.191260875878880743e+00 1.814635147968481424e-02
2.206968839146830064e+00 1.834361834361834115e-02
2.222676802414778940e+00 1.828641828641828365e-02
2.238384765682727817e+00 1.802681802681802697e-02
2.254092728950676694e+00 1.785448452115118850e-02
2.269800692218625571e+00 1.756041756041756136e-02
2.285508655486574447e+00 1.721428388095054898e-02
2.301216618754523768e+00 1.693781693781694006e-02
2.316924582022472645e+00 1.656454989788323090e-02
2.332632545290421522e+00 1.614654947988281367e-02
2.348340508558370399e+00 1.593681593681593386e-02
2.364048471826319719e+00 1.558994892328225725e-02
2.379756435094268596e+00 1.536481536481536583e-02
2.395464398362217473e+00 1.510814844148177481e-02
2.411172361630166350e+00 1.481481481481481711e-02
2.426880324898115227e+00 1.465568132234799058e-02
2.442588288166064103e+00 1.453248119914786474e-02
2.458296251434013424e+00 1.437334770668104167e-02
2.474004214701962301e+00 1.416581416581416675e-02
2.489712177969911178e+00 1.411961411961411804e-02
2.505420141237860054e+00 1.416068082734749448e-02
2.521128104505809375e+00 1.418928085594751975e-02
2.536836067773758252e+00 1.409394742728075842e-02
2.552544031041707129e+00 1.408588075254741875e-02
2.568251994309656006e+00 1.407048073714740367e-02
2.583959957577604882e+00 1.397441397441397462e-02
2.599667920845554203e+00 1.410714744048077209e-02
2.615375884113503080e+00 1.402354735688068899e-02
2.631083847381451957e+00 1.397588064254730832e-02
2.646791810649400833e+00 1.394801394801394902e-02
2.662499773917350154e+00 1.397001397001397006e-02
2.678207737185299031e+00 1.386148052814719332e-02
2.693915700453247908e+00 1.371041371041370992e-02
2.709623663721196785e+00 1.336501336501336526e-02
2.725331626989145661e+00 1.304967971634638305e-02
2.741039590257094538e+00 1.258034591367924657e-02
2.756747553525043859e+00 1.221661221661221597e-02
2.772455516792992736e+00 1.158521158521158556e-02
2.788163480060941612e+00 1.094867761534428115e-02
2.803871443328890489e+00 1.034441034441034232e-02
2.819579406596839810e+00 9.686609686609686312e-03
2.835287369864788687e+00 8.902675569342235334e-03
2.850995333132737564e+00 8.148808148808148535e-03
2.866703296400686440e+00 7.409607409607410836e-03
2.882411259668635317e+00 6.627873294539961269e-03
2.898119222936584194e+00 5.851272517939183973e-03
2.913827186204533515e+00 5.193471860138526228e-03
2.929535149472482392e+00 4.525404525404524807e-03
2.945243112740431268e+00 3.943137276470609631e-03
2.960951076008380145e+00 3.412203412203411966e-03
2.976659039276329466e+00 2.926736260069593126e-03
2.992367002544278343e+00 2.532935866269199650e-03
3.008074965812227219e+00 2.188268854935521406e-03
3.023782929080176096e+00 1.852401852401852275e-03
3.039490892348124973e+00 1.539268205934872773e-03
3.055198855616073850e+00 1.278201278201278280e-03
3.070906818884023171e+00 1.031801031801031585e-03
3.086614782151972047e+00 7.744007744007743669e-04
3.102322745419920924e+00 5.969339302672636242e-04
3.118030708687869801e+00 4.891338224671557900e-04
3.133738671955818678e+00 4.744671411338077750e-04
