7.853981633974483484e-03 0.000000000000000000e+00
2.356194490192345045e-02 0.000000000000000000e+00
3.926990816987241395e-02 0.000000000000000000e+00
5.497787143782138786e-02 0.000000000000000000e+00
7.068583470577034789e-02 0.000000000000000000e+00
8.639379797371932179e-02 0.000000000000000000e+00
1.021017612416682818e-01 0.000000000000000000e+00
1.178097245096172557e-01 0.000000000000000000e+00
1.335176877775662296e-01 0.000000000000000000e+00
1.492256510455151619e-01 0.000000000000000000e+00
1.649336143134641497e-01 0.000000000000000000e+00
1.806415775814131375e-01 0.000000000000000000e+00
1.963495408493620697e-01 0.000000000000000000e+00
2.120575041173110575e-01 0.000000000000000000e+00
2.277654673852600453e-01 0.000000000000000000e+00
2.434734306532089776e-01 0.000000000000000000e+00
2.591813939211579654e-01 0.000000000000000000e+00
2.748893571891068976e-01 0.000000000000000000e+00
2.905973204570558854e-01 0.000000000000000000e+00
3.063052837250048732e-01 0.000000000000000000e+00
3.220132469929538055e-01 0.000000000000000000e+00
3.377212102609027933e-01 0.000000000000000000e+00
3.534291735288517255e-01 0.000000000000000000e+00
3.691371367968007133e-01 0.000000000000000000e+00
3.848451000647497011e-01 0.000000000000000000e+00
4.005530633326986889e-01 0.000000000000000000e+00
4.162610266006476212e-01 0.000000000000000000e+00
4.319689898685966090e-01 0.000000000000000000e+00
4.476769531365455412e-01 0.000000000000000000e+00
4.633849164044945290e-01 0.000000000000000000e+00
4.790928796724435168e-01 0.000000000000000000e+00
4.948008429403924491e-01 0.000000000000000000e+00
5.105088062083413813e-01 0.000000000000000000e+00
5.262167694762904802e-01 0.000000000000000000e+00
5.419247327442393569e-01 0.000000000000000000e+00
5.576326960121882337e-01 0.000000000000000000e+00
5.733406592801373325e-01 0.000000000000000000e+00
5.890486225480862092e-01 0.000000000000000000e+00
6.047565858160353081e-01 0.000000000000000000e+00
6.204645490839841848e-01 0.000000000000000000e+00
6.361725123519330616e-01 0.000000000000000000e+00
6.518804756198821604e-01 0.000000000000000000e+00
6.675884388878310371e-01 0.000000000000000000e+00
6.832964021557801360e-01 0.000000000000000000e+00
6.990043654237290127e-01 0.000000000000000000e+00
7.147123286916780005e-01 0.000000000000000000e+00
7.304202919596269883e-01 0.000000000000000000e+00
7.461282552275758650e-01 0.000000000000000000e+00
7.618362184955249639e-01 0.000000000000000000e+00
7.775441817634738406e-01 0.000000000000000000e+00
7.932521450314228284e-01 0.000000000000000000e+00
8.089601082993718162e-01 0.000000000000000000e+00
8.246680715673206929e-01 0.000000000000000000e+00
8.403760348352697918e-01 0.000000000000000000e+00
8.560839981032186685e-01 0.000000000000000000e+00
8.717919613711677673e-01 0.000000000000000000e+00
8.874999246391166441e-01 0.000000000000000000e+00
9.032078879070655208e-01 0.000000000000000000e+00
9.189158511750146197e-01 0.000000000000000000e+00
9.346238144429634964e-01 0.000000000000000000e+00
9.503317777109125952e-01 0.000000000000000000e+00
9.660397409788614720e-01 0.000000000000000000e+00
9.817477042468103487e-01 0.000000000000000000e+00
9.974556675147594476e-01 0.000000000000000000e+00
1.013163630782708324e+00 0.000000000000000000e+00
1.028871594050657201e+00 0.000000000000000000e+00
1.044579557318606300e+00 0.000000000000000000e+00
1.060287520586555399e+00 0.000000000000000000e+00
1.075995483854504275e+00 0.000000000000000000e+00
1.091703447122453152e+00 0.000000000000000000e+00
1.107411410390402029e+00 0.000000000000000000e+00
1.123119373658351128e+00 0.000000000000000000e+00
1.138827336926300227e+00 0.000000000000000000e+00
1.154535300194249103e+00 0.000000000000000000e+00
1.170243263462197980e+00 0.000000000000000000e+00
1.185951226730146857e+00 0.000000000000000000e+00
1.201659189998095956e+00 6.021058652637600006e-06
1.217367153266045054e+00 6.021058652637600006e-06
1.233075116533993931e+00 6.021058652637600006e-06
1.248783079801942808e+00 6.021058652637600006e-06
1.264491043069891685e+00 6.021058652637600006e-06
1.280199006337840784e+00 6.021058652637600006e-06
1.295906969605789882e+00 6.021058652637600853e-06
1.311614932873738759e+00 0.000000000000000000e+00
1.327322896141687636e+00 0.000000000000000000e+00
1.343030859409636735e+00 0.000000000000000000e+00
1.358738822677585611e+00 1.505264663159400002e-06
1.374446785945534710e+00 9.031587978956400433e-06
1.390154749213483587e+00 9.031587978956400433e-06
1.405862712481432464e+00 1.204211730527520001e-05
1.421570675749381563e+00 1.655791129475339769e-05
1.437278639017330439e+00 2.860002860002859601e-05
1.452986602285279538e+00 3.913688124214440131e-05
1.468694565553228415e+00 4.064214590530379771e-05
1.484402528821177292e+00 4.064214590530379771e-05
1.500110492089126391e+00 4.816846922110080682e-05
1.515818455357075267e+00 5.569479253689780916e-05
1.531526418625024366e+00 5.870532186321660874e-05
1.547234381892973243e+00 6.021058652637600514e-05
1.562942345160922120e+00 5.870532186321660196e-05
1.578650308428871218e+00 7.526323315796999626e-05
1.594358271696820095e+00 9.031587978956400094e-05
1.610066234964769194e+00 1.249369670422301995e-04
1.625774198232718071e+00 1.354738196843460014e-04
1.641482161500666948e+00 1.655791129475339836e-04
1.657190124768616046e+00 1.836422889054467947e-04
1.672898088036564923e+00 2.137475821686348040e-04
1.688606051304514022e+00 2.649265807160544172e-04
1.704314014572462899e+00 3.236319025792709853e-04
1.720021977840411775e+00 3.702951071372123822e-04
1.735729941108360874e+00 4.636215162530952301e-04
1.751437904376309973e+00 5.238321027794711404e-04
1.767145867644258850e+00 6.367269525164261958e-04
1.782853830912207727e+00 7.436007436007436655e-04
1.798561794180156603e+00 8.444534760324234413e-04
1.814269757448105702e+00 9.422956791377845327e-04
1.829977720716054801e+00 1.043148411569464092e-03
1.845685683984003678e+00 1.162064319959056841e-03
1.861393647251952554e+00 1.381832960780329149e-03
1.877101610519901431e+00 1.577517366991051332e-03
1.892809573787850530e+00 1.797286007812323640e-03
1.908517537055799629e+00 2.047159941896783877e-03
1.924225500323748506e+00 2.370791844476054754e-03
1.939933463591697382e+00 2.697434276381644423e-03
1.955641426859646259e+00 3.132455764034711067e-03
1.971349390127595358e+00 3.552424605056184181e-03
1.987057353395544457e+00 4.065719855193539005e-03
2.002765316663493333e+00 4.658794132478343356e-03
2.018473279931442210e+00 5.328636907584275405e-03
2.034181243199391087e+00 6.058690269216585045e-03
2.049889206467340408e+00 6.696922486396169986e-03
2.065597169735289285e+00 7.475144317249579444e-03
2.081305133003238161e+00 8.280460912039858470e-03
2.097013096271187038e+00 9.073735389524863193e-03
2.112721059539135915e+00 1.012290485974696487e-02
2.128429022807084792e+00 1.112992691940060432e-02
2.144136986075034113e+00 1.228898071003334085e-02
2.159844949342982989e+00 1.338932917880286157e-02
2.175552912610931866e+00 1.463117252590936945e-02
2.191260875878880743e+00 1.588204746099482895e-02
2.206968839146830064e+00 1.683186946344841090e-02
2.222676802414778940e+00 1.778018620123883106e-02
2.238384765682727817e+00 1.874656611498716832e-02
2.254092728950676694e+00 1.944801944801944488e-02
2.269800692218625571e+00 1.997787260945155241e-02
2.285508655486574447e+00 2.048966259492574979e-02
2.301216618754523768e+00 2.087802087802087883e-02
2.316924582022472645e+00 2.129497918971602968e-02
2.332632545290421522e+00 2.144400039136881014e-02
2.348340508558370399e+00 2.145002145002145033e-02
2.364048471826319719e+00 2.128293707241075625e-02
2.379756435094268596e+00 2.123025280920017716e-02
2.395464398362217473e+00 2.089006299532614880e-02
2.411172361630166350e+00 2.042192568508357717e-02
2.426880324898115227e+00 1.991013569960938326e-02
2.442588288166064103e+00 1.950521950521950584e-02
2.458296251434013424e+00 1.883236620078725457e-02
2.474004214701962301e+00 1.811284969179705745e-02
2.489712177969911178e+00 1.768083873347031307e-02
2.505420141237860054e+00 1.705464863359600416e-02
2.521128104505809375e+00 1.660909029330082110e-02
2.536836067773758252e+00 1.612590033642665246e-02
2.552544031041707129e+00 1.567432093747882921e-02
2.568251994309656006e+00 1.548014179593127163e-02
2.583959957577604882e+00 1.528897318371002546e-02
2.599667920845554203e+00 1.495630969315179734e-02
2.615375884113503080e+00 1.477567793357266977e-02
2.631083847381451957e+00 1.454988823409875988e-02
2.646791810649400833e+00 1.447914079493026716e-02
2.662499773917350154e+00 1.449419344156186416e-02
2.678207737185299031e+00 1.449419344156186243e-02
2.693915700453247908e+00 1.437377226850911072e-02
2.709623663721196785e+00 1.442344600239336971e-02
2.725331626989145661e+00 1.441742494374073300e-02
2.741039590257094538e+00 1.452429873482504949e-02
2.756747553525043859e+00 1.446709867762499199e-02
2.772455516792992736e+00 1.413292992240360556e-02
2.788163480060941612e+00 1.386348754769807512e-02
2.803871443328890489e+00 1.368737158210842422e-02
2.819579406596839810e+00 1.352028720449773014e-02
2.835287369864788687e+00 1.335019229756071769e-02
2.850995333132737564e+00 1.287001287001287089e-02
2.866703296400686440e+00 1.267884425779162473e-02
2.882411259668635317e+00 1.234768603189655839e-02
2.898119222936584194e+00 1.185094869305395628e-02
2.913827186204533515e+00 1.142495879337984514e-02
2.929535149472482392e+00 1.081231607547397146e-02
2.945243112740431268e+00 1.014999962368383531e-02
2.960951076008380145e+00 9.377798851483062567e-03
2.976659039276329466e+00 8.545387492755913972e-03
2.992367002544278343e+00 7.728028780660358907e-03
3.008074965812227219e+00 6.975396449080658971e-03
3.023782929080176096e+00 6.152016678332468055e-03
3.039490892348124973e+00 5.277457909036856361e-03
3.055198855616073850e+00 4.362256993835940747e-03
3.070906818884023171e+00 3.687898424740530291e-03
3.086614782151972047e+00 2.891613417929207210e-03
3.102322745419920924e+00 2.333160227897070060e-03
3.118030708687869801e+00 1.947812474128263280e-03
3.133738671955818678e+00 1.840938683043945919e-03
