-3.078760800517997165e+00 1.086769915079781157e+01 2.397444827338233608e+00
-2.953097094374405707e+00 1.056642734851970644e+01 2.254753845659908773e+00
-2.827433388230813804e+00 1.030101770142353246e+01 2.138165146671497041e+00
-2.701769682087221902e+00 1.002904783516411413e+01 2.389242642533649708e+00
-2.576105975943630444e+00 9.700535530749359481e+00 2.813220452209348466e+00
-2.450442269800038542e+00 9.322008418716960065e+00 3.173731361295388353e+00
-2.324778563656446639e+00 8.902889840420311174e+00 3.802327828287205058e+00
-2.199114857512855181e+00 8.366379204965992855e+00 4.117767248140673075e+00
-2.073451151369263279e+00 7.867982053544201548e+00 4.295207348151664384e+00
-1.947787445225671821e+00 7.286875856918141992e+00 4.849636209711901458e+00
-1.822123739082079918e+00 6.649135534423087357e+00 5.078542160928862792e+00
-1.696460032938488016e+00 6.010498997420532952e+00 5.095436655948054394e+00
-1.570796326794896558e+00 5.368512625210406064e+00 5.334062445243285211e+00
-1.445132620651304656e+00 4.669902886079294824e+00 5.420013550271282732e+00
-1.319468914507712753e+00 4.006314645059257273e+00 5.250920598654371219e+00
-1.193805208364121295e+00 3.350202599894026356e+00 4.983711795007110368e+00
-1.068141502220529393e+00 2.753771256035008719e+00 4.782355827350455613e+00
-9.424777960769377128e-01 2.148265485169506661e+00 4.557959008652249899e+00
-8.168140899333460325e-01 1.608231213079385213e+00 4.043568734047102708e+00
-6.911503837897543523e-01 1.132005818836088196e+00 3.484167863602099846e+00
-5.654866776461626721e-01 7.325643199461069344e-01 2.932926833896800645e+00
-4.398229715025707698e-01 3.948809072451648916e-01 2.163085959339787756e+00
-3.141592653589790896e-01 1.889215232304994885e-01 1.372211323466927091e+00
-1.884955592153874093e-01 5.000658620705156210e-02 7.303267095660747055e-01
-6.283185307179550705e-02 5.370401191044926748e-03 1.358543794970496488e-01
6.283185307179617318e-02 1.586265656017715742e-02 -3.177996459154369124e-01
1.884955592153878534e-01 8.524216382475469089e-02 -8.798755569429778101e-01
3.141592653589797557e-01 2.369995034213996377e-01 -1.491929008371726484e+00
4.398229715025714359e-01 4.602048208150035791e-01 -2.024588928090637285e+00
5.654866776461631162e-01 7.458341996637010141e-01 -2.792483624592300817e+00
6.911503837897547964e-01 1.162032504038119640e+00 -3.602391993748463417e+00
8.168140899333464766e-01 1.651214057496567911e+00 -4.088906992599892654e+00
9.424777960769383789e-01 2.189686917571218139e+00 -4.584914292537608738e+00
1.068141502220530281e+00 2.803528702198565092e+00 -5.029181448643217145e+00
1.193805208364121739e+00 3.453658076981423797e+00 -5.066938424466062685e+00
1.319468914507713198e+00 4.076989224638116305e+00 -5.075375957775070113e+00
1.445132620651305100e+00 4.729239182833614663e+00 -5.216181808593479019e+00
1.570796326794897002e+00 5.387958700611393148e+00 -5.098570755255925846e+00
1.696460032938488904e+00 6.010649777115194325e+00 -4.986594654232926693e+00
1.822123739082080363e+00 6.641226631184854234e+00 -5.026617910997345007e+00
1.947787445225671821e+00 7.273976649242562154e+00 -4.883734576125019267e+00
2.073451151369263723e+00 7.868643004499797478e+00 -4.441692616993793585e+00
2.199114857512855625e+00 8.390295760846697704e+00 -4.084653281995761276e+00
2.324778563656447528e+00 8.895228343954141081e+00 -3.743995600842541016e+00
2.450442269800039430e+00 9.331264486821050141e+00 -3.300022195242003686e+00
2.576105975943630888e+00 9.724614382774582566e+00 -2.912973932977429570e+00
2.701769682087222346e+00 1.006337468745628527e+01 -2.057168863682421023e+00
2.827433388230814248e+00 1.024163730992165000e+01 -8.611295022465795812e-01
2.953097094374406151e+00 1.027980013690006800e+01 6.263468479440774395e-02
3.078760800517997609e+00 1.022589549667284814e+01 4.289594973876143524e-01
