-3.078760800517997165e+00 9.620075815323541946e+00 1.688435961401514085e+00
-2.953097094374405707e+00 9.407900694827709742e+00 2.151474905517642977e+00
-2.827433388230813804e+00 9.079351194718981333e+00 2.402643398451361989e+00
-2.701769682087221902e+00 8.804050546846045933e+00 2.612006088818281668e+00
-2.576105975943630444e+00 8.422882463537916919e+00 2.923065637444031584e+00
-2.450442269800038542e+00 8.069404024241652706e+00 3.352579271807654582e+00
-2.324778563656446639e+00 7.580287390666851088e+00 3.963288603556332390e+00
-2.199114857512855181e+00 7.073320955362556894e+00 4.221907099998056800e+00
-2.073451151369263279e+00 6.519206404307454683e+00 4.325618514207478782e+00
-1.947787445225671821e+00 5.986174447645262298e+00 4.430814913380451969e+00
-1.822123739082079918e+00 5.405621157804087140e+00 4.618132124839960717e+00
-1.696460032938488016e+00 4.825511251108925315e+00 4.769114496669540237e+00
-1.570796326794896558e+00 4.207011952454840831e+00 4.833561072234932254e+00
-1.445132620651304656e+00 3.610704854692058596e+00 4.671860351262880684e+00
-1.319468914507712753e+00 3.032845379804851582e+00 4.408159964559521526e+00
-1.193805208364121295e+00 2.502813417851354139e+00 4.115070637369974804e+00
-1.068141502220529393e+00 1.998615325135687293e+00 3.776581547539685335e+00
-9.424777960769377128e-01 1.553654950216680319e+00 3.241773245799924652e+00
-8.168140899333460325e-01 1.183868844046970459e+00 2.812100383487332600e+00
-6.911503837897543523e-01 8.468970377430142804e-01 2.482989897329728635e+00
-5.654866776461626721e-01 5.598254184158717450e-01 2.033926665631287545e+00
-4.398229715025707698e-01 3.357155120880044308e-01 1.490322678336848616e+00
-3.141592653589790896e-01 1.852664761965678863e-01 9.231295471026897959e-01
-1.884955592153874093e-01 1.037077518088462824e-01 5.657870231302402075e-01
-6.283185307179550705e-02 4.306868776757610817e-02 3.411240021645449705e-01
6.283185307179617318e-02 1.797393907578381800e-02 -1.250251441457591595e-01
1.884955592153878534e-01 7.449093371656179130e-02 -7.972232488451271859e-01
3.141592653589797557e-01 2.183379952232105126e-01 -1.125141431421860183e+00
4.398229715025714359e-01 3.572698181329148071e-01 -1.441766097797227086e+00
5.654866776461631162e-01 5.806933377059770862e-01 -2.093845660330166503e+00
6.911503837897547964e-01 8.835106296724433150e-01 -2.641582380054893431e+00
8.168140899333464766e-01 1.244595401628591169e+00 -2.789458630766674219e+00
9.424777960769383789e-01 1.584578049025179958e+00 -3.062505832454770260e+00
1.068141502220530281e+00 2.014287067613853566e+00 -3.454092914902327394e+00
1.193805208364121739e+00 2.452686283127074596e+00 -3.650946088787008215e+00
1.319468914507713198e+00 2.931869900508703886e+00 -4.063853516406976674e+00
1.445132620651305100e+00 3.474044071319808857e+00 -4.379905807669425499e+00
1.570796326794897002e+00 4.032660293211864477e+00 -4.622537906343249681e+00
1.696460032938488904e+00 4.635814561520470001e+00 -5.131409741827304138e+00
1.822123739082080363e+00 5.322324225010562238e+00 -5.233380881567717857e+00
1.947787445225671821e+00 5.951106635998100636e+00 -4.736167365052112999e+00
2.073451151369263723e+00 6.512652913028115442e+00 -4.720184554114428721e+00
2.199114857512855625e+00 7.137418405501610330e+00 -4.505091039238030781e+00
2.324778563656447528e+00 7.644905786037985429e+00 -3.890113218147378760e+00
2.450442269800039430e+00 8.115110494122756535e+00 -3.732212288523305777e+00
2.576105975943630888e+00 8.582913042618972810e+00 -3.353757535286392422e+00
2.701769682087222346e+00 8.958001696904926092e+00 -2.550742541717785805e+00
2.827433388230814248e+00 9.223984565039735628e+00 -1.547729134399440820e+00
2.953097094374406151e+00 9.346988455175019084e+00 -3.370455654934735867e-01
3.078760800517997609e+00 9.308693354838080580e+00 3.047427257411941537e-01
