5.166666666666666075e-01 0.000000000000000000e+00
5.500000000000000444e-01 0.000000000000000000e+00
5.833333333333332593e-01 0.000000000000000000e+00
6.166666666666666963e-01 0.000000000000000000e+00
6.499999999999999112e-01 0.000000000000000000e+00
6.833333333333333481e-01 0.000000000000000000e+00
7.166666666666666741e-01 0.000000000000000000e+00
7.500000000000000000e-01 0.000000000000000000e+00
7.833333333333333259e-01 0.000000000000000000e+00
8.166666666666666519e-01 0.000000000000000000e+00
8.499999999999999778e-01 0.000000000000000000e+00
8.833333333333333037e-01 0.000000000000000000e+00
9.166666666666667407e-01 0.000000000000000000e+00
9.499999999999999556e-01 0.000000000000000000e+00
9.833333333333333925e-01 0.000000000000000000e+00
1.016666666666666607e+00 0.000000000000000000e+00
1.049999999999999822e+00 0.000000000000000000e+00
1.083333333333333481e+00 6.006006006006026201e-05
1.116666666666666696e+00 6.606606606606588638e-04
1.149999999999999911e+00 1.621621621621616551e-03
1.183333333333333126e+00 4.744744744744751504e-03
1.216666666666666785e+00 1.003003003003001894e-02
1.250000000000000000e+00 2.546546546546540196e-02
1.283333333333333215e+00 6.630630630630637845e-02
1.316666666666666874e+00 1.606606606606610366e-01
1.350000000000000089e+00 3.852852852852849397e-01
1.383333333333333304e+00 8.545345345345325416e-01
1.416666666666666519e+00 1.773633633633635132e+00
1.450000000000000178e+00 3.232192192192198554e+00
1.483333333333333393e+00 4.642762762762762563e+00
1.516666666666666607e+00 5.298918918918916532e+00
1.549999999999999822e+00 5.094654654654656056e+00
1.583333333333333481e+00 4.198618618618616516e+00
1.616666666666666696e+00 2.700840840840833756e+00
1.649999999999999911e+00 1.194954954954952964e+00
1.683333333333333348e+00 3.110510510510517967e-01
1.716666666666666785e+00 4.078078078078065799e-02
1.750000000000000000e+00 2.222222222222230027e-03
1.783333333333333215e+00 0.000000000000000000e+00
1.816666666666666652e+00 0.000000000000000000e+00
1.850000000000000089e+00 0.000000000000000000e+00
1.883333333333333304e+00 0.000000000000000000e+00
1.916666666666666519e+00 0.000000000000000000e+00
1.949999999999999956e+00 0.000000000000000000e+00
1.983333333333333393e+00 0.000000000000000000e+00
2.016666666666666607e+00 0.000000000000000000e+00
2.049999999999999822e+00 0.000000000000000000e+00
2.083333333333333037e+00 0.000000000000000000e+00
2.116666666666666696e+00 0.000000000000000000e+00
2.150000000000000355e+00 0.000000000000000000e+00
2.183333333333333570e+00 0.000000000000000000e+00
2.216666666666666785e+00 0.000000000000000000e+00
2.250000000000000000e+00 0.000000000000000000e+00
2.283333333333333215e+00 0.000000000000000000e+00
2.316666666666666430e+00 0.000000000000000000e+00
2.349999999999999645e+00 0.000000000000000000e+00
2.383333333333333304e+00 0.000000000000000000e+00
2.416666666666666963e+00 0.000000000000000000e+00
2.450000000000000178e+00 0.000000000000000000e+00
2.483333333333333393e+00 0.000000000000000000e+00
