5.166666666666666075e-01 0.000000000000000000e+00
5.500000000000000444e-01 0.000000000000000000e+00
5.833333333333332593e-01 0.000000000000000000e+00
6.166666666666666963e-01 0.000000000000000000e+00
6.499999999999999112e-01 0.000000000000000000e+00
6.833333333333333481e-01 0.000000000000000000e+00
7.166666666666666741e-01 0.000000000000000000e+00
7.500000000000000000e-01 0.000000000000000000e+00
7.833333333333333259e-01 0.000000000000000000e+00
8.166666666666666519e-01 0.000000000000000000e+00
8.499999999999999778e-01 0.000000000000000000e+00
8.833333333333333037e-01 0.000000000000000000e+00
9.166666666666667407e-01 0.000000000000000000e+00
9.499999999999999556e-01 0.000000000000000000e+00
9.833333333333333925e-01 0.000000000000000000e+00
1.016666666666666607e+00 0.000000000000000000e+00
1.049999999999999822e+00 0.000000000000000000e+00
1.083333333333333481e+00 0.000000000000000000e+00
1.116666666666666696e+00 0.000000000000000000e+00
1.149999999999999911e+00 2.002002002002001449e-06
1.183333333333333126e+00 1.201201201201200870e-05
1.216666666666666785e+00 6.206206206206204916e-05
1.250000000000000000e+00 2.182182182182181571e-04
1.283333333333333215e+00 7.107107107107104747e-04
1.316666666666666874e+00 2.124124124124123544e-03
1.350000000000000089e+00 6.140140140140139605e-03
1.383333333333333304e+00 1.711311311311310840e-02
1.416666666666666519e+00 4.354554554554553730e-02
1.450000000000000178e+00 9.696896896896893547e-02
1.483333333333333393e+00 1.560780780780780530e-01
1.516666666666666607e+00 1.852812812812812404e-01
1.549999999999999822e+00 1.821961961961961474e-01
1.583333333333333481e+00 1.562242242242241619e-01
1.616666666666666696e+00 1.023203203203203043e-01
1.649999999999999911e+00 4.179579579579578708e-02
1.683333333333333348e+00 8.566566566566565649e-03
1.716666666666666785e+00 6.286286286286285347e-04
1.750000000000000000e+00 1.201201201201201039e-05
1.783333333333333215e+00 0.000000000000000000e+00
1.816666666666666652e+00 0.000000000000000000e+00
1.850000000000000089e+00 0.000000000000000000e+00
1.883333333333333304e+00 0.000000000000000000e+00
1.916666666666666519e+00 0.000000000000000000e+00
1.949999999999999956e+00 0.000000000000000000e+00
1.983333333333333393e+00 0.000000000000000000e+00
2.016666666666666607e+00 0.000000000000000000e+00
2.049999999999999822e+00 0.000000000000000000e+00
2.083333333333333037e+00 0.000000000000000000e+00
2.116666666666666696e+00 0.000000000000000000e+00
2.150000000000000355e+00 0.000000000000000000e+00
2.183333333333333570e+00 0.000000000000000000e+00
2.216666666666666785e+00 0.000000000000000000e+00
2.250000000000000000e+00 0.000000000000000000e+00
2.283333333333333215e+00 0.000000000000000000e+00
2.316666666666666430e+00 0.000000000000000000e+00
2.349999999999999645e+00 0.000000000000000000e+00
2.383333333333333304e+00 0.000000000000000000e+00
2.416666666666666963e+00 0.000000000000000000e+00
2.450000000000000178e+00 0.000000000000000000e+00
2.483333333333333393e+00 0.000000000000000000e+00
