-3.078760800517997165e+00 8.612100425266280723e+00 2.046605379471988062e+00
-2.953097094374405707e+00 8.354916408268419303e+00 1.826218883372226598e+00
-2.827433388230813804e+00 8.153121559038350341e+00 1.142284241925091148e+00
-2.701769682087221902e+00 8.067829065648959741e+00 6.665102358533940841e-01
-2.576105975943630444e+00 7.985609266198396838e+00 6.103618306952048878e-01
-2.450442269800038542e+00 7.914428406181466258e+00 5.996978206678003076e-01
-2.324778563656446639e+00 7.834888764775695513e+00 5.629596198408589602e-01
-2.199114857512855181e+00 7.772941221704686932e+00 7.763451613541991758e-01
-2.073451151369263279e+00 7.639771944330869147e+00 1.137332328092921729e+00
-1.947787445225671821e+00 7.487098430774535629e+00 1.304159223671304435e+00
-1.822123739082079918e+00 7.312000981435098801e+00 1.608750708159040865e+00
-1.696460032938488016e+00 7.082775278277750886e+00 2.287195288043513575e+00
-1.570796326794896558e+00 6.737166108295684630e+00 2.928136782449405118e+00
-1.445132620651304656e+00 6.346854237921824016e+00 3.313290997895329770e+00
-1.319468914507712753e+00 5.904445255640233370e+00 3.858337154312201811e+00
-1.193805208364121295e+00 5.377148345197045209e+00 4.860486370927747046e+00
-1.068141502220529393e+00 4.682871793577842112e+00 5.734725450162300397e+00
-9.424777960769377128e-01 3.935854637630304076e+00 6.143552240337712078e+00
-8.168140899333460325e-01 3.138828706762639698e+00 6.382710618162013461e+00
-6.911503837897543523e-01 2.331704494589719623e+00 6.208156437764329461e+00
-5.654866776461626721e-01 1.578548814185315230e+00 5.446940915767322977e+00
-4.398229715025707698e-01 9.627389293487400579e-01 4.325999475272407579e+00
-3.141592653589790896e-01 4.913065605093898114e-01 3.147186939005971684e+00
-1.884955592153874093e-01 1.717645799843490195e-01 1.906834969159395099e+00
-6.283185307179550705e-02 1.206666205184880880e-02 5.822005066143981500e-01
6.283185307179617318e-02 2.544163322466541644e-02 -7.602418339266525660e-01
1.884955592153878534e-01 2.031362748850966682e-01 -1.915496407773457088e+00
3.141592653589797557e-01 5.068583886357629353e-01 -3.092023048745843550e+00
4.398229715025714359e-01 9.802464264587156251e-01 -4.362608668773663823e+00
5.654866776461631162e-01 1.603301536180279818e+00 -5.286870267894262732e+00
6.911503837897547964e-01 2.308981849986626145e+00 -5.858867687783722467e+00
8.168140899333464766e-01 3.075795591083953617e+00 -6.246050620697057632e+00
9.424777960769383789e-01 3.878785589501170250e+00 -6.276109028006460200e+00
1.068141502220530281e+00 4.653153832325044092e+00 -5.649260064119703273e+00
1.193805208364121739e+00 5.298599502753700285e+00 -4.923771377862904863e+00
1.319468914507713198e+00 5.890632551417025020e+00 -4.238345552682273976e+00
1.445132620651305100e+00 6.363811922888226391e+00 -3.547480765993880514e+00
1.570796326794897002e+00 6.782211712472820508e+00 -2.788664655487536947e+00
1.696460032938488904e+00 7.064679794488637476e+00 -2.159065136000468677e+00
1.822123739082080363e+00 7.324843966063292910e+00 -1.746093747042874567e+00
1.947787445225671821e+00 7.503521017543754112e+00 -1.465570521414671257e+00
2.073451151369263723e+00 7.693182012734819608e+00 -9.841014026565970685e-01
2.199114857512855625e+00 7.750852676501623684e+00 -6.192197696124835948e-01
2.324778563656447528e+00 7.848808915068590686e+00 -6.983871958749865438e-01
2.450442269800039430e+00 7.926376523215385994e+00 -6.097378922098380949e-01
2.576105975943630888e+00 8.002052761691130556e+00 -4.740100674666724578e-01
2.701769682087222346e+00 8.045508246869857771e+00 -5.383234373028813469e-01
2.827433388230814248e+00 8.137348198162005275e+00 3.791262707680372740e-02
2.953097094374406151e+00 8.035979764413635706e+00 7.835869927932450629e-01
3.078760800517997609e+00 7.940411306961383531e+00 7.605096203596724003e-01
