-3.946724439183105226e-05 0.000000000000000000e+00
1.566849602355713592e-02 0.000000000000000000e+00
3.137645929150609941e-02 0.000000000000000000e+00
4.708442255945507332e-02 0.000000000000000000e+00
6.279238582740404029e-02 0.000000000000000000e+00
7.850034909535300032e-02 0.000000000000000000e+00
9.420831236330196035e-02 0.000000000000000000e+00
1.099162756312509481e-01 0.000000000000000000e+00
1.256242388991999082e-01 0.000000000000000000e+00
1.413322021671488404e-01 0.000000000000000000e+00
1.570401654350978282e-01 0.000000000000000000e+00
1.727481287030468160e-01 0.000000000000000000e+00
1.884560919709957483e-01 0.000000000000000000e+00
2.041640552389447361e-01 0.000000000000000000e+00
2.198720185068937238e-01 0.000000000000000000e+00
2.355799817748426561e-01 0.000000000000000000e+00
2.512879450427916717e-01 0.000000000000000000e+00
2.669959083107406039e-01 0.000000000000000000e+00
2.827038715786895917e-01 0.000000000000000000e+00
2.984118348466385795e-01 0.000000000000000000e+00
3.141197981145875118e-01 0.000000000000000000e+00
3.298277613825364996e-01 0.000000000000000000e+00
3.455357246504854318e-01 0.000000000000000000e+00
3.612436879184344196e-01 0.000000000000000000e+00
3.769516511863834074e-01 0.000000000000000000e+00
3.926596144543323952e-01 0.000000000000000000e+00
4.083675777222813275e-01 0.000000000000000000e+00
4.240755409902303152e-01 0.000000000000000000e+00
4.397835042581792475e-01 0.000000000000000000e+00
4.554914675261282353e-01 0.000000000000000000e+00
4.711994307940772231e-01 0.000000000000000000e+00
4.869073940620261554e-01 0.000000000000000000e+00
5.026153573299750876e-01 0.000000000000000000e+00
5.183233205979241864e-01 0.000000000000000000e+00
5.340312838658730632e-01 0.000000000000000000e+00
5.497392471338219400e-01 0.000000000000000000e+00
5.654472104017710388e-01 0.000000000000000000e+00
5.811551736697199155e-01 0.000000000000000000e+00
5.968631369376690143e-01 0.000000000000000000e+00
6.125711002056178911e-01 0.000000000000000000e+00
6.282790634735667679e-01 0.000000000000000000e+00
6.439870267415158667e-01 0.000000000000000000e+00
6.596949900094647434e-01 0.000000000000000000e+00
6.754029532774138422e-01 0.000000000000000000e+00
6.911109165453627190e-01 0.000000000000000000e+00
7.068188798133117068e-01 0.000000000000000000e+00
7.225268430812606946e-01 0.000000000000000000e+00
7.382348063492095713e-01 0.000000000000000000e+00
7.539427696171586701e-01 0.000000000000000000e+00
7.696507328851075469e-01 0.000000000000000000e+00
7.853586961530565347e-01 0.000000000000000000e+00
8.010666594210055225e-01 0.000000000000000000e+00
8.167746226889543992e-01 0.000000000000000000e+00
8.324825859569034980e-01 0.000000000000000000e+00
8.481905492248523748e-01 0.000000000000000000e+00
8.638985124928014736e-01 0.000000000000000000e+00
8.796064757607503504e-01 0.000000000000000000e+00
8.953144390286992271e-01 0.000000000000000000e+00
9.110224022966483259e-01 7.340688703414153447e-06
9.267303655645972027e-01 7.340688703414153447e-06
9.424383288325463015e-01 1.468137740682830689e-05
9.581462921004951783e-01 3.670344351707077062e-05
9.738542553684440550e-01 4.404413222048492746e-05
9.895622186363931538e-01 5.138482092389908430e-05
1.005270181904341920e+00 8.074757573755569808e-05
1.020978145172290796e+00 1.394730853648689121e-04
1.036686108440239895e+00 1.908579062887679964e-04
1.052394071708188994e+00 2.349020385092529103e-04
1.068102034976137871e+00 2.936275481365661650e-04
1.083809998244086747e+00 3.670344351707077062e-04
1.099517961512035624e+00 4.477820109082634179e-04
1.115225924779984723e+00 5.505516527560615865e-04
1.130933888047933822e+00 6.973654268243446690e-04
1.146641851315882699e+00 8.074757573755568995e-04
1.162349814583831575e+00 1.013015041071153345e-03
1.178057777851780452e+00 1.115784682918951514e-03
1.193765741119729551e+00 1.284620523097476782e-03
1.209473704387678650e+00 1.490159806793073119e-03
1.225181667655627527e+00 1.600270137344285675e-03
1.240889630923576403e+00 1.747083911412568432e-03
1.256597594191525280e+00 1.893897685480851623e-03
1.272305557459474379e+00 2.004008016032063962e-03
1.288013520727423478e+00 2.143481101396932983e-03
1.303721483995372354e+00 2.238910054541316981e-03
1.319429447263321231e+00 2.187525233617418005e-03
1.335137410531270330e+00 2.202206611024246346e-03
1.350845373799219207e+00 2.004008016032063962e-03
1.366553337067168306e+00 1.886556996777437236e-03
1.382261300335117182e+00 1.717721156598911968e-03
1.397969263603066059e+00 1.548885316420386266e-03
1.413677226871015158e+00 1.358027410131618269e-03
1.429385190138964035e+00 1.211213636063335512e-03
1.445093153406913133e+00 1.057059173291638151e-03
1.460801116674862010e+00 1.005674352367739175e-03
1.476509079942810887e+00 9.469488427404259201e-04
1.492217043210759986e+00 8.515198895960419219e-04
1.507925006478708863e+00 8.368385121892135811e-04
1.523632969746657961e+00 8.515198895960418134e-04
1.539340933014606838e+00 9.396081540370116413e-04
1.555048896282555715e+00 9.469488427404258116e-04
1.570756859550504814e+00 9.616302201472540440e-04
1.586464822818453690e+00 9.542895314438399820e-04
1.602172786086402789e+00 1.035037107181395639e-03
1.617880749354351666e+00 1.035037107181395639e-03
1.633588712622300543e+00 1.049718484588223980e-03
1.649296675890249642e+00 1.130466060325779638e-03
1.665004639158198518e+00 1.218554324766749465e-03
1.680712602426147617e+00 1.358027410131618486e-03
1.696420565694096494e+00 1.644314269564770264e-03
1.712128528962045371e+00 1.754424600115982820e-03
1.727836492229994469e+00 2.018689393438892303e-03
1.743544455497943568e+00 2.282954186761802003e-03
1.759252418765892445e+00 2.539878291381297316e-03
1.774960382033841322e+00 2.921594103958833743e-03
1.790668345301790199e+00 3.295969227832955348e-03
1.806376308569739297e+00 3.677685040410491341e-03
1.822084271837688396e+00 4.191533249649481534e-03
1.837792235105637273e+00 4.455798042972391668e-03
1.853500198373586150e+00 4.859535921660170822e-03
1.869208161641535026e+00 5.182526224610392585e-03
1.884916124909484125e+00 5.578923414594756484e-03
1.900624088177433224e+00 6.217563331791788224e-03
1.916332051445382101e+00 6.790137050658092213e-03
1.932040014713330978e+00 7.340688703414153908e-03
1.947747977981279854e+00 8.309659612264822665e-03
1.963455941249228953e+00 9.300652587225732848e-03
1.979163904517178052e+00 1.037973382662761394e-02
1.994871867785126929e+00 1.123859440492706863e-02
2.010579831053076028e+00 1.208277360581969800e-02
2.026287794321024904e+00 1.305174451467036589e-02
2.041995757588974225e+00 1.429232090554735657e-02
2.057703720856923102e+00 1.544480903198337980e-02
2.073411684124871979e+00 1.667070404545354170e-02
2.089119647392820855e+00 1.758829013338031322e-02
2.104827610660769732e+00 1.878482239203681931e-02
2.120535573928718609e+00 2.009146498124454033e-02
2.136243537196667930e+00 2.119990897546007724e-02
2.151951500464616807e+00 2.150821790100346936e-02
2.167659463732565683e+00 2.180918613784344970e-02
2.183367427000514560e+00 2.193397784580148821e-02
2.199075390268463881e+00 2.177248269432638036e-02
2.214783353536412758e+00 2.156694341063078446e-02
2.230491316804361634e+00 2.086223729510302410e-02
2.246199280072310511e+00 1.993731051847284080e-02
2.261907243340259388e+00 1.950420988497140670e-02
2.277615206608208265e+00 1.885088859036754619e-02
2.293323169876157586e+00 1.782319217188956320e-02
2.309031133144106462e+00 1.732402534005740222e-02
2.324739096412055339e+00 1.664134129063988415e-02
2.340447059680004216e+00 1.585588759937457334e-02
2.356155022947953537e+00 1.544480903198338154e-02
2.371862986215902414e+00 1.477680635997269051e-02
2.387570949483851290e+00 1.443179399091222732e-02
2.403278912751800167e+00 1.396933060259713567e-02
2.418986876019749044e+00 1.356559272390935739e-02
2.434694839287697921e+00 1.336739412891717674e-02
2.450402802555647241e+00 1.320589897744206195e-02
2.466110765823596118e+00 1.269205076820307046e-02
2.481818729091544995e+00 1.254523699413479139e-02
2.497526692359493872e+00 1.242778597488016293e-02
2.513234655627443193e+00 1.264800663598258761e-02
2.528942618895392069e+00 1.253055561672796261e-02
2.544650582163340946e+00 1.241310459747333589e-02
2.560358545431289823e+00 1.231767564432895146e-02
2.576066508699238700e+00 1.239108253136309186e-02
2.591774471967188020e+00 1.243512666358357818e-02
2.607482435235136897e+00 1.227363151210846513e-02
2.623190398503085774e+00 1.225160944599822284e-02
2.638898361771034651e+00 1.236906046525285130e-02
2.654606325038983972e+00 1.237640115395626482e-02
2.670314288306932848e+00 1.244980804099040349e-02
2.686022251574881725e+00 1.255991837154161669e-02
2.701730214842830602e+00 1.260396250376210302e-02
2.717438178110779479e+00 1.270673214560990097e-02
2.733146141378728355e+00 1.225895013470163636e-02
2.748854104646677676e+00 1.179648674638654471e-02
2.764562067914626553e+00 1.127529784844413970e-02
2.780270031182575430e+00 1.066602068606076550e-02
2.795977994450524307e+00 9.961314570533006882e-03
2.811685957718473627e+00 9.249267766301833005e-03
2.827393920986422504e+00 8.199549281713611193e-03
2.843101884254371381e+00 7.421436279151709565e-03
2.858809847522320258e+00 6.848862560285405576e-03
2.874517810790269134e+00 6.056068180316676909e-03
2.890225774058218011e+00 5.410087574416231650e-03
2.905933737326167332e+00 4.808151100736271846e-03
2.921641700594116209e+00 4.125467051318753783e-03
2.937349663862065086e+00 3.611618842079763157e-03
2.953057627130013962e+00 3.251925095612469892e-03
2.968765590397963283e+00 2.774780329890550335e-03
2.984473553665912160e+00 2.488493470457398341e-03
3.000181516933861037e+00 2.194865922320831959e-03
3.015889480201809913e+00 1.805809421039882012e-03
3.031597443469758790e+00 1.592929448640871722e-03
3.047305406737707667e+00 1.262598456987234488e-03
3.063013370005656988e+00 9.909929749609108340e-04
3.078721333273605865e+00 7.267281816380012421e-04
3.094429296541554741e+00 5.358702753492332457e-04
3.110137259809503618e+00 3.523530577638793655e-04
3.125845223077452495e+00 4.110785673911926202e-04
