-3.946724439183105226e-05 0.000000000000000000e+00
1.566849602355713592e-02 0.000000000000000000e+00
3.137645929150609941e-02 0.000000000000000000e+00
4.708442255945507332e-02 0.000000000000000000e+00
6.279238582740404029e-02 0.000000000000000000e+00
7.850034909535300032e-02 0.000000000000000000e+00
9.420831236330196035e-02 0.000000000000000000e+00
1.099162756312509481e-01 0.000000000000000000e+00
1.256242388991999082e-01 0.000000000000000000e+00
1.413322021671488404e-01 0.000000000000000000e+00
1.570401654350978282e-01 0.000000000000000000e+00
1.727481287030468160e-01 0.000000000000000000e+00
1.884560919709957483e-01 0.000000000000000000e+00
2.041640552389447361e-01 0.000000000000000000e+00
2.198720185068937238e-01 0.000000000000000000e+00
2.355799817748426561e-01 0.000000000000000000e+00
2.512879450427916717e-01 0.000000000000000000e+00
2.669959083107406039e-01 0.000000000000000000e+00
2.827038715786895917e-01 0.000000000000000000e+00
2.984118348466385795e-01 0.000000000000000000e+00
3.141197981145875118e-01 0.000000000000000000e+00
3.298277613825364996e-01 0.000000000000000000e+00
3.455357246504854318e-01 0.000000000000000000e+00
3.612436879184344196e-01 0.000000000000000000e+00
3.769516511863834074e-01 0.000000000000000000e+00
3.926596144543323952e-01 0.000000000000000000e+00
4.083675777222813275e-01 0.000000000000000000e+00
4.240755409902303152e-01 0.000000000000000000e+00
4.397835042581792475e-01 0.000000000000000000e+00
4.554914675261282353e-01 0.000000000000000000e+00
4.711994307940772231e-01 0.000000000000000000e+00
4.869073940620261554e-01 0.000000000000000000e+00
5.026153573299750876e-01 0.000000000000000000e+00
5.183233205979241864e-01 0.000000000000000000e+00
5.340312838658730632e-01 0.000000000000000000e+00
5.497392471338219400e-01 0.000000000000000000e+00
5.654472104017710388e-01 0.000000000000000000e+00
5.811551736697199155e-01 0.000000000000000000e+00
5.968631369376690143e-01 0.000000000000000000e+00
6.125711002056178911e-01 0.000000000000000000e+00
6.282790634735667679e-01 0.000000000000000000e+00
6.439870267415158667e-01 0.000000000000000000e+00
6.596949900094647434e-01 0.000000000000000000e+00
6.754029532774138422e-01 0.000000000000000000e+00
6.911109165453627190e-01 0.000000000000000000e+00
7.068188798133117068e-01 0.000000000000000000e+00
7.225268430812606946e-01 0.000000000000000000e+00
7.382348063492095713e-01 0.000000000000000000e+00
7.539427696171586701e-01 0.000000000000000000e+00
7.696507328851075469e-01 0.000000000000000000e+00
7.853586961530565347e-01 0.000000000000000000e+00
8.010666594210055225e-01 0.000000000000000000e+00
8.167746226889543992e-01 0.000000000000000000e+00
8.324825859569034980e-01 0.000000000000000000e+00
8.481905492248523748e-01 0.000000000000000000e+00
8.638985124928014736e-01 0.000000000000000000e+00
8.796064757607503504e-01 0.000000000000000000e+00
8.953144390286992271e-01 0.000000000000000000e+00
9.110224022966483259e-01 0.000000000000000000e+00
9.267303655645972027e-01 0.000000000000000000e+00
9.424383288325463015e-01 0.000000000000000000e+00
9.581462921004951783e-01 1.468137740682830689e-05
9.738542553684440550e-01 2.202206611024246034e-05
9.895622186363931538e-01 4.404413222048492746e-05
1.005270181904341920e+00 8.808826444096985492e-05
1.020978145172290796e+00 1.027696418477981686e-04
1.036686108440239895e+00 1.541544627716972529e-04
1.052394071708188994e+00 2.128799723990104805e-04
1.068102034976137871e+00 2.495834159160811969e-04
1.083809998244086747e+00 3.596937464672935359e-04
1.099517961512035624e+00 5.432109640526473077e-04
1.115225924779984723e+00 6.386399171970314143e-04
1.130933888047933822e+00 8.221571347823851319e-04
1.146641851315882699e+00 1.071740550698466491e-03
1.162349814583831575e+00 1.380049476241860997e-03
1.178057777851780452e+00 1.725061845302326138e-03
1.193765741119729551e+00 2.040711459549135031e-03
1.209473704387678650e+00 2.275613498058388050e-03
1.225181667655627527e+00 2.620625867118852974e-03
1.240889630923576403e+00 2.738076886373479266e-03
1.256597594191525280e+00 2.987660302289560626e-03
1.272305557459474379e+00 3.046385811916873989e-03
1.288013520727423478e+00 2.972978924882732285e-03
1.303721483995372354e+00 2.965638236179318332e-03
1.319429447263321231e+00 2.804143084704206583e-03
1.335137410531270330e+00 2.627966555822266927e-03
1.350845373799219207e+00 2.649988621932509655e-03
1.366553337067168306e+00 2.326998318982286592e-03
1.382261300335117182e+00 2.224228677134489074e-03
1.397969263603066059e+00 2.055392836955963372e-03
1.413677226871015158e+00 1.798468732336467625e-03
1.429385190138964035e+00 1.636973580861356310e-03
1.445093153406913133e+00 1.460797051979416655e-03
1.460801116674862010e+00 1.291961211800891169e-03
1.476509079942810887e+00 1.240576390876992193e-03
1.492217043210759986e+00 1.064399861995052321e-03
1.507925006478708863e+00 1.013015041071153128e-03
1.523632969746657961e+00 1.005674352367739175e-03
1.539340933014606838e+00 1.035037107181395856e-03
1.555048896282555715e+00 9.909929749609108340e-04
1.570756859550504814e+00 9.616302201472542608e-04
1.586464822818453690e+00 9.102453992233550681e-04
1.602172786086402789e+00 8.515198895960418134e-04
1.617880749354351666e+00 8.808826444096983866e-04
1.633588712622300543e+00 9.102453992233550681e-04
1.649296675890249642e+00 1.042377795884809810e-03
1.665004639158198518e+00 1.174510192546264660e-03
1.680712602426147617e+00 1.284620523097476782e-03
1.696420565694096494e+00 1.468137740682830825e-03
1.712128528962045371e+00 1.761765288819396990e-03
1.727836492229994469e+00 2.026030082142306690e-03
1.743544455497943568e+00 2.282954186761802003e-03
1.759252418765892445e+00 2.459130715643741659e-03
1.774960382033841322e+00 2.855527905628105993e-03
1.790668345301790199e+00 3.244584406909056373e-03
1.806376308569739297e+00 3.567574709859279002e-03
1.822084271837688396e+00 3.780454682258289727e-03
1.837792235105637273e+00 4.213555315759724695e-03
1.853500198373586150e+00 4.639315260557745277e-03
1.869208161641535026e+00 5.211888979424048399e-03
1.884916124909484125e+00 5.622967546815241940e-03
1.900624088177433224e+00 6.144156444757646954e-03
1.916332051445382101e+00 6.768114984547849919e-03
1.932040014713330978e+00 7.399414213041467271e-03
1.947747977981279854e+00 8.001350686721428809e-03
1.963455941249228953e+00 8.698716113545772177e-03
1.979163904517178052e+00 9.645664956286197772e-03
1.994871867785126929e+00 1.058527311032320985e-02
2.010579831053076028e+00 1.169371710453874676e-02
2.026287794321024904e+00 1.291227142930549687e-02
2.041995757588974225e+00 1.411614437666541821e-02
2.057703720856923102e+00 1.551821591901752194e-02
2.073411684124871979e+00 1.681017713081841419e-02
2.089119647392820855e+00 1.767637839782128240e-02
2.104827610660769732e+00 1.874811894851974997e-02
2.120535573928718609e+00 1.979783743310797525e-02
2.136243537196667930e+00 2.052456561474597443e-02
2.151951500464616807e+00 2.088425936121326640e-02
2.167659463732565683e+00 2.108245795620544705e-02
2.183367427000514560e+00 2.119990897546007377e-02
2.199075390268463881e+00 2.097968831435765430e-02
2.214783353536412758e+00 2.083287454028937002e-02
2.230491316804361634e+00 2.034838908586403261e-02
2.246199280072310511e+00 1.987124432014211392e-02
2.261907243340259388e+00 1.928398922386898376e-02
2.277615206608208265e+00 1.849853553260366948e-02
2.293323169876157586e+00 1.789659905892370881e-02
2.309031133144106462e+00 1.713316743376863682e-02
2.324739096412055339e+00 1.630366961028283795e-02
2.340447059680004216e+00 1.556960073994142005e-02
2.356155022947953537e+00 1.454190432146343880e-02
2.371862986215902414e+00 1.412348506536883173e-02
2.387570949483851290e+00 1.368304374316398238e-02
2.403278912751800167e+00 1.316919553392499262e-02
2.418986876019749044e+00 1.309578864689085222e-02
2.434694839287697921e+00 1.250853355061772032e-02
2.450402802555647241e+00 1.236906046525284956e-02
2.466110765823596118e+00 1.240576390876992237e-02
2.481818729091544995e+00 1.243512666358357645e-02
2.497526692359493872e+00 1.253055561672796088e-02
2.513234655627443193e+00 1.247183010710064752e-02
2.528942618895392069e+00 1.242044528617674941e-02
2.544650582163340946e+00 1.264066594727917235e-02
2.560358545431289823e+00 1.234703839914260554e-02
2.576066508699238700e+00 1.244980804099040349e-02
2.591774471967188020e+00 1.244246735228699170e-02
2.607482435235136897e+00 1.242778597488016293e-02
2.623190398503085774e+00 1.256725906024503368e-02
2.638898361771034651e+00 1.262598456987234531e-02
2.654606325038983972e+00 1.291961211800891039e-02
2.670314288306932848e+00 1.317653622262840614e-02
2.686022251574881725e+00 1.298567831633963901e-02
2.701730214842830602e+00 1.303706313726353885e-02
2.717438178110779479e+00 1.261864388116893006e-02
2.733146141378728355e+00 1.233235702173577850e-02
2.748854104646677676e+00 1.185521225601385981e-02
2.764562067914626553e+00 1.109912131956219961e-02
2.780270031182575430e+00 1.048984415717882368e-02
2.795977994450524307e+00 9.924611127015937548e-03
2.811685957718473627e+00 9.168520190564279082e-03
2.827393920986422504e+00 8.691375424842358657e-03
2.843101884254371381e+00 7.803152091729246426e-03
2.858809847522320258e+00 7.252600438973184731e-03
2.874517810790269134e+00 6.562575700852254015e-03
2.890225774058218011e+00 5.821166141807424324e-03
2.905933737326167332e+00 5.182526224610393452e-03
2.921641700594116209e+00 4.441116665565562893e-03
2.937349663862065086e+00 3.714388483927562410e-03
2.953057627130013962e+00 3.200540274688571784e-03
2.968765590397963283e+00 2.627966555822266927e-03
2.984473553665912160e+00 2.224228677134488640e-03
3.000181516933861037e+00 1.754424600115982820e-03
3.015889480201809913e+00 1.380049476241860780e-03
3.031597443469758790e+00 1.101103305512123173e-03
3.047305406737707667e+00 9.029047105199410062e-04
3.063013370005656988e+00 6.826840494175163282e-04
3.078721333273605865e+00 4.918261431287483318e-04
3.094429296541554741e+00 3.890565012809501632e-04
3.110137259809503618e+00 3.523530577638793655e-04
3.125845223077452495e+00 3.670344351707077062e-04
