-3.946724439183105226e-05 0.000000000000000000e+00
1.566849602355713592e-02 0.000000000000000000e+00
3.137645929150609941e-02 0.000000000000000000e+00
4.708442255945507332e-02 0.000000000000000000e+00
6.279238582740404029e-02 0.000000000000000000e+00
7.850034909535300032e-02 0.000000000000000000e+00
9.420831236330196035e-02 0.000000000000000000e+00
1.099162756312509481e-01 0.000000000000000000e+00
1.256242388991999082e-01 0.000000000000000000e+00
1.413322021671488404e-01 0.000000000000000000e+00
1.570401654350978282e-01 0.000000000000000000e+00
1.727481287030468160e-01 0.000000000000000000e+00
1.884560919709957483e-01 0.000000000000000000e+00
2.041640552389447361e-01 0.000000000000000000e+00
2.198720185068937238e-01 0.000000000000000000e+00
2.355799817748426561e-01 0.000000000000000000e+00
2.512879450427916717e-01 0.000000000000000000e+00
2.669959083107406039e-01 0.000000000000000000e+00
2.827038715786895917e-01 0.000000000000000000e+00
2.984118348466385795e-01 0.000000000000000000e+00
3.141197981145875118e-01 0.000000000000000000e+00
3.298277613825364996e-01 0.000000000000000000e+00
3.455357246504854318e-01 0.000000000000000000e+00
3.612436879184344196e-01 0.000000000000000000e+00
3.769516511863834074e-01 0.000000000000000000e+00
3.926596144543323952e-01 0.000000000000000000e+00
4.083675777222813275e-01 0.000000000000000000e+00
4.240755409902303152e-01 0.000000000000000000e+00
4.397835042581792475e-01 0.000000000000000000e+00
4.554914675261282353e-01 0.000000000000000000e+00
4.711994307940772231e-01 0.000000000000000000e+00
4.869073940620261554e-01 0.000000000000000000e+00
5.026153573299750876e-01 0.000000000000000000e+00
5.183233205979241864e-01 0.000000000000000000e+00
5.340312838658730632e-01 0.000000000000000000e+00
5.497392471338219400e-01 0.000000000000000000e+00
5.654472104017710388e-01 0.000000000000000000e+00
5.811551736697199155e-01 0.000000000000000000e+00
5.968631369376690143e-01 0.000000000000000000e+00
6.125711002056178911e-01 0.000000000000000000e+00
6.282790634735667679e-01 0.000000000000000000e+00
6.439870267415158667e-01 0.000000000000000000e+00
6.596949900094647434e-01 0.000000000000000000e+00
6.754029532774138422e-01 0.000000000000000000e+00
6.911109165453627190e-01 0.000000000000000000e+00
7.068188798133117068e-01 0.000000000000000000e+00
7.225268430812606946e-01 0.000000000000000000e+00
7.382348063492095713e-01 0.000000000000000000e+00
7.539427696171586701e-01 0.000000000000000000e+00
7.696507328851075469e-01 0.000000000000000000e+00
7.853586961530565347e-01 0.000000000000000000e+00
8.010666594210055225e-01 0.000000000000000000e+00
8.167746226889543992e-01 0.000000000000000000e+00
8.324825859569034980e-01 0.000000000000000000e+00
8.481905492248523748e-01 0.000000000000000000e+00
8.638985124928014736e-01 0.000000000000000000e+00
8.796064757607503504e-01 0.000000000000000000e+00
8.953144390286992271e-01 0.000000000000000000e+00
9.110224022966483259e-01 0.000000000000000000e+00
9.267303655645972027e-01 0.000000000000000000e+00
9.424383288325463015e-01 0.000000000000000000e+00
9.581462921004951783e-01 0.000000000000000000e+00
9.738542553684440550e-01 0.000000000000000000e+00
9.895622186363931538e-01 0.000000000000000000e+00
1.005270181904341920e+00 0.000000000000000000e+00
1.020978145172290796e+00 0.000000000000000000e+00
1.036686108440239895e+00 0.000000000000000000e+00
1.052394071708188994e+00 0.000000000000000000e+00
1.068102034976137871e+00 0.000000000000000000e+00
1.083809998244086747e+00 0.000000000000000000e+00
1.099517961512035624e+00 0.000000000000000000e+00
1.115225924779984723e+00 0.000000000000000000e+00
1.130933888047933822e+00 0.000000000000000000e+00
1.146641851315882699e+00 0.000000000000000000e+00
1.162349814583831575e+00 0.000000000000000000e+00
1.178057777851780452e+00 0.000000000000000000e+00
1.193765741119729551e+00 0.000000000000000000e+00
1.209473704387678650e+00 0.000000000000000000e+00
1.225181667655627527e+00 0.000000000000000000e+00
1.240889630923576403e+00 0.000000000000000000e+00
1.256597594191525280e+00 0.000000000000000000e+00
1.272305557459474379e+00 0.000000000000000000e+00
1.288013520727423478e+00 0.000000000000000000e+00
1.303721483995372354e+00 0.000000000000000000e+00
1.319429447263321231e+00 0.000000000000000000e+00
1.335137410531270330e+00 0.000000000000000000e+00
1.350845373799219207e+00 1.468137740682830689e-05
1.366553337067168306e+00 1.468137740682830689e-05
1.382261300335117182e+00 5.872550962731323435e-05
1.397969263603066059e+00 5.872550962731323435e-05
1.413677226871015158e+00 7.340688703414154125e-05
1.429385190138964035e+00 8.808826444096985492e-05
1.445093153406913133e+00 1.468137740682830825e-04
1.460801116674862010e+00 1.908579062887679964e-04
1.476509079942810887e+00 2.495834159160812511e-04
1.492217043210759986e+00 2.789461707297378242e-04
1.507925006478708863e+00 3.156496142468085677e-04
1.523632969746657961e+00 3.963971899843643336e-04
1.539340933014606838e+00 4.404413222048492475e-04
1.555048896282555715e+00 4.771447657219199910e-04
1.570756859550504814e+00 5.211888979424050133e-04
1.586464822818453690e+00 5.652330301628899272e-04
1.602172786086402789e+00 6.092771623833748412e-04
1.617880749354351666e+00 6.606619833072738170e-04
1.633588712622300543e+00 7.340688703414155209e-04
1.649296675890249642e+00 8.808826444096984950e-04
1.665004639158198518e+00 9.322674653335975793e-04
1.680712602426147617e+00 1.093762616808709003e-03
1.696420565694096494e+00 1.247917079580406147e-03
1.712128528962045371e+00 1.394730853648689121e-03
1.727836492229994469e+00 1.585588759937457118e-03
1.743544455497943568e+00 1.805809421039881795e-03
1.759252418765892445e+00 2.048052148252548985e-03
1.774960382033841322e+00 2.297635564168630344e-03
1.790668345301790199e+00 2.488493470457398341e-03
1.806376308569739297e+00 2.877549971738348721e-03
1.822084271837688396e+00 3.332672671350025984e-03
1.837792235105637273e+00 3.809817437071945541e-03
1.853500198373586150e+00 4.331006335014351422e-03
1.869208161641535026e+00 4.874217299066997862e-03
1.884916124909484125e+00 5.578923414594757352e-03
1.900624088177433224e+00 6.232244709198616131e-03
1.916332051445382101e+00 6.973654268243445822e-03
1.932040014713330978e+00 7.604953496737064042e-03
1.947747977981279854e+00 8.434451320222862911e-03
1.963455941249228953e+00 9.263949143708663514e-03
1.979163904517178052e+00 1.037973382662761394e-02
1.994871867785126929e+00 1.128997922585096847e-02
2.010579831053076028e+00 1.236906046525284956e-02
2.026287794321024904e+00 1.360963685612984198e-02
2.041995757588974225e+00 1.468871809553172307e-02
2.057703720856923102e+00 1.609078963788382680e-02
2.073411684124871979e+00 1.722859638691302125e-02
2.089119647392820855e+00 1.810213834261930471e-02
2.104827610660769732e+00 1.910047200628363015e-02
2.120535573928718609e+00 2.036307046327086312e-02
2.136243537196667930e+00 2.134672274952836152e-02
2.151951500464616807e+00 2.194865922320832219e-02
2.167659463732565683e+00 2.227899021486196007e-02
2.183367427000514560e+00 2.252123294207462878e-02
2.199075390268463881e+00 2.241112261152341384e-02
2.214783353536412758e+00 2.253591431948145235e-02
2.230491316804361634e+00 2.191929646839466811e-02
2.246199280072310511e+00 2.132470068341811922e-02
2.261907243340259388e+00 2.100171038046789659e-02
2.277615206608208265e+00 2.039977390678793592e-02
2.293323169876157586e+00 1.957761677200554884e-02
2.309031133144106462e+00 1.874077825981633472e-02
2.324739096412055339e+00 1.783787354929639024e-02
2.340447059680004216e+00 1.725795914172667533e-02
2.356155022947953537e+00 1.647250545046136105e-02
2.371862986215902414e+00 1.591461310900188497e-02
2.387570949483851290e+00 1.530533594661851078e-02
2.403278912751800167e+00 1.507777459681267258e-02
2.418986876019749044e+00 1.509979666292291314e-02
2.434694839287697921e+00 1.487223531311707495e-02
2.450402802555647241e+00 1.462265189720099445e-02
2.466110765823596118e+00 1.405007817833469133e-02
2.481818729091544995e+00 1.382251682852885313e-02
2.497526692359493872e+00 1.401337473481762026e-02
2.513234655627443193e+00 1.420423264110638739e-02
2.528942618895392069e+00 1.414550713147907403e-02
2.544650582163340946e+00 1.415284782018248581e-02
2.560358545431289823e+00 1.410146299925858770e-02
2.576066508699238700e+00 1.421891401851321443e-02
2.591774471967188020e+00 1.440243123609856804e-02
2.607482435235136897e+00 1.400603404611420674e-02
2.623190398503085774e+00 1.355091134650253035e-02
2.638898361771034651e+00 1.323526173225572124e-02
2.654606325038983972e+00 1.311047002429768099e-02
2.670314288306932848e+00 1.322792104355230598e-02
2.686022251574881725e+00 1.312515140170450803e-02
2.701730214842830602e+00 1.285354591967818177e-02
2.717438178110779479e+00 1.280950178745769719e-02
2.733146141378728355e+00 1.265534732468600286e-02
2.748854104646677676e+00 1.253789630543137440e-02
2.764562067914626553e+00 1.210479567192994030e-02
2.780270031182575430e+00 1.127529784844414143e-02
2.795977994450524307e+00 1.071740550698466535e-02
2.811685957718473627e+00 9.975995947939835656e-03
2.827393920986422504e+00 8.985002972978923738e-03
2.843101884254371381e+00 7.898581044873630858e-03
2.858809847522320258e+00 7.039720466574173573e-03
2.874517810790269134e+00 6.129475067350818179e-03
2.890225774058218011e+00 5.299977243865018443e-03
2.905933737326167332e+00 4.558567684820189619e-03
2.921641700594116209e+00 3.758432616148046565e-03
2.937349663862065086e+00 3.178518208578328622e-03
2.953057627130013962e+00 2.818824462111035357e-03
2.968765590397963283e+00 2.312316941575458251e-03
2.984473553665912160e+00 1.930601128997922475e-03
3.000181516933861037e+00 1.636973580861356310e-03
3.015889480201809913e+00 1.372708787538446827e-03
3.031597443469758790e+00 1.152488126436022149e-03
3.047305406737707667e+00 8.955640218165267273e-04
3.063013370005656988e+00 7.120468042311729013e-04
3.078721333273605865e+00 5.211888979424050133e-04
3.094429296541554741e+00 3.817158125775360470e-04
3.110137259809503618e+00 2.936275481365662192e-04
3.125845223077452495e+00 2.569241046194953673e-04
