-3.946724439183105226e-05 0.000000000000000000e+00
1.566849602355713592e-02 0.000000000000000000e+00
3.137645929150609941e-02 0.000000000000000000e+00
4.708442255945507332e-02 0.000000000000000000e+00
6.279238582740404029e-02 0.000000000000000000e+00
7.850034909535300032e-02 0.000000000000000000e+00
9.420831236330196035e-02 0.000000000000000000e+00
1.099162756312509481e-01 0.000000000000000000e+00
1.256242388991999082e-01 0.000000000000000000e+00
1.413322021671488404e-01 0.000000000000000000e+00
1.570401654350978282e-01 0.000000000000000000e+00
1.727481287030468160e-01 0.000000000000000000e+00
1.884560919709957483e-01 0.000000000000000000e+00
2.041640552389447361e-01 0.000000000000000000e+00
2.198720185068937238e-01 0.000000000000000000e+00
2.355799817748426561e-01 0.000000000000000000e+00
2.512879450427916717e-01 0.000000000000000000e+00
2.669959083107406039e-01 0.000000000000000000e+00
2.827038715786895917e-01 0.000000000000000000e+00
2.984118348466385795e-01 0.000000000000000000e+00
3.141197981145875118e-01 0.000000000000000000e+00
3.298277613825364996e-01 0.000000000000000000e+00
3.455357246504854318e-01 0.000000000000000000e+00
3.612436879184344196e-01 0.000000000000000000e+00
3.769516511863834074e-01 0.000000000000000000e+00
3.926596144543323952e-01 0.000000000000000000e+00
4.083675777222813275e-01 0.000000000000000000e+00
4.240755409902303152e-01 0.000000000000000000e+00
4.397835042581792475e-01 0.000000000000000000e+00
4.554914675261282353e-01 0.000000000000000000e+00
4.711994307940772231e-01 0.000000000000000000e+00
4.869073940620261554e-01 0.000000000000000000e+00
5.026153573299750876e-01 0.000000000000000000e+00
5.183233205979241864e-01 0.000000000000000000e+00
5.340312838658730632e-01 0.000000000000000000e+00
5.497392471338219400e-01 0.000000000000000000e+00
5.654472104017710388e-01 0.000000000000000000e+00
5.811551736697199155e-01 0.000000000000000000e+00
5.968631369376690143e-01 0.000000000000000000e+00
6.125711002056178911e-01 0.000000000000000000e+00
6.282790634735667679e-01 0.000000000000000000e+00
6.439870267415158667e-01 0.000000000000000000e+00
6.596949900094647434e-01 0.000000000000000000e+00
6.754029532774138422e-01 0.000000000000000000e+00
6.911109165453627190e-01 0.000000000000000000e+00
7.068188798133117068e-01 0.000000000000000000e+00
7.225268430812606946e-01 0.000000000000000000e+00
7.382348063492095713e-01 0.000000000000000000e+00
7.539427696171586701e-01 0.000000000000000000e+00
7.696507328851075469e-01 0.000000000000000000e+00
7.853586961530565347e-01 0.000000000000000000e+00
8.010666594210055225e-01 0.000000000000000000e+00
8.167746226889543992e-01 0.000000000000000000e+00
8.324825859569034980e-01 0.000000000000000000e+00
8.481905492248523748e-01 0.000000000000000000e+00
8.638985124928014736e-01 0.000000000000000000e+00
8.796064757607503504e-01 0.000000000000000000e+00
8.953144390286992271e-01 0.000000000000000000e+00
9.110224022966483259e-01 0.000000000000000000e+00
9.267303655645972027e-01 0.000000000000000000e+00
9.424383288325463015e-01 0.000000000000000000e+00
9.581462921004951783e-01 0.000000000000000000e+00
9.738542553684440550e-01 0.000000000000000000e+00
9.895622186363931538e-01 0.000000000000000000e+00
1.005270181904341920e+00 0.000000000000000000e+00
1.020978145172290796e+00 0.000000000000000000e+00
1.036686108440239895e+00 0.000000000000000000e+00
1.052394071708188994e+00 0.000000000000000000e+00
1.068102034976137871e+00 0.000000000000000000e+00
1.083809998244086747e+00 0.000000000000000000e+00
1.099517961512035624e+00 0.000000000000000000e+00
1.115225924779984723e+00 0.000000000000000000e+00
1.130933888047933822e+00 0.000000000000000000e+00
1.146641851315882699e+00 0.000000000000000000e+00
1.162349814583831575e+00 0.000000000000000000e+00
1.178057777851780452e+00 0.000000000000000000e+00
1.193765741119729551e+00 0.000000000000000000e+00
1.209473704387678650e+00 0.000000000000000000e+00
1.225181667655627527e+00 0.000000000000000000e+00
1.240889630923576403e+00 0.000000000000000000e+00
1.256597594191525280e+00 0.000000000000000000e+00
1.272305557459474379e+00 0.000000000000000000e+00
1.288013520727423478e+00 0.000000000000000000e+00
1.303721483995372354e+00 0.000000000000000000e+00
1.319429447263321231e+00 0.000000000000000000e+00
1.335137410531270330e+00 0.000000000000000000e+00
1.350845373799219207e+00 0.000000000000000000e+00
1.366553337067168306e+00 0.000000000000000000e+00
1.382261300335117182e+00 0.000000000000000000e+00
1.397969263603066059e+00 0.000000000000000000e+00
1.413677226871015158e+00 0.000000000000000000e+00
1.429385190138964035e+00 0.000000000000000000e+00
1.445093153406913133e+00 0.000000000000000000e+00
1.460801116674862010e+00 0.000000000000000000e+00
1.476509079942810887e+00 0.000000000000000000e+00
1.492217043210759986e+00 0.000000000000000000e+00
1.507925006478708863e+00 7.340688703414153447e-06
1.523632969746657961e+00 7.340688703414153447e-06
1.539340933014606838e+00 7.340688703414153447e-06
1.555048896282555715e+00 7.340688703414153447e-06
1.570756859550504814e+00 1.468137740682830689e-05
1.586464822818453690e+00 1.468137740682830689e-05
1.602172786086402789e+00 2.202206611024246373e-05
1.617880749354351666e+00 3.670344351707077062e-05
1.633588712622300543e+00 5.872550962731323435e-05
1.649296675890249642e+00 8.074757573755569808e-05
1.665004639158198518e+00 9.542895314438399820e-05
1.680712602426147617e+00 1.394730853648689121e-04
1.696420565694096494e+00 1.688358401785255395e-04
1.712128528962045371e+00 2.055392836955963372e-04
1.727836492229994469e+00 3.009682368399802812e-04
1.743544455497943568e+00 4.037378786877783956e-04
1.759252418765892445e+00 4.624633883150917044e-04
1.774960382033841322e+00 6.459806059004454763e-04
1.790668345301790199e+00 8.148164460789710699e-04
1.806376308569739297e+00 1.071740550698466275e-03
1.822084271837688396e+00 1.365368098835032656e-03
1.837792235105637273e+00 1.644314269564770481e-03
1.853500198373586150e+00 2.011348704735478349e-03
1.869208161641535026e+00 2.378383139906186002e-03
1.884916124909484125e+00 2.708714131559822585e-03
1.900624088177433224e+00 2.943616170069076037e-03
1.916332051445382101e+00 3.369376114867097052e-03
1.932040014713330978e+00 3.721729172630975930e-03
1.947747977981279854e+00 4.206214627056310308e-03
1.963455941249228953e+00 4.617293194447502983e-03
1.979163904517178052e+00 5.233911045534291560e-03
1.994871867785126929e+00 5.997342670689363546e-03
2.010579831053076028e+00 7.098445976201487803e-03
2.026287794321024904e+00 8.111461017272640281e-03
2.041995757588974225e+00 9.205223634081350151e-03
2.057703720856923102e+00 1.049718484588224067e-02
2.073411684124871979e+00 1.179648674638654644e-02
2.089119647392820855e+00 1.328664655317961935e-02
2.104827610660769732e+00 1.454924501016685405e-02
2.120535573928718609e+00 1.585588759937457334e-02
2.136243537196667930e+00 1.736806947227788681e-02
2.151951500464616807e+00 1.874077825981633472e-02
2.167659463732565683e+00 1.979049674440456000e-02
2.183367427000514560e+00 2.105309520139178950e-02
2.199075390268463881e+00 2.183854889265710725e-02
2.214783353536412758e+00 2.262400258392242500e-02
2.230491316804361634e+00 2.310848803834775894e-02
2.246199280072310511e+00 2.323327974630579745e-02
2.261907243340259388e+00 2.356361073795943187e-02
2.277615206608208265e+00 2.357829211536626238e-02
2.293323169876157586e+00 2.339477489778090877e-02
2.309031133144106462e+00 2.325530181241604322e-02
2.324739096412055339e+00 2.343881903000139683e-02
2.340447059680004216e+00 2.351956660573895422e-02
2.356155022947953537e+00 2.331402732204335138e-02
2.371862986215902414e+00 2.280017911280435988e-02
2.387570949483851290e+00 2.255793638559169118e-02
2.403278912751800167e+00 2.235239710189609527e-02
2.418986876019749044e+00 2.212483575209026054e-02
2.434694839287697921e+00 2.177248269432638036e-02
2.450402802555647241e+00 2.142012963656250366e-02
2.466110765823596118e+00 2.062733525659377412e-02
2.481818729091544995e+00 2.069340145492450100e-02
2.497526692359493872e+00 2.028966357623672445e-02
2.513234655627443193e+00 1.998135465069332539e-02
2.528942618895392069e+00 1.975379330088748719e-02
2.544650582163340946e+00 1.931335197868263784e-02
2.560358545431289823e+00 1.860130517445146570e-02
2.576066508699238700e+00 1.852789828741732703e-02
2.591774471967188020e+00 1.777914803966908208e-02
2.607482435235136897e+00 1.752956462375300159e-02
2.623190398503085774e+00 1.686890264044572929e-02
2.638898361771034651e+00 1.609813032658724205e-02
2.654606325038983972e+00 1.544480903198338154e-02
2.670314288306932848e+00 1.495298288885463234e-02
2.686022251574881725e+00 1.436572779258150044e-02
2.701730214842830602e+00 1.361697754483325723e-02
2.717438178110779479e+00 1.280216109875428540e-02
2.733146141378728355e+00 1.203872947359921342e-02
2.748854104646677676e+00 1.137806749029193938e-02
2.764562067914626553e+00 1.048250346847541190e-02
2.780270031182575430e+00 9.623642890175955478e-03
2.795977994450524307e+00 8.728078868359429726e-03
2.811685957718473627e+00 7.839855535246317494e-03
2.827393920986422504e+00 6.944291513429790008e-03
2.843101884254371381e+00 6.078090246426920071e-03
2.858809847522320258e+00 5.226570356830878041e-03
2.874517810790269134e+00 4.433775976862149373e-03
2.890225774058218011e+00 3.773113993554875339e-03
2.905933737326167332e+00 3.163836831171500281e-03
2.921641700594116209e+00 2.701373442856408631e-03
2.937349663862065086e+00 2.246250743244731368e-03
2.953057627130013962e+00 1.879216308074023499e-03
2.968765590397963283e+00 1.475478429386244995e-03
2.984473553665912160e+00 1.145147437732607978e-03
3.000181516933861037e+00 8.662012670028703711e-04
3.015889480201809913e+00 7.267281816380012421e-04
3.031597443469758790e+00 5.652330301628898188e-04
3.047305406737707667e+00 4.037378786877785040e-04
3.063013370005656988e+00 3.083089255433944516e-04
3.078721333273605865e+00 2.569241046194954215e-04
3.094429296541554741e+00 2.128799723990105076e-04
3.110137259809503618e+00 1.541544627716972529e-04
3.125845223077452495e+00 1.247917079580406255e-04
