-3.946724439183105226e-05 0.000000000000000000e+00
1.566849602355713592e-02 0.000000000000000000e+00
3.137645929150609941e-02 0.000000000000000000e+00
4.708442255945507332e-02 0.000000000000000000e+00
6.279238582740404029e-02 0.000000000000000000e+00
7.850034909535300032e-02 0.000000000000000000e+00
9.420831236330196035e-02 0.000000000000000000e+00
1.099162756312509481e-01 0.000000000000000000e+00
1.256242388991999082e-01 0.000000000000000000e+00
1.413322021671488404e-01 0.000000000000000000e+00
1.570401654350978282e-01 0.000000000000000000e+00
1.727481287030468160e-01 0.000000000000000000e+00
1.884560919709957483e-01 0.000000000000000000e+00
2.041640552389447361e-01 0.000000000000000000e+00
2.198720185068937238e-01 0.000000000000000000e+00
2.355799817748426561e-01 0.000000000000000000e+00
2.512879450427916717e-01 0.000000000000000000e+00
2.669959083107406039e-01 0.000000000000000000e+00
2.827038715786895917e-01 0.000000000000000000e+00
2.984118348466385795e-01 0.000000000000000000e+00
3.141197981145875118e-01 0.000000000000000000e+00
3.298277613825364996e-01 0.000000000000000000e+00
3.455357246504854318e-01 0.000000000000000000e+00
3.612436879184344196e-01 0.000000000000000000e+00
3.769516511863834074e-01 0.000000000000000000e+00
3.926596144543323952e-01 0.000000000000000000e+00
4.083675777222813275e-01 0.000000000000000000e+00
4.240755409902303152e-01 0.000000000000000000e+00
4.397835042581792475e-01 0.000000000000000000e+00
4.554914675261282353e-01 0.000000000000000000e+00
4.711994307940772231e-01 0.000000000000000000e+00
4.869073940620261554e-01 0.000000000000000000e+00
5.026153573299750876e-01 0.000000000000000000e+00
5.183233205979241864e-01 0.000000000000000000e+00
5.340312838658730632e-01 0.000000000000000000e+00
5.497392471338219400e-01 0.000000000000000000e+00
5.654472104017710388e-01 0.000000000000000000e+00
5.811551736697199155e-01 0.000000000000000000e+00
5.968631369376690143e-01 0.000000000000000000e+00
6.125711002056178911e-01 0.000000000000000000e+00
6.282790634735667679e-01 0.000000000000000000e+00
6.439870267415158667e-01 0.000000000000000000e+00
6.596949900094647434e-01 0.000000000000000000e+00
6.754029532774138422e-01 0.000000000000000000e+00
6.911109165453627190e-01 0.000000000000000000e+00
7.068188798133117068e-01 0.000000000000000000e+00
7.225268430812606946e-01 0.000000000000000000e+00
7.382348063492095713e-01 0.000000000000000000e+00
7.539427696171586701e-01 0.000000000000000000e+00
7.696507328851075469e-01 0.000000000000000000e+00
7.853586961530565347e-01 0.000000000000000000e+00
8.010666594210055225e-01 0.000000000000000000e+00
8.167746226889543992e-01 0.000000000000000000e+00
8.324825859569034980e-01 0.000000000000000000e+00
8.481905492248523748e-01 0.000000000000000000e+00
8.638985124928014736e-01 0.000000000000000000e+00
8.796064757607503504e-01 0.000000000000000000e+00
8.953144390286992271e-01 0.000000000000000000e+00
9.110224022966483259e-01 0.000000000000000000e+00
9.267303655645972027e-01 0.000000000000000000e+00
9.424383288325463015e-01 1.468137740682830689e-05
9.581462921004951783e-01 1.468137740682830689e-05
9.738542553684440550e-01 2.202206611024246034e-05
9.895622186363931538e-01 3.670344351707077062e-05
1.005270181904341920e+00 5.872550962731323435e-05
1.020978145172290796e+00 9.542895314438399820e-05
1.036686108440239895e+00 1.468137740682830825e-04
1.052394071708188994e+00 2.128799723990104534e-04
1.068102034976137871e+00 3.156496142468085677e-04
1.083809998244086747e+00 4.624633883150917587e-04
1.099517961512035624e+00 6.386399171970314143e-04
1.115225924779984723e+00 8.735419557062843246e-04
1.130933888047933822e+00 1.020355729774567299e-03
1.146641851315882699e+00 1.306642589207719293e-03
1.162349814583831575e+00 1.607610826047699629e-03
1.178057777851780452e+00 1.886556996777437670e-03
1.193765741119729551e+00 2.231569365837902594e-03
1.209473704387678650e+00 2.649988621932509222e-03
1.225181667655627527e+00 2.870209283034933900e-03
1.240889630923576403e+00 3.207880963391985304e-03
1.256597594191525280e+00 3.354694737460268278e-03
1.272305557459474379e+00 3.530871266342207934e-03
1.288013520727423478e+00 3.596937464672935250e-03
1.303721483995372354e+00 3.501508511528550818e-03
1.319429447263321231e+00 3.332672671350025550e-03
1.335137410531270330e+00 3.229903029502228032e-03
1.350845373799219207e+00 3.009682368399803354e-03
1.366553337067168306e+00 2.833505839517863265e-03
1.382261300335117182e+00 2.503174847864226248e-03
1.397969263603066059e+00 2.231569365837902594e-03
1.413677226871015158e+00 2.033370770845720644e-03
1.429385190138964035e+00 1.791128043633053672e-03
1.445093153406913133e+00 1.607610826047699846e-03
1.460801116674862010e+00 1.431434297165760190e-03
1.476509079942810887e+00 1.306642589207719510e-03
1.492217043210759986e+00 1.181850881249678830e-03
1.507925006478708863e+00 1.174510192546264443e-03
1.523632969746657961e+00 1.086421928105294832e-03
1.539340933014606838e+00 1.035037107181395639e-03
1.555048896282555715e+00 1.057059173291638151e-03
1.570756859550504814e+00 1.042377795884809810e-03
1.586464822818453690e+00 1.071740550698466491e-03
1.602172786086402789e+00 1.108443994215537343e-03
1.617880749354351666e+00 1.057059173291638151e-03
1.633588712622300543e+00 1.079081239401880662e-03
1.649296675890249642e+00 1.189191569953093001e-03
1.665004639158198518e+00 1.211213636063335295e-03
1.680712602426147617e+00 1.504841184199901460e-03
1.696420565694096494e+00 1.666336335675012775e-03
1.712128528962045371e+00 1.871875619370609112e-03
1.727836492229994469e+00 2.114118346583276301e-03
1.743544455497943568e+00 2.503174847864226248e-03
1.759252418765892445e+00 2.782121018593964289e-03
1.774960382033841322e+00 2.965638236179317898e-03
1.790668345301790199e+00 3.273947161722712620e-03
1.806376308569739297e+00 3.655662974300248613e-03
1.822084271837688396e+00 3.971312588547057723e-03
1.837792235105637273e+00 4.375050467234836010e-03
1.853500198373586150e+00 4.705381458888473027e-03
1.869208161641535026e+00 5.094437960169423407e-03
1.884916124909484125e+00 5.843188207917666618e-03
1.900624088177433224e+00 6.202881954384960317e-03
1.916332051445382101e+00 6.635982587886396153e-03
1.932040014713330978e+00 7.245259750269770344e-03
1.947747977981279854e+00 8.236252725230680527e-03
1.963455941249228953e+00 9.183201567971106122e-03
1.979163904517178052e+00 9.975995947939835656e-03
1.994871867785126929e+00 1.091560410197684773e-02
2.010579831053076028e+00 1.223692806859139580e-02
2.026287794321024904e+00 1.364634029964691131e-02
2.041995757588974225e+00 1.489425737922731724e-02
2.057703720856923102e+00 1.601004206214626940e-02
2.073411684124871979e+00 1.739743222709154435e-02
2.089119647392820855e+00 1.860130517445146570e-02
2.104827610660769732e+00 1.970240847996358735e-02
2.120535573928718609e+00 2.058329112437328606e-02
2.136243537196667930e+00 2.121459035286690428e-02
2.151951500464616807e+00 2.182386751525028021e-02
2.167659463732565683e+00 2.188259302487759184e-02
2.183367427000514560e+00 2.150821790100346936e-02
2.199075390268463881e+00 2.125129379638397362e-02
2.214783353536412758e+00 2.067137938881425871e-02
2.230491316804361634e+00 1.995933258458308310e-02
2.246199280072310511e+00 1.925462646905532968e-02
2.261907243340259388e+00 1.847651346649342718e-02
2.277615206608208265e+00 1.791128043633053585e-02
2.293323169876157586e+00 1.741945429320179012e-02
2.309031133144106462e+00 1.659729715841940303e-02
2.324739096412055339e+00 1.595865724122236956e-02
2.340447059680004216e+00 1.548151247550045261e-02
2.356155022947953537e+00 1.479148773737952102e-02
2.371862986215902414e+00 1.407210024444493363e-02
2.387570949483851290e+00 1.352154859168887106e-02
2.403278912751800167e+00 1.294897487282256794e-02
2.418986876019749044e+00 1.266268801338941638e-02
2.434694839287697921e+00 1.218554324766749596e-02
2.450402802555647241e+00 1.180382743508995996e-02
2.466110765823596118e+00 1.170105779324216201e-02
2.481818729091544995e+00 1.200202603008214061e-02
2.497526692359493872e+00 1.202404809619238291e-02
2.513234655627443193e+00 1.195798189786165602e-02
2.528942618895392069e+00 1.207543291711628101e-02
2.544650582163340946e+00 1.224426875729480932e-02
2.560358545431289823e+00 1.217820255896408244e-02
2.576066508699238700e+00 1.209011429452311326e-02
2.591774471967188020e+00 1.181850881249678874e-02
2.607482435235136897e+00 1.166435434972509094e-02
2.623190398503085774e+00 1.175244261416606012e-02
2.638898361771034651e+00 1.193595983175141373e-02
2.654606325038983972e+00 1.181850881249678874e-02
2.670314288306932848e+00 1.191393776564117143e-02
2.686022251574881725e+00 1.206809222841286749e-02
2.701730214842830602e+00 1.202404809619238291e-02
2.717438178110779479e+00 1.200936671878555587e-02
2.733146141378728355e+00 1.200936671878555587e-02
2.748854104646677676e+00 1.129731991455438199e-02
2.764562067914626553e+00 1.112114338567244363e-02
2.780270031182575430e+00 1.066602068606076550e-02
2.795977994450524307e+00 9.983336636643250911e-03
2.811685957718473627e+00 9.322674653335975142e-03
2.827393920986422504e+00 8.419769942816035871e-03
2.843101884254371381e+00 7.318666637303910746e-03
2.858809847522320258e+00 6.797477739361506600e-03
2.874517810790269134e+00 5.901913717544979114e-03
2.890225774058218011e+00 5.035712450542110044e-03
2.905933737326167332e+00 4.279621514090452446e-03
2.921641700594116209e+00 3.736410550037804704e-03
2.937349663862065086e+00 3.303309916536369736e-03
2.953057627130013962e+00 2.818824462111034924e-03
2.968765590397963283e+00 2.444449338236913318e-03
2.984473553665912160e+00 2.158162478803760890e-03
3.000181516933861037e+00 1.893897685480851623e-03
3.015889480201809913e+00 1.622292203454528186e-03
3.031597443469758790e+00 1.306642589207719510e-03
3.047305406737707667e+00 1.049718484588223980e-03
3.063013370005656988e+00 8.808826444096984950e-04
3.078721333273605865e+00 6.680026720106880958e-04
3.094429296541554741e+00 5.138482092389908430e-04
3.110137259809503618e+00 4.404413222048493017e-04
3.125845223077452495e+00 4.477820109082634179e-04
