-3.946724439183105226e-05 0.000000000000000000e+00
1.566849602355713592e-02 0.000000000000000000e+00
3.137645929150609941e-02 0.000000000000000000e+00
4.708442255945507332e-02 0.000000000000000000e+00
6.279238582740404029e-02 0.000000000000000000e+00
7.850034909535300032e-02 0.000000000000000000e+00
9.420831236330196035e-02 0.000000000000000000e+00
1.099162756312509481e-01 0.000000000000000000e+00
1.256242388991999082e-01 0.000000000000000000e+00
1.413322021671488404e-01 0.000000000000000000e+00
1.570401654350978282e-01 0.000000000000000000e+00
1.727481287030468160e-01 0.000000000000000000e+00
1.884560919709957483e-01 0.000000000000000000e+00
2.041640552389447361e-01 0.000000000000000000e+00
2.198720185068937238e-01 0.000000000000000000e+00
2.355799817748426561e-01 0.000000000000000000e+00
2.512879450427916717e-01 0.000000000000000000e+00
2.669959083107406039e-01 0.000000000000000000e+00
2.827038715786895917e-01 0.000000000000000000e+00
2.984118348466385795e-01 0.000000000000000000e+00
3.141197981145875118e-01 0.000000000000000000e+00
3.298277613825364996e-01 0.000000000000000000e+00
3.455357246504854318e-01 0.000000000000000000e+00
3.612436879184344196e-01 0.000000000000000000e+00
3.769516511863834074e-01 0.000000000000000000e+00
3.926596144543323952e-01 0.000000000000000000e+00
4.083675777222813275e-01 0.000000000000000000e+00
4.240755409902303152e-01 0.000000000000000000e+00
4.397835042581792475e-01 0.000000000000000000e+00
4.554914675261282353e-01 0.000000000000000000e+00
4.711994307940772231e-01 0.000000000000000000e+00
4.869073940620261554e-01 0.000000000000000000e+00
5.026153573299750876e-01 0.000000000000000000e+00
5.183233205979241864e-01 0.000000000000000000e+00
5.340312838658730632e-01 0.000000000000000000e+00
5.497392471338219400e-01 0.000000000000000000e+00
5.654472104017710388e-01 0.000000000000000000e+00
5.811551736697199155e-01 0.000000000000000000e+00
5.968631369376690143e-01 0.000000000000000000e+00
6.125711002056178911e-01 0.000000000000000000e+00
6.282790634735667679e-01 0.000000000000000000e+00
6.439870267415158667e-01 0.000000000000000000e+00
6.596949900094647434e-01 0.000000000000000000e+00
6.754029532774138422e-01 0.000000000000000000e+00
6.911109165453627190e-01 0.000000000000000000e+00
7.068188798133117068e-01 0.000000000000000000e+00
7.225268430812606946e-01 0.000000000000000000e+00
7.382348063492095713e-01 0.000000000000000000e+00
7.539427696171586701e-01 0.000000000000000000e+00
7.696507328851075469e-01 0.000000000000000000e+00
7.853586961530565347e-01 0.000000000000000000e+00
8.010666594210055225e-01 0.000000000000000000e+00
8.167746226889543992e-01 0.000000000000000000e+00
8.324825859569034980e-01 0.000000000000000000e+00
8.481905492248523748e-01 0.000000000000000000e+00
8.638985124928014736e-01 0.000000000000000000e+00
8.796064757607503504e-01 0.000000000000000000e+00
8.953144390286992271e-01 0.000000000000000000e+00
9.110224022966483259e-01 0.000000000000000000e+00
9.267303655645972027e-01 7.340688703414153447e-06
9.424383288325463015e-01 7.340688703414153447e-06
9.581462921004951783e-01 1.468137740682830689e-05
9.738542553684440550e-01 1.468137740682830689e-05
9.895622186363931538e-01 3.670344351707077062e-05
1.005270181904341920e+00 4.404413222048492746e-05
1.020978145172290796e+00 1.027696418477981550e-04
1.036686108440239895e+00 1.688358401785255395e-04
1.052394071708188994e+00 2.495834159160812511e-04
1.068102034976137871e+00 3.596937464672935359e-04
1.083809998244086747e+00 4.257599447980209067e-04
1.099517961512035624e+00 5.652330301628898188e-04
1.115225924779984723e+00 8.001350686721428376e-04
1.130933888047933822e+00 9.616302201472541524e-04
1.146641851315882699e+00 1.269939145690648658e-03
1.162349814583831575e+00 1.798468732336467625e-03
1.178057777851780452e+00 2.224228677134488640e-03
1.193765741119729551e+00 2.605944489712024633e-03
1.209473704387678650e+00 2.921594103958833309e-03
1.225181667655627527e+00 3.193199585985156529e-03
1.240889630923576403e+00 3.648322285596834226e-03
1.256597594191525280e+00 3.773113993554874906e-03
1.272305557459474379e+00 3.721729172630976364e-03
1.288013520727423478e+00 3.560234021155865049e-03
1.303721483995372354e+00 3.516189888935379593e-03
1.319429447263321231e+00 3.442783001901237889e-03
1.335137410531270330e+00 3.288628539129540961e-03
1.350845373799219207e+00 2.958297547475904378e-03
1.366553337067168306e+00 2.796802396000793063e-03
1.382261300335117182e+00 2.503174847864226681e-03
1.397969263603066059e+00 2.334339007685700546e-03
1.413677226871015158e+00 2.062733525659376892e-03
1.429385190138964035e+00 1.864534930667195159e-03
1.445093153406913133e+00 1.666336335675012992e-03
1.460801116674862010e+00 1.504841184199901460e-03
1.476509079942810887e+00 1.358027410131618703e-03
1.492217043210759986e+00 1.269939145690648658e-03
1.507925006478708863e+00 1.196532258656506954e-03
1.523632969746657961e+00 1.181850881249678830e-03
1.539340933014606838e+00 1.093762616808709003e-03
1.555048896282555715e+00 1.049718484588224197e-03
1.570756859550504814e+00 9.983336636643252212e-04
1.586464822818453690e+00 1.005674352367738958e-03
1.602172786086402789e+00 9.909929749609106171e-04
1.617880749354351666e+00 9.836522862574966636e-04
1.633588712622300543e+00 1.057059173291638151e-03
1.649296675890249642e+00 1.108443994215537126e-03
1.665004639158198518e+00 1.233235702173578023e-03
1.680712602426147617e+00 1.475478429386244779e-03
1.696420565694096494e+00 1.614951514751113799e-03
1.712128528962045371e+00 1.732402534005740308e-03
1.727836492229994469e+00 1.981985949921821668e-03
1.743544455497943568e+00 2.297635564168630344e-03
1.759252418765892445e+00 2.657329310635923609e-03
1.774960382033841322e+00 2.870209283034934333e-03
1.790668345301790199e+00 3.127133387654430080e-03
1.806376308569739297e+00 3.560234021155865049e-03
1.822084271837688396e+00 4.052060164284613381e-03
1.837792235105637273e+00 4.529204930006533805e-03
1.853500198373586150e+00 4.903580053880654543e-03
1.869208161641535026e+00 5.351362064788918287e-03
1.884916124909484125e+00 5.953298538468878090e-03
1.900624088177433224e+00 6.680026720106879874e-03
1.916332051445382101e+00 7.370051458227809722e-03
1.932040014713330978e+00 7.854536912653144534e-03
1.947747977981279854e+00 8.669353358732114628e-03
1.963455941249228953e+00 9.704390465913511135e-03
1.979163904517178052e+00 1.059261379902662510e-02
1.994871867785126929e+00 1.162765090620801987e-02
2.010579831053076028e+00 1.236906046525284783e-02
2.026287794321024904e+00 1.336005344021375975e-02
2.041995757588974225e+00 1.447583812313271018e-02
2.057703720856923102e+00 1.553289729642435071e-02
2.073411684124871979e+00 1.667070404545354517e-02
2.089119647392820855e+00 1.757360875597348271e-02
2.104827610660769732e+00 1.863066792926512324e-02
2.120535573928718609e+00 1.966570503644651802e-02
2.136243537196667930e+00 2.032636701975379032e-02
2.151951500464616807e+00 2.085489660639961232e-02
2.167659463732565683e+00 2.106777657879862348e-02
2.183367427000514560e+00 2.094298487084057803e-02
2.199075390268463881e+00 2.073010489844157034e-02
2.214783353536412758e+00 2.022359737790599410e-02
2.230491316804361634e+00 1.977581536699773296e-02
2.246199280072310511e+00 1.912249407239386897e-02
2.261907243340259388e+00 1.849119484390025422e-02
2.277615206608208265e+00 1.785255492670322422e-02
2.293323169876157586e+00 1.700103503710718306e-02
2.309031133144106462e+00 1.635505443120673780e-02
2.324739096412055339e+00 1.548885316420386613e-02
2.340447059680004216e+00 1.471074016164196537e-02
2.356155022947953537e+00 1.421891401851321790e-02
2.371862986215902414e+00 1.386656096074933599e-02
2.387570949483851290e+00 1.327930586447620409e-02
2.403278912751800167e+00 1.296365625022939672e-02
2.418986876019749044e+00 1.293429349541573917e-02
2.434694839287697921e+00 1.299301900504305253e-02
2.450402802555647241e+00 1.290493074060208162e-02
2.466110765823596118e+00 1.262598456987234358e-02
2.481818729091544995e+00 1.239108253136309186e-02
2.497526692359493872e+00 1.215618049285384014e-02
2.513234655627443193e+00 1.239108253136309186e-02
2.528942618895392069e+00 1.227363151210846513e-02
2.544650582163340946e+00 1.230299426692212268e-02
2.560358545431289823e+00 1.231033495562553620e-02
2.576066508699238700e+00 1.236171977654943431e-02
2.591774471967188020e+00 1.256725906024503195e-02
2.607482435235136897e+00 1.294897487282256794e-02
2.623190398503085774e+00 1.267002870209282817e-02
2.638898361771034651e+00 1.257459974894844720e-02
2.654606325038983972e+00 1.225160944599822284e-02
2.670314288306932848e+00 1.217086187026066718e-02
2.686022251574881725e+00 1.198000396397189832e-02
2.701730214842830602e+00 1.168637641583533324e-02
2.717438178110779479e+00 1.137806749029193765e-02
2.733146141378728355e+00 1.128263853714755668e-02
2.748854104646677676e+00 1.076879032790856519e-02
2.764562067914626553e+00 1.043845933625492557e-02
2.780270031182575430e+00 9.917270438312522293e-03
2.795977994450524307e+00 9.344696719446219171e-03
2.811685957718473627e+00 8.757441623173085540e-03
2.827393920986422504e+00 8.067416885052155692e-03
2.843101884254371381e+00 7.267281816380012638e-03
2.858809847522320258e+00 6.848862560285405576e-03
2.874517810790269134e+00 6.151497133461061341e-03
2.890225774058218011e+00 5.439450329229887464e-03
2.905933737326167332e+00 4.866876610363583475e-03
2.921641700594116209e+00 4.198873938352895921e-03
2.937349663862065086e+00 3.714388483927561543e-03
2.953057627130013962e+00 3.061067189323702330e-03
2.968765590397963283e+00 2.547218980084711704e-03
2.984473553665912160e+00 2.194865922320831959e-03
3.000181516933861037e+00 1.805809421039882012e-03
3.015889480201809913e+00 1.534203939013558358e-03
3.031597443469758790e+00 1.277279834394063045e-03
3.047305406737707667e+00 9.616302201472541524e-04
3.063013370005656988e+00 8.294978234857994107e-04
3.078721333273605865e+00 6.166178510867889031e-04
3.094429296541554741e+00 4.918261431287483318e-04
3.110137259809503618e+00 4.331006335014350229e-04
3.125845223077452495e+00 3.743751238741218766e-04
