-3.946724439183105226e-05 0.000000000000000000e+00
1.566849602355713592e-02 0.000000000000000000e+00
3.137645929150609941e-02 0.000000000000000000e+00
4.708442255945507332e-02 0.000000000000000000e+00
6.279238582740404029e-02 0.000000000000000000e+00
7.850034909535300032e-02 0.000000000000000000e+00
9.420831236330196035e-02 0.000000000000000000e+00
1.099162756312509481e-01 0.000000000000000000e+00
1.256242388991999082e-01 0.000000000000000000e+00
1.413322021671488404e-01 0.000000000000000000e+00
1.570401654350978282e-01 0.000000000000000000e+00
1.727481287030468160e-01 0.000000000000000000e+00
1.884560919709957483e-01 0.000000000000000000e+00
2.041640552389447361e-01 0.000000000000000000e+00
2.198720185068937238e-01 0.000000000000000000e+00
2.355799817748426561e-01 0.000000000000000000e+00
2.512879450427916717e-01 0.000000000000000000e+00
2.669959083107406039e-01 0.000000000000000000e+00
2.827038715786895917e-01 0.000000000000000000e+00
2.984118348466385795e-01 0.000000000000000000e+00
3.141197981145875118e-01 0.000000000000000000e+00
3.298277613825364996e-01 0.000000000000000000e+00
3.455357246504854318e-01 0.000000000000000000e+00
3.612436879184344196e-01 0.000000000000000000e+00
3.769516511863834074e-01 0.000000000000000000e+00
3.926596144543323952e-01 0.000000000000000000e+00
4.083675777222813275e-01 0.000000000000000000e+00
4.240755409902303152e-01 0.000000000000000000e+00
4.397835042581792475e-01 0.000000000000000000e+00
4.554914675261282353e-01 0.000000000000000000e+00
4.711994307940772231e-01 0.000000000000000000e+00
4.869073940620261554e-01 0.000000000000000000e+00
5.026153573299750876e-01 0.000000000000000000e+00
5.183233205979241864e-01 0.000000000000000000e+00
5.340312838658730632e-01 0.000000000000000000e+00
5.497392471338219400e-01 0.000000000000000000e+00
5.654472104017710388e-01 0.000000000000000000e+00
5.811551736697199155e-01 0.000000000000000000e+00
5.968631369376690143e-01 0.000000000000000000e+00
6.125711002056178911e-01 0.000000000000000000e+00
6.282790634735667679e-01 0.000000000000000000e+00
6.439870267415158667e-01 0.000000000000000000e+00
6.596949900094647434e-01 0.000000000000000000e+00
6.754029532774138422e-01 7.340688703414153447e-06
6.911109165453627190e-01 7.340688703414153447e-06
7.068188798133117068e-01 7.340688703414153447e-06
7.225268430812606946e-01 7.340688703414153447e-06
7.382348063492095713e-01 7.340688703414153447e-06
7.539427696171586701e-01 7.340688703414153447e-06
7.696507328851075469e-01 1.468137740682830859e-05
7.853586961530565347e-01 7.340688703414153447e-06
8.010666594210055225e-01 1.468137740682830689e-05
8.167746226889543992e-01 2.202206611024246034e-05
8.324825859569034980e-01 2.202206611024246034e-05
8.481905492248523748e-01 6.606619833072738441e-05
8.638985124928014736e-01 7.340688703414155480e-05
8.796064757607503504e-01 7.340688703414154125e-05
8.953144390286992271e-01 9.542895314438399820e-05
9.110224022966483259e-01 9.542895314438401176e-05
9.267303655645972027e-01 8.808826444096986847e-05
9.424383288325463015e-01 1.174510192546264823e-04
9.581462921004951783e-01 9.542895314438399820e-05
9.738542553684440550e-01 8.808826444096985492e-05
9.895622186363931538e-01 1.247917079580406255e-04
1.005270181904341920e+00 1.321323966614547959e-04
1.020978145172290796e+00 1.394730853648689392e-04
1.036686108440239895e+00 1.981985949921821668e-04
1.052394071708188994e+00 1.835172175853538531e-04
1.068102034976137871e+00 1.761765288819397098e-04
1.083809998244086747e+00 1.908579062887680235e-04
1.099517961512035624e+00 1.541544627716972258e-04
1.115225924779984723e+00 1.688358401785255395e-04
1.130933888047933822e+00 1.835172175853538802e-04
1.146641851315882699e+00 1.394730853648689392e-04
1.162349814583831575e+00 1.541544627716972529e-04
1.178057777851780452e+00 2.128799723990104534e-04
1.193765741119729551e+00 2.569241046194954215e-04
1.209473704387678650e+00 2.716054820263237080e-04
1.225181667655627527e+00 3.009682368399803354e-04
1.240889630923576403e+00 3.743751238741218224e-04
1.256597594191525280e+00 4.404413222048493017e-04
1.272305557459474379e+00 4.991668318321625022e-04
1.288013520727423478e+00 4.991668318321625022e-04
1.303721483995372354e+00 5.138482092389908430e-04
1.319429447263321231e+00 5.652330301628898188e-04
1.335137410531270330e+00 5.358702753492332457e-04
1.350845373799219207e+00 5.138482092389908430e-04
1.366553337067168306e+00 5.138482092389908430e-04
1.382261300335117182e+00 5.138482092389908430e-04
1.397969263603066059e+00 5.211888979424049049e-04
1.413677226871015158e+00 5.211888979424050133e-04
1.429385190138964035e+00 5.652330301628898188e-04
1.445093153406913133e+00 5.872550962731324384e-04
1.460801116674862010e+00 6.680026720106880958e-04
1.476509079942810887e+00 7.707723138584861560e-04
1.492217043210759986e+00 8.001350686721428376e-04
1.507925006478708863e+00 8.148164460789709615e-04
1.523632969746657961e+00 8.808826444096983866e-04
1.539340933014606838e+00 9.029047105199410062e-04
1.555048896282555715e+00 9.469488427404259201e-04
1.570756859550504814e+00 8.882233331131126654e-04
1.586464822818453690e+00 8.221571347823853487e-04
1.602172786086402789e+00 8.882233331131124485e-04
1.617880749354351666e+00 9.616302201472539356e-04
1.633588712622300543e+00 1.101103305512123173e-03
1.649296675890249642e+00 1.167169503842850490e-03
1.665004639158198518e+00 1.262598456987234488e-03
1.680712602426147617e+00 1.387390164945275168e-03
1.696420565694096494e+00 1.490159806793073336e-03
1.712128528962045371e+00 1.585588759937457334e-03
1.727836492229994469e+00 1.791128043633053455e-03
1.743544455497943568e+00 2.011348704735477916e-03
1.759252418765892445e+00 2.224228677134488207e-03
1.774960382033841322e+00 2.627966555822266494e-03
1.790668345301790199e+00 2.914253415255418922e-03
1.806376308569739297e+00 3.376716803570510572e-03
1.822084271837688396e+00 3.927268456326572267e-03
1.837792235105637273e+00 4.492501486489461869e-03
1.853500198373586150e+00 5.028371761838695657e-03
1.869208161641535026e+00 5.711055811256211985e-03
1.884916124909484125e+00 6.114793689943990272e-03
1.900624088177433224e+00 6.907588069912718939e-03
1.916332051445382101e+00 7.663679006364376538e-03
1.932040014713330978e+00 8.375725810595549548e-03
1.947747977981279854e+00 8.999684350385752513e-03
1.963455941249228953e+00 9.939292504422764588e-03
1.979163904517178052e+00 1.068804275217100780e-02
1.994871867785126929e+00 1.165701366102167742e-02
2.010579831053076028e+00 1.275077627783038556e-02
2.026287794321024904e+00 1.388124233815616476e-02
2.041995757588974225e+00 1.471074016164196537e-02
2.057703720856923102e+00 1.598067930733261185e-02
2.073411684124871979e+00 1.725061845302326355e-02
2.089119647392820855e+00 1.853523897612073534e-02
2.104827610660769732e+00 1.962166090422602996e-02
2.120535573928718609e+00 2.061265387918694361e-02
2.136243537196667930e+00 2.157428409933419625e-02
2.151951500464616807e+00 2.241112261152341037e-02
2.167659463732565683e+00 2.311582872705117073e-02
2.183367427000514560e+00 2.286624531113509023e-02
2.199075390268463881e+00 2.268272809354973663e-02
2.214783353536412758e+00 2.244782605504048317e-02
2.230491316804361634e+00 2.157428409933419625e-02
2.246199280072310511e+00 2.081085247417912426e-02
2.261907243340259388e+00 1.983454087662504112e-02
2.277615206608208265e+00 1.873343757111292293e-02
2.293323169876157586e+00 1.808745696521247420e-02
2.309031133144106462e+00 1.711848605636180631e-02
2.324739096412055339e+00 1.657527509230916074e-02
2.340447059680004216e+00 1.634771374250332254e-02
2.356155022947953537e+00 1.565768900438238923e-02
2.371862986215902414e+00 1.512915941773657243e-02
2.387570949483851290e+00 1.443913467961564084e-02
2.403278912751800167e+00 1.421157332980980438e-02
2.418986876019749044e+00 1.387390164945275124e-02
2.434694839287697921e+00 1.344814170465473240e-02
2.450402802555647241e+00 1.292695280671232565e-02
2.466110765823596118e+00 1.274343558912697204e-02
2.481818729091544995e+00 1.271407283431331449e-02
2.497526692359493872e+00 1.272875421172014326e-02
2.513234655627443193e+00 1.229565357821870916e-02
2.528942618895392069e+00 1.251587423932113384e-02
2.544650582163340946e+00 1.255991837154161843e-02
2.560358545431289823e+00 1.270673214560989923e-02
2.576066508699238700e+00 1.267736939079624342e-02
2.591774471967188020e+00 1.311047002429767926e-02
2.607482435235136897e+00 1.334537206280693097e-02
2.623190398503085774e+00 1.374176925279129574e-02
2.638898361771034651e+00 1.376379131890153804e-02
2.654606325038983972e+00 1.386656096074933772e-02
2.670314288306932848e+00 1.407944093314834715e-02
2.686022251574881725e+00 1.412348506536883173e-02
2.701730214842830602e+00 1.384453889463909369e-02
2.717438178110779479e+00 1.333803137410351745e-02
2.733146141378728355e+00 1.278013903264404137e-02
2.748854104646677676e+00 1.209745498322652504e-02
2.764562067914626553e+00 1.145147437732608152e-02
2.780270031182575430e+00 1.052654760069589648e-02
2.795977994450524307e+00 9.704390465913512870e-03
2.811685957718473627e+00 8.918936774648198590e-03
2.827393920986422504e+00 8.243593413934095782e-03
2.843101884254371381e+00 7.384732835634639364e-03
2.858809847522320258e+00 6.768114984547849919e-03
2.874517810790269134e+00 5.938617161062050183e-03
2.890225774058218011e+00 5.160504158500149423e-03
2.905933737326167332e+00 4.485160797786048349e-03
2.921641700594116209e+00 3.699707106520733636e-03
2.937349663862065086e+00 3.207880963391985304e-03
2.953057627130013962e+00 2.789461707297378676e-03
2.968765590397963283e+00 2.451790026940327705e-03
2.984473553665912160e+00 2.077414903066205666e-03
3.000181516933861037e+00 1.820490798446709919e-03
3.015889480201809913e+00 1.526863250310143754e-03
3.031597443469758790e+00 1.313983277911133464e-03
3.047305406737707667e+00 1.057059173291638367e-03
3.063013370005656988e+00 8.221571347823853487e-04
3.078721333273605865e+00 5.872550962731324384e-04
3.094429296541554741e+00 4.404413222048491391e-04
3.110137259809503618e+00 3.376716803570510789e-04
3.125845223077452495e+00 2.642647933229095377e-04
