7.853981633974483484e-03 0.000000000000000000e+00
2.356194490192345045e-02 0.000000000000000000e+00
3.926990816987241395e-02 0.000000000000000000e+00
5.497787143782138786e-02 0.000000000000000000e+00
7.068583470577034789e-02 0.000000000000000000e+00
8.639379797371932179e-02 0.000000000000000000e+00
1.021017612416682818e-01 0.000000000000000000e+00
1.178097245096172557e-01 0.000000000000000000e+00
1.335176877775662296e-01 0.000000000000000000e+00
1.492256510455151619e-01 0.000000000000000000e+00
1.649336143134641497e-01 0.000000000000000000e+00
1.806415775814131375e-01 0.000000000000000000e+00
1.963495408493620697e-01 0.000000000000000000e+00
2.120575041173110575e-01 0.000000000000000000e+00
2.277654673852600453e-01 0.000000000000000000e+00
2.434734306532089776e-01 0.000000000000000000e+00
2.591813939211579654e-01 0.000000000000000000e+00
2.748893571891068976e-01 0.000000000000000000e+00
2.905973204570558854e-01 0.000000000000000000e+00
3.063052837250048732e-01 0.000000000000000000e+00
3.220132469929538055e-01 0.000000000000000000e+00
3.377212102609027933e-01 0.000000000000000000e+00
3.534291735288517255e-01 0.000000000000000000e+00
3.691371367968007133e-01 0.000000000000000000e+00
3.848451000647497011e-01 0.000000000000000000e+00
4.005530633326986889e-01 0.000000000000000000e+00
4.162610266006476212e-01 0.000000000000000000e+00
4.319689898685966090e-01 0.000000000000000000e+00
4.476769531365455412e-01 0.000000000000000000e+00
4.633849164044945290e-01 0.000000000000000000e+00
4.790928796724435168e-01 0.000000000000000000e+00
4.948008429403924491e-01 0.000000000000000000e+00
5.105088062083413813e-01 0.000000000000000000e+00
5.262167694762904802e-01 0.000000000000000000e+00
5.419247327442393569e-01 0.000000000000000000e+00
5.576326960121882337e-01 0.000000000000000000e+00
5.733406592801373325e-01 0.000000000000000000e+00
5.890486225480862092e-01 0.000000000000000000e+00
6.047565858160353081e-01 0.000000000000000000e+00
6.204645490839841848e-01 0.000000000000000000e+00
6.361725123519330616e-01 0.000000000000000000e+00
6.518804756198821604e-01 0.000000000000000000e+00
6.675884388878310371e-01 0.000000000000000000e+00
6.832964021557801360e-01 0.000000000000000000e+00
6.990043654237290127e-01 0.000000000000000000e+00
7.147123286916780005e-01 0.000000000000000000e+00
7.304202919596269883e-01 0.000000000000000000e+00
7.461282552275758650e-01 0.000000000000000000e+00
7.618362184955249639e-01 0.000000000000000000e+00
7.775441817634738406e-01 0.000000000000000000e+00
7.932521450314228284e-01 0.000000000000000000e+00
8.089601082993718162e-01 0.000000000000000000e+00
8.246680715673206929e-01 0.000000000000000000e+00
8.403760348352697918e-01 0.000000000000000000e+00
8.560839981032186685e-01 0.000000000000000000e+00
8.717919613711677673e-01 0.000000000000000000e+00
8.874999246391166441e-01 0.000000000000000000e+00
9.032078879070655208e-01 0.000000000000000000e+00
9.189158511750146197e-01 0.000000000000000000e+00
9.346238144429634964e-01 0.000000000000000000e+00
9.503317777109125952e-01 0.000000000000000000e+00
9.660397409788614720e-01 0.000000000000000000e+00
9.817477042468103487e-01 0.000000000000000000e+00
9.974556675147594476e-01 0.000000000000000000e+00
1.013163630782708324e+00 0.000000000000000000e+00
1.028871594050657201e+00 0.000000000000000000e+00
1.044579557318606300e+00 0.000000000000000000e+00
1.060287520586555399e+00 0.000000000000000000e+00
1.075995483854504275e+00 0.000000000000000000e+00
1.091703447122453152e+00 0.000000000000000000e+00
1.107411410390402029e+00 0.000000000000000000e+00
1.123119373658351128e+00 0.000000000000000000e+00
1.138827336926300227e+00 0.000000000000000000e+00
1.154535300194249103e+00 0.000000000000000000e+00
1.170243263462197980e+00 0.000000000000000000e+00
1.185951226730146857e+00 0.000000000000000000e+00
1.201659189998095956e+00 0.000000000000000000e+00
1.217367153266045054e+00 0.000000000000000000e+00
1.233075116533993931e+00 0.000000000000000000e+00
1.248783079801942808e+00 0.000000000000000000e+00
1.264491043069891685e+00 0.000000000000000000e+00
1.280199006337840784e+00 0.000000000000000000e+00
1.295906969605789882e+00 0.000000000000000000e+00
1.311614932873738759e+00 0.000000000000000000e+00
1.327322896141687636e+00 0.000000000000000000e+00
1.343030859409636735e+00 0.000000000000000000e+00
1.358738822677585611e+00 0.000000000000000000e+00
1.374446785945534710e+00 0.000000000000000000e+00
1.390154749213483587e+00 3.010529326318800003e-06
1.405862712481432464e+00 3.010529326318800003e-06
1.421570675749381563e+00 3.010529326318800003e-06
1.437278639017330439e+00 4.515793989478200216e-06
1.452986602285279538e+00 9.031587978956400433e-06
1.468694565553228415e+00 9.031587978956400433e-06
1.484402528821177292e+00 9.031587978956402127e-06
1.500110492089126391e+00 7.526323315796999796e-06
1.515818455357075267e+00 7.526323315796999796e-06
1.531526418625024366e+00 1.053685264211579853e-05
1.547234381892973243e+00 1.354738196843459980e-05
1.562942345160922120e+00 1.354738196843459980e-05
1.578650308428871218e+00 2.107370528423159706e-05
1.594358271696820095e+00 3.612635191582560173e-05
1.610066234964769194e+00 4.666320455794139687e-05
1.625774198232718071e+00 6.623164517901359075e-05
1.641482161500666948e+00 7.526323315797000982e-05
1.657190124768616046e+00 9.332640911588280729e-05
1.672898088036564923e+00 1.219264377159114067e-04
1.688606051304514022e+00 1.520317309790994160e-04
1.704314014572462899e+00 1.610633189580557944e-04
1.720021977840411775e+00 2.017054648633596328e-04
1.735729941108360874e+00 2.257896994739099752e-04
1.751437904376309973e+00 2.814844920108078318e-04
1.767145867644258850e+00 3.221266379161115889e-04
1.782853830912207727e+00 3.748109011266906256e-04
1.798561794180156603e+00 4.485688696215012661e-04
1.814269757448105702e+00 5.659795133479344565e-04
1.829977720716054801e+00 6.517795991480202682e-04
1.845685683984003678e+00 7.451060082639029535e-04
1.861393647251952554e+00 9.016535332324806130e-04
1.877101610519901431e+00 1.049169470222101677e-03
1.892809573787850530e+00 1.264422317053896013e-03
1.908517537055799629e+00 1.529348897769950430e-03
1.924225500323748506e+00 1.859001859001858893e-03
1.939933463591697382e+00 2.241339083444346229e-03
1.955641426859646259e+00 2.729044834307991965e-03
1.971349390127595358e+00 3.212234791182159294e-03
1.987057353395544457e+00 3.805309068466963211e-03
2.002765316663493333e+00 4.410425463057042299e-03
2.018473279931442210e+00 5.193163087899929295e-03
2.034181243199391087e+00 6.025574446627077890e-03
2.049889206467340408e+00 6.820354188775240925e-03
2.065597169735289285e+00 7.861997335681545837e-03
2.081305133003238161e+00 9.019545861651124055e-03
2.097013096271187038e+00 1.005366268524163220e-02
2.112721059539135915e+00 1.150774834985361303e-02
2.128429022807084792e+00 1.276614960825487102e-02
2.144136986075034113e+00 1.432560379928800830e-02
2.159844949342982989e+00 1.571195255405781477e-02
2.175552912610931866e+00 1.718259612996455091e-02
2.191260875878880743e+00 1.870441870441870436e-02
2.206968839146830064e+00 1.998238840344103776e-02
2.222676802414778940e+00 2.126035810246336075e-02
2.238384765682727817e+00 2.263315947526473720e-02
2.254092728950676694e+00 2.351373930321298822e-02
2.269800692218625571e+00 2.450721398089818898e-02
2.285508655486574447e+00 2.504308820098293670e-02
2.301216618754523768e+00 2.533360428097269912e-02
2.316924582022472645e+00 2.549165707060443986e-02
2.332632545290421522e+00 2.518458307931992213e-02
2.348340508558370399e+00 2.453280348017190110e-02
2.364048471826319719e+00 2.379672905988695214e-02
2.379756435094268596e+00 2.301399143504406775e-02
2.395464398362217473e+00 2.213190634243265842e-02
2.411172361630166350e+00 2.098338940444203701e-02
2.426880324898115227e+00 2.002905160799897666e-02
2.442588288166064103e+00 1.906568222357695949e-02
2.458296251434013424e+00 1.823477612951297094e-02
2.474004214701962301e+00 1.730151203835414431e-02
2.489712177969911178e+00 1.653683758946916660e-02
2.505420141237860054e+00 1.588806851964746567e-02
2.521128104505809375e+00 1.532961532961532938e-02
2.536836067773758252e+00 1.491717281190965347e-02
2.552544031041707129e+00 1.442946706104600817e-02
2.568251994309656006e+00 1.398240345608766678e-02
2.583959957577604882e+00 1.360909781962413301e-02
2.599667920845554203e+00 1.319816056658161887e-02
2.615375884113503080e+00 1.282485493011808683e-02
2.631083847381451957e+00 1.268787584577058328e-02
2.646791810649400833e+00 1.252681252681252591e-02
2.662499773917350154e+00 1.238230711914922386e-02
2.678207737185299031e+00 1.238983344246502062e-02
2.693915700453247908e+00 1.234467550257024003e-02
2.709623663721196785e+00 1.241542294173872928e-02
2.725331626989145661e+00 1.244251770567559971e-02
2.741039590257094538e+00 1.242445452971768782e-02
2.756747553525043859e+00 1.238381238381238390e-02
2.772455516792992736e+00 1.259003364266522186e-02
2.788163480060941612e+00 1.259304417199153849e-02
2.803871443328890489e+00 1.258401258401258514e-02
2.819579406596839810e+00 1.257949679002310327e-02
2.835287369864788687e+00 1.251326514484409416e-02
2.850995333132737564e+00 1.226339121075963046e-02
2.866703296400686440e+00 1.208727524516998129e-02
2.882411259668635317e+00 1.169139063875905896e-02
2.898119222936584194e+00 1.128647444436917981e-02
2.913827186204533515e+00 1.076264234158970899e-02
2.929535149472482392e+00 1.006570480254690911e-02
2.945243112740431268e+00 9.326619852935641788e-03
2.960951076008380145e+00 8.617640196587564999e-03
2.976659039276329466e+00 7.831892042418357042e-03
2.992367002544278343e+00 6.907659539238486350e-03
3.008074965812227219e+00 5.932248037511194880e-03
3.023782929080176096e+00 5.212731528521001231e-03
3.039490892348124973e+00 4.446551814972867812e-03
3.055198855616073850e+00 3.698435277382645849e-03
3.070906818884023171e+00 2.965371386424018284e-03
3.086614782151972047e+00 2.265423318054896572e-03
3.102322745419920924e+00 1.767180714549135279e-03
3.118030708687869801e+00 1.518812045127834439e-03
3.133738671955818678e+00 1.455590929275139573e-03
