-3.946724439183105226e-05 0.000000000000000000e+00
1.566849602355713592e-02 0.000000000000000000e+00
3.137645929150609941e-02 0.000000000000000000e+00
4.708442255945507332e-02 0.000000000000000000e+00
6.279238582740404029e-02 0.000000000000000000e+00
7.850034909535300032e-02 0.000000000000000000e+00
9.420831236330196035e-02 0.000000000000000000e+00
1.099162756312509481e-01 0.000000000000000000e+00
1.256242388991999082e-01 0.000000000000000000e+00
1.413322021671488404e-01 0.000000000000000000e+00
1.570401654350978282e-01 0.000000000000000000e+00
1.727481287030468160e-01 0.000000000000000000e+00
1.884560919709957483e-01 0.000000000000000000e+00
2.041640552389447361e-01 0.000000000000000000e+00
2.198720185068937238e-01 0.000000000000000000e+00
2.355799817748426561e-01 0.000000000000000000e+00
2.512879450427916717e-01 0.000000000000000000e+00
2.669959083107406039e-01 0.000000000000000000e+00
2.827038715786895917e-01 0.000000000000000000e+00
2.984118348466385795e-01 0.000000000000000000e+00
3.141197981145875118e-01 0.000000000000000000e+00
3.298277613825364996e-01 0.000000000000000000e+00
3.455357246504854318e-01 0.000000000000000000e+00
3.612436879184344196e-01 0.000000000000000000e+00
3.769516511863834074e-01 0.000000000000000000e+00
3.926596144543323952e-01 0.000000000000000000e+00
4.083675777222813275e-01 0.000000000000000000e+00
4.240755409902303152e-01 0.000000000000000000e+00
4.397835042581792475e-01 0.000000000000000000e+00
4.554914675261282353e-01 0.000000000000000000e+00
4.711994307940772231e-01 0.000000000000000000e+00
4.869073940620261554e-01 0.000000000000000000e+00
5.026153573299750876e-01 0.000000000000000000e+00
5.183233205979241864e-01 0.000000000000000000e+00
5.340312838658730632e-01 0.000000000000000000e+00
5.497392471338219400e-01 0.000000000000000000e+00
5.654472104017710388e-01 0.000000000000000000e+00
5.811551736697199155e-01 0.000000000000000000e+00
5.968631369376690143e-01 0.000000000000000000e+00
6.125711002056178911e-01 0.000000000000000000e+00
6.282790634735667679e-01 0.000000000000000000e+00
6.439870267415158667e-01 0.000000000000000000e+00
6.596949900094647434e-01 0.000000000000000000e+00
6.754029532774138422e-01 0.000000000000000000e+00
6.911109165453627190e-01 0.000000000000000000e+00
7.068188798133117068e-01 0.000000000000000000e+00
7.225268430812606946e-01 0.000000000000000000e+00
7.382348063492095713e-01 0.000000000000000000e+00
7.539427696171586701e-01 0.000000000000000000e+00
7.696507328851075469e-01 0.000000000000000000e+00
7.853586961530565347e-01 0.000000000000000000e+00
8.010666594210055225e-01 0.000000000000000000e+00
8.167746226889543992e-01 0.000000000000000000e+00
8.324825859569034980e-01 0.000000000000000000e+00
8.481905492248523748e-01 0.000000000000000000e+00
8.638985124928014736e-01 0.000000000000000000e+00
8.796064757607503504e-01 0.000000000000000000e+00
8.953144390286992271e-01 0.000000000000000000e+00
9.110224022966483259e-01 0.000000000000000000e+00
9.267303655645972027e-01 0.000000000000000000e+00
9.424383288325463015e-01 0.000000000000000000e+00
9.581462921004951783e-01 0.000000000000000000e+00
9.738542553684440550e-01 2.202206611024246373e-05
9.895622186363931538e-01 2.936275481365661718e-05
1.005270181904341920e+00 4.404413222048492746e-05
1.020978145172290796e+00 7.340688703414154125e-05
1.036686108440239895e+00 1.101103305512123119e-04
1.052394071708188994e+00 1.761765288819397098e-04
1.068102034976137871e+00 2.349020385092529374e-04
1.083809998244086747e+00 2.716054820263237080e-04
1.099517961512035624e+00 3.817158125775359928e-04
1.115225924779984723e+00 5.432109640526474161e-04
1.130933888047933822e+00 6.973654268243446690e-04
1.146641851315882699e+00 9.029047105199410062e-04
1.162349814583831575e+00 1.181850881249678830e-03
1.178057777851780452e+00 1.358027410131618269e-03
1.193765741119729551e+00 1.526863250310144188e-03
1.209473704387678650e+00 1.717721156598911968e-03
1.225181667655627527e+00 1.901238374184265794e-03
1.240889630923576403e+00 2.099436969176447960e-03
1.256597594191525280e+00 2.260932120651559275e-03
1.272305557459474379e+00 2.260932120651559275e-03
1.288013520727423478e+00 2.268272809354973663e-03
1.303721483995372354e+00 2.385723828609599955e-03
1.319429447263321231e+00 2.356361073795943707e-03
1.335137410531270330e+00 2.260932120651559275e-03
1.350845373799219207e+00 2.180184544914003618e-03
1.366553337067168306e+00 1.981985949921821234e-03
1.382261300335117182e+00 1.879216308074023283e-03
1.397969263603066059e+00 1.842512864556952647e-03
1.413677226871015158e+00 1.644314269564770264e-03
1.429385190138964035e+00 1.548885316420386482e-03
1.445093153406913133e+00 1.431434297165759973e-03
1.460801116674862010e+00 1.313983277911133464e-03
1.476509079942810887e+00 1.247917079580406364e-03
1.492217043210759986e+00 1.101103305512122956e-03
1.507925006478708863e+00 9.983336636643250044e-04
1.523632969746657961e+00 9.542895314438400904e-04
1.539340933014606838e+00 8.808826444096986034e-04
1.555048896282555715e+00 8.588605782994559838e-04
1.570756859550504814e+00 8.294978234857994107e-04
1.586464822818453690e+00 8.882233331131126654e-04
1.602172786086402789e+00 1.005674352367739175e-03
1.617880749354351666e+00 1.057059173291638151e-03
1.633588712622300543e+00 1.123125371622365684e-03
1.649296675890249642e+00 1.313983277911133681e-03
1.665004639158198518e+00 1.387390164945275168e-03
1.680712602426147617e+00 1.592929448640871505e-03
1.696420565694096494e+00 1.666336335675012992e-03
1.712128528962045371e+00 1.761765288819396990e-03
1.727836492229994469e+00 2.004008016032064396e-03
1.743544455497943568e+00 2.194865922320831959e-03
1.759252418765892445e+00 2.371042451202772048e-03
1.774960382033841322e+00 2.613285178415439020e-03
1.790668345301790199e+00 2.855527905628105993e-03
1.806376308569739297e+00 3.273947161722712620e-03
1.822084271837688396e+00 3.633640908190006319e-03
1.837792235105637273e+00 4.250258759276795764e-03
1.853500198373586150e+00 4.793469723329443072e-03
1.869208161641535026e+00 5.329339998678675992e-03
1.884916124909484125e+00 6.085430935130333591e-03
1.900624088177433224e+00 6.716730163623951810e-03
1.916332051445382101e+00 7.406754901744881658e-03
1.932040014713330978e+00 7.971987931907771260e-03
1.947747977981279854e+00 8.449132697629691685e-03
1.963455941249228953e+00 9.337356030742803917e-03
1.979163904517178052e+00 1.002004008016031851e-02
1.994871867785126929e+00 1.054122897810272352e-02
2.010579831053076028e+00 1.164967297231826390e-02
2.026287794321024904e+00 1.259662181505868950e-02
2.041995757588974225e+00 1.363165892224008427e-02
2.057703720856923102e+00 1.479882842608293454e-02
2.073411684124871979e+00 1.552555660772093546e-02
2.089119647392820855e+00 1.667070404545354170e-02
2.104827610660769732e+00 1.794064319114419340e-02
2.120535573928718609e+00 1.878482239203681931e-02
2.136243537196667930e+00 1.951155057367482196e-02
2.151951500464616807e+00 2.019423462309234002e-02
2.167659463732565683e+00 2.053924699215280147e-02
2.183367427000514560e+00 2.093564418213716624e-02
2.199075390268463881e+00 2.103107313528155067e-02
2.214783353536412758e+00 2.070074214362791279e-02
2.230491316804361634e+00 2.016487186827867900e-02
2.246199280072310511e+00 1.962900159292944521e-02
2.261907243340259388e+00 1.921058233683484162e-02
2.277615206608208265e+00 1.854257966482415407e-02
2.293323169876157586e+00 1.783787354929639718e-02
2.309031133144106462e+00 1.692028746136962566e-02
2.324739096412055339e+00 1.642112062953746468e-02
2.340447059680004216e+00 1.574577726882336187e-02
2.356155022947953537e+00 1.531267663532192604e-02
2.371862986215902414e+00 1.451254156664978125e-02
2.387570949483851290e+00 1.405007817833469133e-02
2.403278912751800167e+00 1.364634029964691131e-02
2.418986876019749044e+00 1.352888928039228632e-02
2.434694839287697921e+00 1.312515140170450630e-02
2.450402802555647241e+00 1.313983277911133507e-02
2.466110765823596118e+00 1.264800663598258587e-02
2.481818729091544995e+00 1.279482041005087015e-02
2.497526692359493872e+00 1.294897487282256794e-02
2.513234655627443193e+00 1.301504107115329482e-02
2.528942618895392069e+00 1.289024936319525458e-02
2.544650582163340946e+00 1.291961211800891213e-02
2.560358545431289823e+00 1.285354591967818524e-02
2.576066508699238700e+00 1.308844795818743696e-02
2.591774471967188020e+00 1.320589897744206369e-02
2.607482435235136897e+00 1.297099693893281024e-02
2.623190398503085774e+00 1.319121760003523318e-02
2.638898361771034651e+00 1.322792104355230425e-02
2.654606325038983972e+00 1.343346032724790015e-02
2.670314288306932848e+00 1.338207550632400204e-02
2.686022251574881725e+00 1.324260242095913302e-02
2.701730214842830602e+00 1.305908520337377941e-02
2.717438178110779479e+00 1.306642589207719293e-02
2.733146141378728355e+00 1.278013903264404311e-02
2.748854104646677676e+00 1.240576390876992063e-02
2.764562067914626553e+00 1.164967297231826217e-02
2.780270031182575430e+00 1.098167030030757461e-02
2.795977994450524307e+00 1.026228280737298722e-02
2.811685957718473627e+00 9.506191870921330486e-03
2.827393920986422504e+00 8.632649915215045294e-03
2.843101884254371381e+00 7.414095590448295178e-03
2.858809847522320258e+00 6.782796361954678693e-03
2.874517810790269134e+00 6.180859888274717155e-03
2.890225774058218011e+00 5.578923414594757352e-03
2.905933737326167332e+00 5.079756582762594633e-03
2.921641700594116209e+00 4.433775976862149373e-03
2.937349663862065086e+00 3.824498814478774749e-03
2.953057627130013962e+00 3.442783001901238323e-03
2.968765590397963283e+00 2.855527905628105993e-03
2.984473553665912160e+00 2.371042451202772048e-03
3.000181516933861037e+00 1.893897685480852057e-03
3.015889480201809913e+00 1.548885316420386699e-03
3.031597443469758790e+00 1.233235702173578023e-03
3.047305406737707667e+00 9.763115975540823848e-04
3.063013370005656988e+00 8.148164460789710699e-04
3.078721333273605865e+00 5.945957849765465004e-04
3.094429296541554741e+00 4.918261431287483318e-04
3.110137259809503618e+00 4.257599447980209067e-04
3.125845223077452495e+00 3.963971899843643336e-04
