-3.946724439183105226e-05 0.000000000000000000e+00
1.566849602355713592e-02 0.000000000000000000e+00
3.137645929150609941e-02 0.000000000000000000e+00
4.708442255945507332e-02 0.000000000000000000e+00
6.279238582740404029e-02 0.000000000000000000e+00
7.850034909535300032e-02 0.000000000000000000e+00
9.420831236330196035e-02 0.000000000000000000e+00
1.099162756312509481e-01 0.000000000000000000e+00
1.256242388991999082e-01 0.000000000000000000e+00
1.413322021671488404e-01 0.000000000000000000e+00
1.570401654350978282e-01 0.000000000000000000e+00
1.727481287030468160e-01 0.000000000000000000e+00
1.884560919709957483e-01 0.000000000000000000e+00
2.041640552389447361e-01 0.000000000000000000e+00
2.198720185068937238e-01 0.000000000000000000e+00
2.355799817748426561e-01 0.000000000000000000e+00
2.512879450427916717e-01 0.000000000000000000e+00
2.669959083107406039e-01 0.000000000000000000e+00
2.827038715786895917e-01 0.000000000000000000e+00
2.984118348466385795e-01 0.000000000000000000e+00
3.141197981145875118e-01 0.000000000000000000e+00
3.298277613825364996e-01 0.000000000000000000e+00
3.455357246504854318e-01 0.000000000000000000e+00
3.612436879184344196e-01 0.000000000000000000e+00
3.769516511863834074e-01 0.000000000000000000e+00
3.926596144543323952e-01 0.000000000000000000e+00
4.083675777222813275e-01 0.000000000000000000e+00
4.240755409902303152e-01 0.000000000000000000e+00
4.397835042581792475e-01 0.000000000000000000e+00
4.554914675261282353e-01 0.000000000000000000e+00
4.711994307940772231e-01 0.000000000000000000e+00
4.869073940620261554e-01 0.000000000000000000e+00
5.026153573299750876e-01 0.000000000000000000e+00
5.183233205979241864e-01 0.000000000000000000e+00
5.340312838658730632e-01 0.000000000000000000e+00
5.497392471338219400e-01 0.000000000000000000e+00
5.654472104017710388e-01 0.000000000000000000e+00
5.811551736697199155e-01 0.000000000000000000e+00
5.968631369376690143e-01 0.000000000000000000e+00
6.125711002056178911e-01 0.000000000000000000e+00
6.282790634735667679e-01 0.000000000000000000e+00
6.439870267415158667e-01 0.000000000000000000e+00
6.596949900094647434e-01 0.000000000000000000e+00
6.754029532774138422e-01 0.000000000000000000e+00
6.911109165453627190e-01 0.000000000000000000e+00
7.068188798133117068e-01 0.000000000000000000e+00
7.225268430812606946e-01 0.000000000000000000e+00
7.382348063492095713e-01 0.000000000000000000e+00
7.539427696171586701e-01 0.000000000000000000e+00
7.696507328851075469e-01 0.000000000000000000e+00
7.853586961530565347e-01 0.000000000000000000e+00
8.010666594210055225e-01 0.000000000000000000e+00
8.167746226889543992e-01 0.000000000000000000e+00
8.324825859569034980e-01 0.000000000000000000e+00
8.481905492248523748e-01 0.000000000000000000e+00
8.638985124928014736e-01 0.000000000000000000e+00
8.796064757607503504e-01 0.000000000000000000e+00
8.953144390286992271e-01 0.000000000000000000e+00
9.110224022966483259e-01 0.000000000000000000e+00
9.267303655645972027e-01 0.000000000000000000e+00
9.424383288325463015e-01 0.000000000000000000e+00
9.581462921004951783e-01 0.000000000000000000e+00
9.738542553684440550e-01 1.468137740682830689e-05
9.895622186363931538e-01 3.670344351707077062e-05
1.005270181904341920e+00 5.138482092389907752e-05
1.020978145172290796e+00 8.074757573755568453e-05
1.036686108440239895e+00 1.247917079580406255e-04
1.052394071708188994e+00 1.541544627716972529e-04
1.068102034976137871e+00 2.349020385092529645e-04
1.083809998244086747e+00 3.303309916536369085e-04
1.099517961512035624e+00 5.065075205355766726e-04
1.115225924779984723e+00 6.900247381209304986e-04
1.130933888047933822e+00 8.368385121892134727e-04
1.146641851315882699e+00 1.262598456987234488e-03
1.162349814583831575e+00 1.534203939013558142e-03
1.178057777851780452e+00 1.835172175853538477e-03
1.193765741119729551e+00 2.209547299727660299e-03
1.209473704387678650e+00 2.466471404347155612e-03
1.225181667655627527e+00 2.708714131559823018e-03
1.240889630923576403e+00 3.068407878027116717e-03
1.256597594191525280e+00 3.119792698951015693e-03
1.272305557459474379e+00 3.384057492273924959e-03
1.288013520727423478e+00 3.472145756714895004e-03
1.303721483995372354e+00 3.340013360053440371e-03
1.319429447263321231e+00 3.229903029502227598e-03
1.335137410531270330e+00 3.097770632840772965e-03
1.350845373799219207e+00 2.906912726552004968e-03
1.366553337067168306e+00 2.642647933229095268e-03
1.382261300335117182e+00 2.400405206016428296e-03
1.397969263603066059e+00 2.084755591769619620e-03
1.413677226871015158e+00 1.967304572514993327e-03
1.429385190138964035e+00 1.827831487150124307e-03
1.445093153406913133e+00 1.732402534005740525e-03
1.460801116674862010e+00 1.504841184199901677e-03
1.476509079942810887e+00 1.402071542352103508e-03
1.492217043210759986e+00 1.218554324766749682e-03
1.507925006478708863e+00 1.189191569953093001e-03
1.523632969746657961e+00 1.086421928105294832e-03
1.539340933014606838e+00 1.020355729774567299e-03
1.555048896282555715e+00 9.029047105199408977e-04
1.570756859550504814e+00 9.469488427404258116e-04
1.586464822818453690e+00 9.909929749609108340e-04
1.602172786086402789e+00 1.035037107181395856e-03
1.617880749354351666e+00 1.115784682918951297e-03
1.633588712622300543e+00 1.233235702173577806e-03
1.649296675890249642e+00 1.321323966614547634e-03
1.665004639158198518e+00 1.534203939013558142e-03
1.680712602426147617e+00 1.747083911412568649e-03
1.696420565694096494e+00 1.805809421039881579e-03
1.712128528962045371e+00 1.981985949921821668e-03
1.727836492229994469e+00 2.143481101396932983e-03
1.743544455497943568e+00 2.275613498058387616e-03
1.759252418765892445e+00 2.627966555822267361e-03
1.774960382033841322e+00 2.818824462111034924e-03
1.790668345301790199e+00 3.002341679696388967e-03
1.806376308569739297e+00 3.317991293943197643e-03
1.822084271837688396e+00 3.714388483927561976e-03
1.837792235105637273e+00 4.308984268904108260e-03
1.853500198373586150e+00 4.874217299066997862e-03
1.869208161641535026e+00 5.410087574416230782e-03
1.884916124909484125e+00 5.982661293282535639e-03
1.900624088177433224e+00 6.562575700852254015e-03
1.916332051445382101e+00 7.443458345261951860e-03
1.932040014713330978e+00 8.243593413934095782e-03
1.947747977981279854e+00 8.662012670028701108e-03
1.963455941249228953e+00 9.675027711099855321e-03
1.979163904517178052e+00 1.043845933625492731e-02
1.994871867785126929e+00 1.136338611288510887e-02
2.010579831053076028e+00 1.265534732468599939e-02
2.026287794321024904e+00 1.350686721428204402e-02
2.041995757588974225e+00 1.446849743442929839e-02
2.057703720856923102e+00 1.614217445880772664e-02
2.073411684124871979e+00 1.686890264044572582e-02
2.089119647392820855e+00 1.791862112503394763e-02
2.104827610660769732e+00 1.907844994017338786e-02
2.120535573928718609e+00 1.998135465069332886e-02
2.136243537196667930e+00 2.083287454028937002e-02
2.151951500464616807e+00 2.102373244657813542e-02
2.167659463732565683e+00 2.116320553194300791e-02
2.183367427000514560e+00 2.118522759805325020e-02
2.199075390268463881e+00 2.085489660639961232e-02
2.214783353536412758e+00 2.029700426494013624e-02
2.230491316804361634e+00 1.987858500884552918e-02
2.246199280072310511e+00 1.918121958202118407e-02
2.261907243340259388e+00 1.860130517445146570e-02
2.277615206608208265e+00 1.753690531245641337e-02
2.293323169876157586e+00 1.694965021618327974e-02
2.309031133144106462e+00 1.636239511991014958e-02
2.324739096412055339e+00 1.600270137344285762e-02
2.340447059680004216e+00 1.504107115329560325e-02
2.356155022947953537e+00 1.454190432146344053e-02
2.371862986215902414e+00 1.411614437666541995e-02
2.387570949483851290e+00 1.393996784778347986e-02
2.403278912751800167e+00 1.356559272390935739e-02
2.418986876019749044e+00 1.324994310966254828e-02
2.434694839287697921e+00 1.275077627783038556e-02
2.450402802555647241e+00 1.239842322006650711e-02
2.466110765823596118e+00 1.203872947359921342e-02
2.481818729091544995e+00 1.216352118155725366e-02
2.497526692359493872e+00 1.201670740748896939e-02
2.513234655627443193e+00 1.206809222841286749e-02
2.528942618895392069e+00 1.206075153970945571e-02
2.544650582163340946e+00 1.205341085100604046e-02
2.560358545431289823e+00 1.220756531377773825e-02
2.576066508699238700e+00 1.227363151210846513e-02
2.591774471967188020e+00 1.220022462507432300e-02
2.607482435235136897e+00 1.241310459747333589e-02
2.623190398503085774e+00 1.242044528617674767e-02
2.638898361771034651e+00 1.242044528617674941e-02
2.654606325038983972e+00 1.268471007949965694e-02
2.670314288306932848e+00 1.266268801338941465e-02
2.686022251574881725e+00 1.264066594727917235e-02
2.701730214842830602e+00 1.258928112635527424e-02
2.717438178110779479e+00 1.219288393637091121e-02
2.733146141378728355e+00 1.198734465267531531e-02
2.748854104646677676e+00 1.149551850954656437e-02
2.764562067914626553e+00 1.082017514883246503e-02
2.780270031182575430e+00 1.021089798644908737e-02
2.795977994450524307e+00 9.513532559624744006e-03
2.811685957718473627e+00 8.838189198910641198e-03
2.827393920986422504e+00 7.942625177094115446e-03
2.843101884254371381e+00 6.995676334353688117e-03
2.858809847522320258e+00 6.503850191224940652e-03
2.874517810790269134e+00 5.887232340138152074e-03
2.890225774058218011e+00 5.277955177754777016e-03
2.905933737326167332e+00 4.705381458888472160e-03
2.921641700594116209e+00 3.963971899843642469e-03
2.937349663862065086e+00 3.574915398562692956e-03
2.953057627130013962e+00 3.112452010247601306e-03
2.968765590397963283e+00 2.561900357491540044e-03
2.984473553665912160e+00 1.996667327328649575e-03
3.000181516933861037e+00 1.563566693827214606e-03
3.015889480201809913e+00 1.313983277911133681e-03
3.031597443469758790e+00 1.137806749029194025e-03
3.047305406737707667e+00 8.368385121892134727e-04
3.063013370005656988e+00 6.826840494175163282e-04
3.078721333273605865e+00 5.432109640526474161e-04
3.094429296541554741e+00 4.404413222048492475e-04
3.110137259809503618e+00 3.963971899843642252e-04
3.125845223077452495e+00 3.817158125775359928e-04
