-3.946724439183105226e-05 0.000000000000000000e+00
1.566849602355713592e-02 0.000000000000000000e+00
3.137645929150609941e-02 0.000000000000000000e+00
4.708442255945507332e-02 0.000000000000000000e+00
6.279238582740404029e-02 0.000000000000000000e+00
7.850034909535300032e-02 0.000000000000000000e+00
9.420831236330196035e-02 0.000000000000000000e+00
1.099162756312509481e-01 0.000000000000000000e+00
1.256242388991999082e-01 0.000000000000000000e+00
1.413322021671488404e-01 0.000000000000000000e+00
1.570401654350978282e-01 0.000000000000000000e+00
1.727481287030468160e-01 0.000000000000000000e+00
1.884560919709957483e-01 0.000000000000000000e+00
2.041640552389447361e-01 0.000000000000000000e+00
2.198720185068937238e-01 0.000000000000000000e+00
2.355799817748426561e-01 0.000000000000000000e+00
2.512879450427916717e-01 0.000000000000000000e+00
2.669959083107406039e-01 0.000000000000000000e+00
2.827038715786895917e-01 0.000000000000000000e+00
2.984118348466385795e-01 0.000000000000000000e+00
3.141197981145875118e-01 0.000000000000000000e+00
3.298277613825364996e-01 0.000000000000000000e+00
3.455357246504854318e-01 0.000000000000000000e+00
3.612436879184344196e-01 0.000000000000000000e+00
3.769516511863834074e-01 0.000000000000000000e+00
3.926596144543323952e-01 0.000000000000000000e+00
4.083675777222813275e-01 0.000000000000000000e+00
4.240755409902303152e-01 0.000000000000000000e+00
4.397835042581792475e-01 0.000000000000000000e+00
4.554914675261282353e-01 0.000000000000000000e+00
4.711994307940772231e-01 0.000000000000000000e+00
4.869073940620261554e-01 0.000000000000000000e+00
5.026153573299750876e-01 0.000000000000000000e+00
5.183233205979241864e-01 0.000000000000000000e+00
5.340312838658730632e-01 0.000000000000000000e+00
5.497392471338219400e-01 0.000000000000000000e+00
5.654472104017710388e-01 0.000000000000000000e+00
5.811551736697199155e-01 0.000000000000000000e+00
5.968631369376690143e-01 0.000000000000000000e+00
6.125711002056178911e-01 0.000000000000000000e+00
6.282790634735667679e-01 0.000000000000000000e+00
6.439870267415158667e-01 0.000000000000000000e+00
6.596949900094647434e-01 0.000000000000000000e+00
6.754029532774138422e-01 0.000000000000000000e+00
6.911109165453627190e-01 0.000000000000000000e+00
7.068188798133117068e-01 0.000000000000000000e+00
7.225268430812606946e-01 0.000000000000000000e+00
7.382348063492095713e-01 0.000000000000000000e+00
7.539427696171586701e-01 0.000000000000000000e+00
7.696507328851075469e-01 0.000000000000000000e+00
7.853586961530565347e-01 0.000000000000000000e+00
8.010666594210055225e-01 0.000000000000000000e+00
8.167746226889543992e-01 0.000000000000000000e+00
8.324825859569034980e-01 0.000000000000000000e+00
8.481905492248523748e-01 0.000000000000000000e+00
8.638985124928014736e-01 0.000000000000000000e+00
8.796064757607503504e-01 0.000000000000000000e+00
8.953144390286992271e-01 0.000000000000000000e+00
9.110224022966483259e-01 0.000000000000000000e+00
9.267303655645972027e-01 0.000000000000000000e+00
9.424383288325463015e-01 0.000000000000000000e+00
9.581462921004951783e-01 1.468137740682830689e-05
9.738542553684440550e-01 2.202206611024246034e-05
9.895622186363931538e-01 2.202206611024246034e-05
1.005270181904341920e+00 5.872550962731322758e-05
1.020978145172290796e+00 9.542895314438399820e-05
1.036686108440239895e+00 1.541544627716972258e-04
1.052394071708188994e+00 2.202206611024246237e-04
1.068102034976137871e+00 3.376716803570510789e-04
1.083809998244086747e+00 4.257599447980209067e-04
1.099517961512035624e+00 5.799144075697181596e-04
1.115225924779984723e+00 7.414095590448295829e-04
1.130933888047933822e+00 1.086421928105294832e-03
1.146641851315882699e+00 1.365368098835032656e-03
1.162349814583831575e+00 1.783787354929639501e-03
1.178057777851780452e+00 2.143481101396933416e-03
1.193765741119729551e+00 2.561900357491539611e-03
1.209473704387678650e+00 2.921594103958833309e-03
1.225181667655627527e+00 3.384057492273924959e-03
1.240889630923576403e+00 3.457464379308066663e-03
1.256597594191525280e+00 3.685025729113905295e-03
1.272305557459474379e+00 3.611618842079764025e-03
1.288013520727423478e+00 3.633640908190006319e-03
1.303721483995372354e+00 3.538211955045621887e-03
1.319429447263321231e+00 3.435442313197823935e-03
1.335137410531270330e+00 3.156496142468085894e-03
1.350845373799219207e+00 3.061067189323702330e-03
1.366553337067168306e+00 2.760098952483721994e-03
1.382261300335117182e+00 2.613285178415439454e-03
1.397969263603066059e+00 2.334339007685700979e-03
1.413677226871015158e+00 2.165503167507175277e-03
1.429385190138964035e+00 1.908579062887679964e-03
1.445093153406913133e+00 1.725061845302326138e-03
1.460801116674862010e+00 1.534203939013558142e-03
1.476509079942810887e+00 1.468137740682830608e-03
1.492217043210759986e+00 1.372708787538446827e-03
1.507925006478708863e+00 1.328664655317961804e-03
1.523632969746657961e+00 1.233235702173577806e-03
1.539340933014606838e+00 1.240576390876991977e-03
1.555048896282555715e+00 1.233235702173578023e-03
1.570756859550504814e+00 1.167169503842850706e-03
1.586464822818453690e+00 1.181850881249678830e-03
1.602172786086402789e+00 1.145147437732608195e-03
1.617880749354351666e+00 1.086421928105294832e-03
1.633588712622300543e+00 1.123125371622365467e-03
1.649296675890249642e+00 1.123125371622365467e-03
1.665004639158198518e+00 1.174510192546264660e-03
1.680712602426147617e+00 1.365368098835032656e-03
1.696420565694096494e+00 1.541544627716972529e-03
1.712128528962045371e+00 1.747083911412568649e-03
1.727836492229994469e+00 2.004008016032064396e-03
1.743544455497943568e+00 2.253591431948145322e-03
1.759252418765892445e+00 2.620625867118852974e-03
1.774960382033841322e+00 3.002341679696388533e-03
1.790668345301790199e+00 3.229903029502227598e-03
1.806376308569739297e+00 3.611618842079764025e-03
1.822084271837688396e+00 4.022697409470955832e-03
1.837792235105637273e+00 4.558567684820189619e-03
1.853500198373586150e+00 5.101778648872837794e-03
1.869208161641535026e+00 5.733077877366454279e-03
1.884916124909484125e+00 6.166178510867889248e-03
1.900624088177433224e+00 6.819499805471748895e-03
1.916332051445382101e+00 7.281963193786841412e-03
1.932040014713330978e+00 7.781130025619003264e-03
1.947747977981279854e+00 8.375725810595549548e-03
1.963455941249228953e+00 9.219905011488177191e-03
1.979163904517178052e+00 9.902589060905693519e-03
1.994871867785126929e+00 1.080549377142563452e-02
2.010579831053076028e+00 1.167169503842850620e-02
2.026287794321024904e+00 1.286822729708501402e-02
2.041995757588974225e+00 1.414550713147907750e-02
2.057703720856923102e+00 1.525395112569461441e-02
2.073411684124871979e+00 1.631101029898625321e-02
2.089119647392820855e+00 1.741945429320179012e-02
2.104827610660769732e+00 1.867471206148561130e-02
2.120535573928718609e+00 1.977581536699773296e-02
2.136243537196667930e+00 2.059797250178011657e-02
2.151951500464616807e+00 2.082553385158595824e-02
2.167659463732565683e+00 2.116320553194300791e-02
2.183367427000514560e+00 2.128799723990104642e-02
2.199075390268463881e+00 2.115586484323959265e-02
2.214783353536412758e+00 2.061999456789035887e-02
2.230491316804361634e+00 2.013550911346502492e-02
2.246199280072310511e+00 1.960697952681920292e-02
2.261907243340259388e+00 1.899036167573241521e-02
2.277615206608208265e+00 1.820490798446710440e-02
2.293323169876157586e+00 1.755158668986324041e-02
2.309031133144106462e+00 1.670006680026719925e-02
2.324739096412055339e+00 1.603206412825651170e-02
2.340447059680004216e+00 1.526129181439802619e-02
2.356155022947953537e+00 1.458594845368392338e-02
2.371862986215902414e+00 1.421891401851321617e-02
2.387570949483851290e+00 1.379315407371519558e-02
2.403278912751800167e+00 1.326462448706937532e-02
2.418986876019749044e+00 1.288290867449183932e-02
2.434694839287697921e+00 1.269205076820307393e-02
2.450402802555647241e+00 1.236171977654943605e-02
2.466110765823596118e+00 1.212681773804018086e-02
2.481818729091544995e+00 1.228097220081188039e-02
2.497526692359493872e+00 1.210479567192994030e-02
2.513234655627443193e+00 1.190659707693775791e-02
2.528942618895392069e+00 1.200202603008214408e-02
2.544650582163340946e+00 1.182584950120020399e-02
2.560358545431289823e+00 1.214883980415042489e-02
2.576066508699238700e+00 1.189191569953092914e-02
2.591774471967188020e+00 1.173776123675923135e-02
2.607482435235136897e+00 1.191393776564117143e-02
2.623190398503085774e+00 1.216352118155725193e-02
2.638898361771034651e+00 1.228097220081187865e-02
2.654606325038983972e+00 1.246448941839723226e-02
2.670314288306932848e+00 1.244980804099040696e-02
2.686022251574881725e+00 1.255991837154161843e-02
2.701730214842830602e+00 1.250119286191430333e-02
2.717438178110779479e+00 1.236171977654943431e-02
2.733146141378728355e+00 1.185521225601385807e-02
2.748854104646677676e+00 1.142945231121583576e-02
2.764562067914626553e+00 1.096698892290074584e-02
2.780270031182575430e+00 1.032834900570371583e-02
2.795977994450524307e+00 9.418103606480361309e-03
2.811685957718473627e+00 8.676694047435529883e-03
2.827393920986422504e+00 7.817833469136075200e-03
2.843101884254371381e+00 7.127808731015142750e-03
2.858809847522320258e+00 6.327673662343000563e-03
2.874517810790269134e+00 5.549560659781101538e-03
2.890225774058218011e+00 4.749425591108956748e-03
2.905933737326167332e+00 4.316324957607522647e-03
2.921641700594116209e+00 3.692366417817319682e-03
2.937349663862065086e+00 3.266606473019298667e-03
2.953057627130013962e+00 2.782121018593964289e-03
2.968765590397963283e+00 2.437108649533498931e-03
2.984473553665912160e+00 2.062733525659377325e-03
3.000181516933861037e+00 1.842512864556952864e-03
3.015889480201809913e+00 1.622292203454528186e-03
3.031597443469758790e+00 1.387390164945275168e-03
3.047305406737707667e+00 1.115784682918951297e-03
3.063013370005656988e+00 9.616302201472541524e-04
3.078721333273605865e+00 7.340688703414154125e-04
3.094429296541554741e+00 5.652330301628898188e-04
3.110137259809503618e+00 4.184192560946067363e-04
3.125845223077452495e+00 4.257599447980208525e-04
