-3.946724439183105226e-05 0.000000000000000000e+00
1.566849602355713592e-02 0.000000000000000000e+00
3.137645929150609941e-02 0.000000000000000000e+00
4.708442255945507332e-02 0.000000000000000000e+00
6.279238582740404029e-02 0.000000000000000000e+00
7.850034909535300032e-02 0.000000000000000000e+00
9.420831236330196035e-02 0.000000000000000000e+00
1.099162756312509481e-01 0.000000000000000000e+00
1.256242388991999082e-01 0.000000000000000000e+00
1.413322021671488404e-01 0.000000000000000000e+00
1.570401654350978282e-01 0.000000000000000000e+00
1.727481287030468160e-01 0.000000000000000000e+00
1.884560919709957483e-01 0.000000000000000000e+00
2.041640552389447361e-01 0.000000000000000000e+00
2.198720185068937238e-01 0.000000000000000000e+00
2.355799817748426561e-01 0.000000000000000000e+00
2.512879450427916717e-01 0.000000000000000000e+00
2.669959083107406039e-01 0.000000000000000000e+00
2.827038715786895917e-01 0.000000000000000000e+00
2.984118348466385795e-01 0.000000000000000000e+00
3.141197981145875118e-01 0.000000000000000000e+00
3.298277613825364996e-01 0.000000000000000000e+00
3.455357246504854318e-01 0.000000000000000000e+00
3.612436879184344196e-01 0.000000000000000000e+00
3.769516511863834074e-01 0.000000000000000000e+00
3.926596144543323952e-01 0.000000000000000000e+00
4.083675777222813275e-01 0.000000000000000000e+00
4.240755409902303152e-01 0.000000000000000000e+00
4.397835042581792475e-01 0.000000000000000000e+00
4.554914675261282353e-01 0.000000000000000000e+00
4.711994307940772231e-01 0.000000000000000000e+00
4.869073940620261554e-01 0.000000000000000000e+00
5.026153573299750876e-01 0.000000000000000000e+00
5.183233205979241864e-01 0.000000000000000000e+00
5.340312838658730632e-01 0.000000000000000000e+00
5.497392471338219400e-01 0.000000000000000000e+00
5.654472104017710388e-01 0.000000000000000000e+00
5.811551736697199155e-01 0.000000000000000000e+00
5.968631369376690143e-01 0.000000000000000000e+00
6.125711002056178911e-01 0.000000000000000000e+00
6.282790634735667679e-01 0.000000000000000000e+00
6.439870267415158667e-01 0.000000000000000000e+00
6.596949900094647434e-01 0.000000000000000000e+00
6.754029532774138422e-01 0.000000000000000000e+00
6.911109165453627190e-01 0.000000000000000000e+00
7.068188798133117068e-01 0.000000000000000000e+00
7.225268430812606946e-01 0.000000000000000000e+00
7.382348063492095713e-01 0.000000000000000000e+00
7.539427696171586701e-01 0.000000000000000000e+00
7.696507328851075469e-01 0.000000000000000000e+00
7.853586961530565347e-01 0.000000000000000000e+00
8.010666594210055225e-01 0.000000000000000000e+00
8.167746226889543992e-01 0.000000000000000000e+00
8.324825859569034980e-01 0.000000000000000000e+00
8.481905492248523748e-01 0.000000000000000000e+00
8.638985124928014736e-01 0.000000000000000000e+00
8.796064757607503504e-01 0.000000000000000000e+00
8.953144390286992271e-01 0.000000000000000000e+00
9.110224022966483259e-01 0.000000000000000000e+00
9.267303655645972027e-01 0.000000000000000000e+00
9.424383288325463015e-01 0.000000000000000000e+00
9.581462921004951783e-01 1.468137740682830689e-05
9.738542553684440550e-01 1.468137740682830689e-05
9.895622186363931538e-01 1.468137740682830689e-05
1.005270181904341920e+00 2.936275481365661379e-05
1.020978145172290796e+00 3.670344351707077062e-05
1.036686108440239895e+00 7.340688703414154125e-05
1.052394071708188994e+00 1.321323966614547688e-04
1.068102034976137871e+00 2.055392836955963101e-04
1.083809998244086747e+00 3.890565012809501632e-04
1.099517961512035624e+00 5.065075205355766726e-04
1.115225924779984723e+00 6.826840494175163282e-04
1.130933888047933822e+00 9.029047105199408977e-04
1.146641851315882699e+00 1.079081239401880662e-03
1.162349814583831575e+00 1.328664655317961804e-03
1.178057777851780452e+00 1.526863250310143971e-03
1.193765741119729551e+00 1.754424600115982603e-03
1.209473704387678650e+00 2.194865922320831959e-03
1.225181667655627527e+00 2.451790026940327272e-03
1.240889630923576403e+00 2.547218980084711270e-03
1.256597594191525280e+00 2.870209283034933900e-03
1.272305557459474379e+00 3.002341679696388967e-03
1.288013520727423478e+00 3.068407878027116283e-03
1.303721483995372354e+00 3.017023057103217741e-03
1.319429447263321231e+00 2.774780329890550335e-03
1.335137410531270330e+00 2.598603801008610679e-03
1.350845373799219207e+00 2.503174847864226248e-03
1.366553337067168306e+00 2.187525233617418005e-03
1.382261300335117182e+00 1.908579062887680181e-03
1.397969263603066059e+00 1.725061845302326355e-03
1.413677226871015158e+00 1.526863250310143754e-03
1.429385190138964035e+00 1.336005344021375975e-03
1.445093153406913133e+00 1.196532258656507171e-03
1.460801116674862010e+00 1.123125371622365467e-03
1.476509079942810887e+00 1.071740550698466491e-03
1.492217043210759986e+00 1.079081239401880662e-03
1.507925006478708863e+00 1.005674352367738958e-03
1.523632969746657961e+00 9.763115975540823848e-04
1.539340933014606838e+00 9.322674653335974709e-04
1.555048896282555715e+00 9.322674653335974709e-04
1.570756859550504814e+00 9.249267766301833005e-04
1.586464822818453690e+00 8.515198895960419219e-04
1.602172786086402789e+00 8.882233331131126654e-04
1.617880749354351666e+00 9.542895314438400904e-04
1.633588712622300543e+00 1.013015041071153345e-03
1.649296675890249642e+00 1.115784682918951514e-03
1.665004639158198518e+00 1.174510192546264660e-03
1.680712602426147617e+00 1.240576390876992193e-03
1.696420565694096494e+00 1.402071542352103291e-03
1.712128528962045371e+00 1.497500495496487290e-03
1.727836492229994469e+00 1.688358401785255286e-03
1.743544455497943568e+00 2.055392836955962938e-03
1.759252418765892445e+00 2.326998318982287026e-03
1.774960382033841322e+00 2.730736197670065313e-03
1.790668345301790199e+00 3.119792698951015693e-03
1.806376308569739297e+00 3.362035426163682231e-03
1.822084271837688396e+00 3.765773304851460952e-03
1.837792235105637273e+00 4.228236693166552602e-03
1.853500198373586150e+00 4.631974571854331757e-03
1.869208161641535026e+00 5.211888979424049266e-03
1.884916124909484125e+00 5.476153772746959400e-03
1.900624088177433224e+00 6.195541265681546797e-03
1.916332051445382101e+00 6.746092918437607625e-03
1.932040014713330978e+00 7.289303882490254932e-03
1.947747977981279854e+00 7.854536912653144534e-03
1.963455941249228953e+00 8.544561650774074382e-03
1.979163904517178052e+00 9.506191870921328751e-03
1.994871867785126929e+00 1.052654760069589648e-02
2.010579831053076028e+00 1.140008955640217994e-02
2.026287794321024904e+00 1.263332525857575710e-02
2.041995757588974225e+00 1.361697754483325550e-02
2.057703720856923102e+00 1.498968633237170167e-02
2.073411684124871979e+00 1.628898823287600744e-02
2.089119647392820855e+00 1.721391500950619075e-02
2.104827610660769732e+00 1.824895211668758552e-02
2.120535573928718609e+00 1.912983476109728423e-02
2.136243537196667930e+00 1.992996982976942902e-02
2.151951500464616807e+00 2.051722492604255918e-02
2.167659463732565683e+00 2.134672274952835805e-02
2.183367427000514560e+00 2.158162478803761150e-02
2.199075390268463881e+00 2.160364685414785380e-02
2.214783353536412758e+00 2.131001930601128871e-02
2.230491316804361634e+00 2.097968831435765430e-02
2.246199280072310511e+00 2.055392836955963198e-02
2.261907243340259388e+00 1.984922225403187510e-02
2.277615206608208265e+00 1.841778795686611209e-02
2.293323169876157586e+00 1.750754255764275583e-02
2.309031133144106462e+00 1.646516476175794580e-02
2.324739096412055339e+00 1.575311795752677366e-02
2.340447059680004216e+00 1.508511528551608610e-02
2.356155022947953537e+00 1.441711261350539855e-02
2.371862986215902414e+00 1.405007817833468960e-02
2.387570949483851290e+00 1.386656096074933599e-02
2.403278912751800167e+00 1.352154859168887280e-02
2.418986876019749044e+00 1.322058035484889246e-02
2.434694839287697921e+00 1.333803137410351919e-02
2.450402802555647241e+00 1.308110726948402344e-02
2.466110765823596118e+00 1.282418316486452596e-02
2.481818729091544995e+00 1.276545765523721433e-02
2.497526692359493872e+00 1.305908520337378115e-02
2.513234655627443193e+00 1.308844795818743696e-02
2.528942618895392069e+00 1.313983277911133507e-02
2.544650582163340946e+00 1.297833762763622376e-02
2.560358545431289823e+00 1.317653622262840787e-02
2.576066508699238700e+00 1.307376658078060992e-02
2.591774471967188020e+00 1.333803137410351919e-02
2.607482435235136897e+00 1.291227142930549687e-02
2.623190398503085774e+00 1.261130319246551654e-02
2.638898361771034651e+00 1.275811696653380081e-02
2.654606325038983972e+00 1.281684247616111244e-02
2.670314288306932848e+00 1.289759005189866983e-02
2.686022251574881725e+00 1.319121760003523491e-02
2.701730214842830602e+00 1.297099693893281197e-02
2.717438178110779479e+00 1.289024936319525284e-02
2.733146141378728355e+00 1.275811696653379908e-02
2.748854104646677676e+00 1.225160944599822110e-02
2.764562067914626553e+00 1.180382743508995996e-02
2.780270031182575430e+00 1.100369236641781864e-02
2.795977994450524307e+00 1.021823867515250436e-02
2.811685957718473627e+00 9.586939446658886144e-03
2.827393920986422504e+00 8.559243028180903157e-03
2.843101884254371381e+00 7.803152091729245558e-03
2.858809847522320258e+00 7.237919061566355956e-03
2.874517810790269134e+00 6.276288841419101587e-03
2.890225774058218011e+00 5.454131706636716238e-03
2.905933737326167332e+00 4.742084902405543229e-03
2.921641700594116209e+00 4.022697409470956699e-03
2.937349663862065086e+00 3.530871266342208367e-03
2.953057627130013962e+00 3.002341679696388967e-03
2.968765590397963283e+00 2.451790026940327272e-03
2.984473553665912160e+00 2.099436969176447960e-03
3.000181516933861037e+00 1.776446666226225114e-03
3.015889480201809913e+00 1.490159806793073336e-03
3.031597443469758790e+00 1.189191569953093001e-03
3.047305406737707667e+00 1.005674352367739175e-03
3.063013370005656988e+00 7.707723138584861560e-04
3.078721333273605865e+00 5.945957849765465004e-04
3.094429296541554741e+00 4.404413222048493017e-04
3.110137259809503618e+00 3.376716803570511331e-04
3.125845223077452495e+00 2.789461707297378784e-04
