-3.946724439183105226e-05 0.000000000000000000e+00
1.566849602355713592e-02 0.000000000000000000e+00
3.137645929150609941e-02 0.000000000000000000e+00
4.708442255945507332e-02 0.000000000000000000e+00
6.279238582740404029e-02 0.000000000000000000e+00
7.850034909535300032e-02 0.000000000000000000e+00
9.420831236330196035e-02 0.000000000000000000e+00
1.099162756312509481e-01 0.000000000000000000e+00
1.256242388991999082e-01 0.000000000000000000e+00
1.413322021671488404e-01 0.000000000000000000e+00
1.570401654350978282e-01 0.000000000000000000e+00
1.727481287030468160e-01 0.000000000000000000e+00
1.884560919709957483e-01 0.000000000000000000e+00
2.041640552389447361e-01 0.000000000000000000e+00
2.198720185068937238e-01 0.000000000000000000e+00
2.355799817748426561e-01 0.000000000000000000e+00
2.512879450427916717e-01 0.000000000000000000e+00
2.669959083107406039e-01 0.000000000000000000e+00
2.827038715786895917e-01 0.000000000000000000e+00
2.984118348466385795e-01 0.000000000000000000e+00
3.141197981145875118e-01 0.000000000000000000e+00
3.298277613825364996e-01 0.000000000000000000e+00
3.455357246504854318e-01 0.000000000000000000e+00
3.612436879184344196e-01 0.000000000000000000e+00
3.769516511863834074e-01 0.000000000000000000e+00
3.926596144543323952e-01 0.000000000000000000e+00
4.083675777222813275e-01 0.000000000000000000e+00
4.240755409902303152e-01 0.000000000000000000e+00
4.397835042581792475e-01 0.000000000000000000e+00
4.554914675261282353e-01 0.000000000000000000e+00
4.711994307940772231e-01 0.000000000000000000e+00
4.869073940620261554e-01 0.000000000000000000e+00
5.026153573299750876e-01 0.000000000000000000e+00
5.183233205979241864e-01 0.000000000000000000e+00
5.340312838658730632e-01 0.000000000000000000e+00
5.497392471338219400e-01 0.000000000000000000e+00
5.654472104017710388e-01 0.000000000000000000e+00
5.811551736697199155e-01 0.000000000000000000e+00
5.968631369376690143e-01 0.000000000000000000e+00
6.125711002056178911e-01 0.000000000000000000e+00
6.282790634735667679e-01 0.000000000000000000e+00
6.439870267415158667e-01 0.000000000000000000e+00
6.596949900094647434e-01 0.000000000000000000e+00
6.754029532774138422e-01 0.000000000000000000e+00
6.911109165453627190e-01 0.000000000000000000e+00
7.068188798133117068e-01 0.000000000000000000e+00
7.225268430812606946e-01 0.000000000000000000e+00
7.382348063492095713e-01 0.000000000000000000e+00
7.539427696171586701e-01 0.000000000000000000e+00
7.696507328851075469e-01 0.000000000000000000e+00
7.853586961530565347e-01 0.000000000000000000e+00
8.010666594210055225e-01 0.000000000000000000e+00
8.167746226889543992e-01 0.000000000000000000e+00
8.324825859569034980e-01 0.000000000000000000e+00
8.481905492248523748e-01 0.000000000000000000e+00
8.638985124928014736e-01 0.000000000000000000e+00
8.796064757607503504e-01 0.000000000000000000e+00
8.953144390286992271e-01 0.000000000000000000e+00
9.110224022966483259e-01 7.340688703414153447e-06
9.267303655645972027e-01 7.340688703414153447e-06
9.424383288325463015e-01 7.340688703414153447e-06
9.581462921004951783e-01 7.340688703414153447e-06
9.738542553684440550e-01 2.202206611024246034e-05
9.895622186363931538e-01 3.670344351707077062e-05
1.005270181904341920e+00 5.872550962731323435e-05
1.020978145172290796e+00 1.101103305512123119e-04
1.036686108440239895e+00 1.688358401785255395e-04
1.052394071708188994e+00 2.789461707297378242e-04
1.068102034976137871e+00 3.596937464672935359e-04
1.083809998244086747e+00 4.477820109082634179e-04
1.099517961512035624e+00 6.092771623833748412e-04
1.115225924779984723e+00 7.854536912653144968e-04
1.130933888047933822e+00 9.616302201472542608e-04
1.146641851315882699e+00 1.196532258656506954e-03
1.162349814583831575e+00 1.438774985869174360e-03
1.178057777851780452e+00 1.820490798446710353e-03
1.193765741119729551e+00 2.202206611024245912e-03
1.209473704387678650e+00 2.525196913974468976e-03
1.225181667655627527e+00 2.811483773407620970e-03
1.240889630923576403e+00 3.141814765061257987e-03
1.256597594191525280e+00 3.398738869680752867e-03
1.272305557459474379e+00 3.611618842079764025e-03
1.288013520727423478e+00 3.567574709859279002e-03
1.303721483995372354e+00 3.450123690604651842e-03
1.319429447263321231e+00 3.288628539129540961e-03
1.335137410531270330e+00 3.185858897281742576e-03
1.350845373799219207e+00 2.928934792662247263e-03
1.366553337067168306e+00 2.635307244525680881e-03
1.382261300335117182e+00 2.319657630278873072e-03
1.397969263603066059e+00 2.092096280473034007e-03
1.413677226871015158e+00 1.967304572514993327e-03
1.429385190138964035e+00 1.835172175853538260e-03
1.445093153406913133e+00 1.607610826047699412e-03
1.460801116674862010e+00 1.453456363276002267e-03
1.476509079942810887e+00 1.416752919758931632e-03
1.492217043210759986e+00 1.313983277911133681e-03
1.507925006478708863e+00 1.233235702173578023e-03
1.523632969746657961e+00 1.181850881249678830e-03
1.539340933014606838e+00 1.101103305512123173e-03
1.555048896282555715e+00 1.115784682918951297e-03
1.570756859550504814e+00 1.130466060325779638e-03
1.586464822818453690e+00 1.079081239401880445e-03
1.602172786086402789e+00 1.123125371622365467e-03
1.617880749354351666e+00 1.159828815139436319e-03
1.633588712622300543e+00 1.159828815139436319e-03
1.649296675890249642e+00 1.306642589207719510e-03
1.665004639158198518e+00 1.343346032724790145e-03
1.680712602426147617e+00 1.497500495496487507e-03
1.696420565694096494e+00 1.600270137344285675e-03
1.712128528962045371e+00 1.761765288819396990e-03
1.727836492229994469e+00 2.070074214362791713e-03
1.743544455497943568e+00 2.371042451202771614e-03
1.759252418765892445e+00 2.598603801008610246e-03
1.774960382033841322e+00 2.921594103958833309e-03
1.790668345301790199e+00 3.193199585985156963e-03
1.806376308569739297e+00 3.699707106520733636e-03
1.822084271837688396e+00 4.074082230394855675e-03
1.837792235105637273e+00 4.470479420379220442e-03
1.853500198373586150e+00 4.984327629618210201e-03
1.869208161641535026e+00 5.432109640526473944e-03
1.884916124909484125e+00 5.945957849765464570e-03
1.900624088177433224e+00 6.533212946038597334e-03
1.916332051445382101e+00 7.054401843981001480e-03
1.932040014713330978e+00 7.648997628957548631e-03
1.947747977981279854e+00 8.309659612264822665e-03
1.963455941249228953e+00 9.117135369640379239e-03
1.979163904517178052e+00 1.005674352367739131e-02
1.994871867785126929e+00 1.101103305512123043e-02
2.010579831053076028e+00 1.198000396397189832e-02
2.026287794321024904e+00 1.324260242095913476e-02
2.041995757588974225e+00 1.418955126369956035e-02
2.057703720856923102e+00 1.566502969308580448e-02
2.073411684124871979e+00 1.647250545046136105e-02
2.089119647392820855e+00 1.726529983043009059e-02
2.104827610660769732e+00 1.835172175853538520e-02
2.120535573928718609e+00 1.942346230923385278e-02
2.136243537196667930e+00 1.995199189587967131e-02
2.151951500464616807e+00 2.044381803900842051e-02
2.167659463732565683e+00 2.053924699215280494e-02
2.183367427000514560e+00 2.084755591769619359e-02
2.199075390268463881e+00 2.086957798380643589e-02
2.214783353536412758e+00 2.058329112437328953e-02
2.230491316804361634e+00 2.004008016032064049e-02
2.246199280072310511e+00 1.931335197868263784e-02
2.261907243340259388e+00 1.875545963722316523e-02
2.277615206608208265e+00 1.788191768151688177e-02
2.293323169876157586e+00 1.712582674506522504e-02
2.309031133144106462e+00 1.634037305379990729e-02
2.324739096412055339e+00 1.548885316420386439e-02
2.340447059680004216e+00 1.485755393571024791e-02
2.356155022947953537e+00 1.443179399091222559e-02
2.371862986215902414e+00 1.404273748963127781e-02
2.387570949483851290e+00 1.374910994149470926e-02
2.403278912751800167e+00 1.358027410131618443e-02
2.418986876019749044e+00 1.331600930799327516e-02
2.434694839287697921e+00 1.301504107115329482e-02
2.450402802555647241e+00 1.289024936319525458e-02
2.466110765823596118e+00 1.266268801338941638e-02
2.481818729091544995e+00 1.267002870209283164e-02
2.497526692359493872e+00 1.244980804099040522e-02
2.513234655627443193e+00 1.228831288951529391e-02
2.528942618895392069e+00 1.234703839914260727e-02
2.544650582163340946e+00 1.240576390876992063e-02
2.560358545431289823e+00 1.229565357821870743e-02
2.576066508699238700e+00 1.215618049285383841e-02
2.591774471967188020e+00 1.217086187026066718e-02
2.607482435235136897e+00 1.215618049285383841e-02
2.623190398503085774e+00 1.217820255896408070e-02
2.638898361771034651e+00 1.220756531377773998e-02
2.654606325038983972e+00 1.239842322006650538e-02
2.670314288306932848e+00 1.231033495562553620e-02
2.686022251574881725e+00 1.239842322006650711e-02
2.701730214842830602e+00 1.246448941839723400e-02
2.717438178110779479e+00 1.247917079580406277e-02
2.733146141378728355e+00 1.209745498322652504e-02
2.748854104646677676e+00 1.174510192546264660e-02
2.764562067914626553e+00 1.115784682918951470e-02
2.780270031182575430e+00 1.060729517643345388e-02
2.795977994450524307e+00 9.873226306092035970e-03
2.811685957718473627e+00 8.962980906868681444e-03
2.827393920986422504e+00 8.162845838196540124e-03
2.843101884254371381e+00 7.333348014710740388e-03
2.858809847522320258e+00 6.613960521776152124e-03
2.874517810790269134e+00 5.960639227172292477e-03
2.890225774058218011e+00 5.329339998678675992e-03
2.905933737326167332e+00 4.778788345922614297e-03
2.921641700594116209e+00 4.125467051318754651e-03
2.937349663862065086e+00 3.530871266342207934e-03
2.953057627130013962e+00 3.127133387654429646e-03
2.968765590397963283e+00 2.686692065449580724e-03
2.984473553665912160e+00 2.231569365837902594e-03
3.000181516933861037e+00 1.827831487150124307e-03
3.015889480201809913e+00 1.585588759937457551e-03
3.031597443469758790e+00 1.365368098835032656e-03
3.047305406737707667e+00 1.130466060325779638e-03
3.063013370005656988e+00 8.882233331131127738e-04
3.078721333273605865e+00 6.753433607141022662e-04
3.094429296541554741e+00 4.991668318321625022e-04
3.110137259809503618e+00 4.257599447980209067e-04
3.125845223077452495e+00 4.110785673911926202e-04
