-1.460183660255166826e-04 0.000000000000000000e+00
1.556194490192345029e-02 0.000000000000000000e+00
3.126990816987241378e-02 0.000000000000000000e+00
4.697787143782138769e-02 0.000000000000000000e+00
6.268583470577035466e-02 0.000000000000000000e+00
7.839379797371931469e-02 0.000000000000000000e+00
9.410176124166827472e-02 0.000000000000000000e+00
1.098097245096172625e-01 0.000000000000000000e+00
1.255176877775662225e-01 0.000000000000000000e+00
1.412256510455151548e-01 0.000000000000000000e+00
1.569336143134641426e-01 0.000000000000000000e+00
1.726415775814131304e-01 0.000000000000000000e+00
1.883495408493620626e-01 0.000000000000000000e+00
2.040575041173110504e-01 0.000000000000000000e+00
2.197654673852600382e-01 0.000000000000000000e+00
2.354734306532089705e-01 0.000000000000000000e+00
2.511813939211579583e-01 0.000000000000000000e+00
2.668893571891068905e-01 0.000000000000000000e+00
2.825973204570558783e-01 0.000000000000000000e+00
2.983052837250048661e-01 0.000000000000000000e+00
3.140132469929537984e-01 0.000000000000000000e+00
3.297212102609027862e-01 0.000000000000000000e+00
3.454291735288517184e-01 0.000000000000000000e+00
3.611371367968007062e-01 0.000000000000000000e+00
3.768451000647496940e-01 0.000000000000000000e+00
3.925530633326986818e-01 0.000000000000000000e+00
4.082610266006476141e-01 0.000000000000000000e+00
4.239689898685966019e-01 0.000000000000000000e+00
4.396769531365455341e-01 0.000000000000000000e+00
4.553849164044945219e-01 0.000000000000000000e+00
4.710928796724435097e-01 0.000000000000000000e+00
4.868008429403924420e-01 0.000000000000000000e+00
5.025088062083413742e-01 0.000000000000000000e+00
5.182167694762904731e-01 0.000000000000000000e+00
5.339247327442393498e-01 0.000000000000000000e+00
5.496326960121882266e-01 0.000000000000000000e+00
5.653406592801373254e-01 0.000000000000000000e+00
5.810486225480862021e-01 0.000000000000000000e+00
5.967565858160353010e-01 0.000000000000000000e+00
6.124645490839841777e-01 0.000000000000000000e+00
6.281725123519330545e-01 0.000000000000000000e+00
6.438804756198821533e-01 0.000000000000000000e+00
6.595884388878310300e-01 0.000000000000000000e+00
6.752964021557801289e-01 0.000000000000000000e+00
6.910043654237290056e-01 0.000000000000000000e+00
7.067123286916779934e-01 0.000000000000000000e+00
7.224202919596269812e-01 0.000000000000000000e+00
7.381282552275758579e-01 0.000000000000000000e+00
7.538362184955249568e-01 0.000000000000000000e+00
7.695441817634738335e-01 0.000000000000000000e+00
7.852521450314228213e-01 0.000000000000000000e+00
8.009601082993718091e-01 0.000000000000000000e+00
8.166680715673206858e-01 0.000000000000000000e+00
8.323760348352697847e-01 0.000000000000000000e+00
8.480839981032186614e-01 0.000000000000000000e+00
8.637919613711677602e-01 0.000000000000000000e+00
8.794999246391166370e-01 0.000000000000000000e+00
8.952078879070655137e-01 0.000000000000000000e+00
9.109158511750146126e-01 0.000000000000000000e+00
9.266238144429634893e-01 0.000000000000000000e+00
9.423317777109125881e-01 0.000000000000000000e+00
9.580397409788614649e-01 0.000000000000000000e+00
9.737477042468103416e-01 7.340688703414153447e-06
9.894556675147594405e-01 1.468137740682830689e-05
1.005163630782708317e+00 6.606619833072737086e-05
1.020871594050657194e+00 8.074757573755568453e-05
1.036579557318606293e+00 1.321323966614547417e-04
1.052287520586555392e+00 1.688358401785255123e-04
1.067995483854504268e+00 2.128799723990104534e-04
1.083703447122453145e+00 3.450123690604652493e-04
1.099411410390402022e+00 4.991668318321625022e-04
1.115119373658351121e+00 6.092771623833748412e-04
1.130827336926300219e+00 8.001350686721428376e-04
1.146535300194249096e+00 9.763115975540823848e-04
1.162243263462197973e+00 1.255257768283820317e-03
1.177951226730146850e+00 1.548885316420386266e-03
1.193659189998095949e+00 1.798468732336467842e-03
1.209367153266045047e+00 2.026030082142306690e-03
1.225075116533993924e+00 2.304976252872044298e-03
1.240783079801942801e+00 2.569241046194953998e-03
1.256491043069891678e+00 2.760098952483721561e-03
1.272199006337840776e+00 2.811483773407620970e-03
1.287906969605789875e+00 2.950956858772489991e-03
1.303614932873738752e+00 2.972978924882732719e-03
1.319322896141687629e+00 2.870209283034934333e-03
1.335030859409636728e+00 2.649988621932509655e-03
1.350738822677585604e+00 2.444449338236913318e-03
1.366446785945534703e+00 2.202206611024246346e-03
1.382154749213483580e+00 2.121459035286690255e-03
1.397862712481432457e+00 1.805809421039881795e-03
1.413570675749381556e+00 1.519522561606729801e-03
1.429278639017330432e+00 1.358027410131618486e-03
1.444986602285279531e+00 1.321323966614547851e-03
1.460694565553228408e+00 1.159828815139436319e-03
1.476402528821177285e+00 1.086421928105294615e-03
1.492110492089126383e+00 9.983336636643250044e-04
1.507818455357075260e+00 9.909929749609108340e-04
1.523526418625024359e+00 9.836522862574966636e-04
1.539234381892973236e+00 9.322674653335974709e-04
1.554942345160922113e+00 8.662012670028701542e-04
1.570650308428871211e+00 8.515198895960418134e-04
1.586358271696820088e+00 9.542895314438399820e-04
1.602066234964769187e+00 8.882233331131125570e-04
1.617774198232718064e+00 8.808826444096984950e-04
1.633482161500666940e+00 9.175860879267692385e-04
1.649190124768616039e+00 1.101103305512123173e-03
1.664898088036564916e+00 1.233235702173577806e-03
1.680606051304514015e+00 1.313983277911133464e-03
1.696314014572462892e+00 1.291961211800890953e-03
1.712021977840411768e+00 1.409412231055517245e-03
1.727729941108360867e+00 1.541544627716972095e-03
1.743437904376309966e+00 1.732402534005740092e-03
1.759145867644258843e+00 1.981985949921821234e-03
1.774853830912207719e+00 2.077414903066205666e-03
1.790561794180156596e+00 2.554559668788125657e-03
1.806269757448105695e+00 2.884890660441762240e-03
1.821977720716054794e+00 3.178518208578328189e-03
1.837685683984003671e+00 3.707047795224147589e-03
1.853393647251952547e+00 4.184192560946068014e-03
1.869101610519901424e+00 4.492501486489461869e-03
1.884809573787850523e+00 5.094437960169422540e-03
1.900517537055799622e+00 5.578923414594757352e-03
1.916225500323748498e+00 6.342355039749828470e-03
1.931933463591697375e+00 7.149830797125385912e-03
1.947641426859646252e+00 7.803152091729245558e-03
1.963349390127595351e+00 8.757441623173085540e-03
1.979057353395544450e+00 9.895248372202278264e-03
1.994765316663493326e+00 1.085687859234953437e-02
2.010473279931442203e+00 1.184053087860702930e-02
2.026181243199391080e+00 1.305908520337377941e-02
2.041889206467340401e+00 1.440243123609856978e-02
2.057597169735289278e+00 1.600270137344285415e-02
2.073305133003238154e+00 1.740477291579495961e-02
2.089013096271187031e+00 1.857928310834122340e-02
2.104721059539135908e+00 2.050988423733914393e-02
2.120429022807084785e+00 2.214685781820050284e-02
2.136136986075034105e+00 2.349754453962870845e-02
2.151844949342982982e+00 2.398202999405404240e-02
2.167552912610931859e+00 2.412884376812232320e-02
2.183260875878880736e+00 2.425363547608036519e-02
2.198968839146830057e+00 2.404075550368135403e-02
2.214676802414778933e+00 2.299837770779654400e-02
2.230384765682727810e+00 2.209547299727660299e-02
2.246092728950676687e+00 2.072276420973815855e-02
2.261800692218625564e+00 1.996667327328649835e-02
2.277508655486574440e+00 1.909313131758021490e-02
2.293216618754523761e+00 1.802873145558516257e-02
2.308924582022472638e+00 1.716987087728570616e-02
2.324632545290421515e+00 1.635505443120673433e-02
2.340340508558370392e+00 1.565034831567897744e-02
2.356048471826319712e+00 1.513650010643998768e-02
2.371756435094268589e+00 1.446115674572588487e-02
2.387464398362217466e+00 1.388124233815616650e-02
2.403172361630166343e+00 1.350686721428204402e-02
2.418880324898115219e+00 1.313983277911133507e-02
2.434588288166064096e+00 1.267736939079624515e-02
2.450296251434013417e+00 1.217086187026066718e-02
2.466004214701962294e+00 1.194330052045482898e-02
2.481712177969911171e+00 1.203138878489579643e-02
2.497420141237860047e+00 1.197266327526848306e-02
2.513128104505809368e+00 1.162765090620801987e-02
2.528836067773758245e+00 1.159094746269095054e-02
2.544544031041707122e+00 1.178180536897971767e-02
2.560251994309655998e+00 1.182584950120020226e-02
2.575959957577604875e+00 1.200202603008214235e-02
2.591667920845554196e+00 1.210479567192994030e-02
2.607375884113503073e+00 1.236906046525284956e-02
2.623083847381451950e+00 1.268471007949965867e-02
2.638791810649400826e+00 1.286088660838159703e-02
2.654499773917350147e+00 1.289759005189866810e-02
2.670207737185299024e+00 1.290493074060208335e-02
2.685915700453247901e+00 1.246448941839723400e-02
2.701623663721196777e+00 1.211947704933676734e-02
2.717331626989145654e+00 1.193595983175141373e-02
2.733039590257094531e+00 1.151019988695339141e-02
2.748747553525043852e+00 1.087890065845977666e-02
2.764455516792992729e+00 1.049718484588224240e-02
2.780163480060941605e+00 1.001269939145690499e-02
2.795871443328890482e+00 9.528213937031572781e-03
2.811579406596839803e+00 8.882233331131125786e-03
2.827287369864788680e+00 7.949965865797528966e-03
2.842995333132737557e+00 7.237919061566355089e-03
2.858703296400686433e+00 6.577257078259081055e-03
2.874411259668635310e+00 5.769781320883524481e-03
2.890119222936584187e+00 4.925602119990896838e-03
2.905827186204533508e+00 4.213555315759724695e-03
2.921535149472482384e+00 3.545552643749036274e-03
2.937243112740431261e+00 2.987660302289560626e-03
2.952951076008380138e+00 2.532537602677882929e-03
2.968659039276329459e+00 2.268272809354973663e-03
2.984367002544278336e+00 1.871875619370609329e-03
3.000074965812227212e+00 1.629632892157942140e-03
3.015782929080176089e+00 1.468137740682830825e-03
3.031490892348124966e+00 1.284620523097476999e-03
3.047198855616073843e+00 1.049718484588223980e-03
3.062906818884023163e+00 8.368385121892136895e-04
3.078614782151972040e+00 5.799144075697181596e-04
3.094322745419920917e+00 4.477820109082634179e-04
3.110030708687869794e+00 3.817158125775360470e-04
3.125738671955818671e+00 3.670344351707077062e-04
