-1.460183660255166826e-04 0.000000000000000000e+00
1.556194490192345029e-02 0.000000000000000000e+00
3.126990816987241378e-02 0.000000000000000000e+00
4.697787143782138769e-02 0.000000000000000000e+00
6.268583470577035466e-02 0.000000000000000000e+00
7.839379797371931469e-02 0.000000000000000000e+00
9.410176124166827472e-02 0.000000000000000000e+00
1.098097245096172625e-01 0.000000000000000000e+00
1.255176877775662225e-01 0.000000000000000000e+00
1.412256510455151548e-01 0.000000000000000000e+00
1.569336143134641426e-01 0.000000000000000000e+00
1.726415775814131304e-01 0.000000000000000000e+00
1.883495408493620626e-01 0.000000000000000000e+00
2.040575041173110504e-01 0.000000000000000000e+00
2.197654673852600382e-01 0.000000000000000000e+00
2.354734306532089705e-01 0.000000000000000000e+00
2.511813939211579583e-01 0.000000000000000000e+00
2.668893571891068905e-01 0.000000000000000000e+00
2.825973204570558783e-01 0.000000000000000000e+00
2.983052837250048661e-01 0.000000000000000000e+00
3.140132469929537984e-01 0.000000000000000000e+00
3.297212102609027862e-01 0.000000000000000000e+00
3.454291735288517184e-01 0.000000000000000000e+00
3.611371367968007062e-01 0.000000000000000000e+00
3.768451000647496940e-01 0.000000000000000000e+00
3.925530633326986818e-01 0.000000000000000000e+00
4.082610266006476141e-01 0.000000000000000000e+00
4.239689898685966019e-01 0.000000000000000000e+00
4.396769531365455341e-01 0.000000000000000000e+00
4.553849164044945219e-01 0.000000000000000000e+00
4.710928796724435097e-01 0.000000000000000000e+00
4.868008429403924420e-01 0.000000000000000000e+00
5.025088062083413742e-01 0.000000000000000000e+00
5.182167694762904731e-01 0.000000000000000000e+00
5.339247327442393498e-01 0.000000000000000000e+00
5.496326960121882266e-01 0.000000000000000000e+00
5.653406592801373254e-01 0.000000000000000000e+00
5.810486225480862021e-01 0.000000000000000000e+00
5.967565858160353010e-01 0.000000000000000000e+00
6.124645490839841777e-01 0.000000000000000000e+00
6.281725123519330545e-01 0.000000000000000000e+00
6.438804756198821533e-01 0.000000000000000000e+00
6.595884388878310300e-01 0.000000000000000000e+00
6.752964021557801289e-01 0.000000000000000000e+00
6.910043654237290056e-01 0.000000000000000000e+00
7.067123286916779934e-01 0.000000000000000000e+00
7.224202919596269812e-01 0.000000000000000000e+00
7.381282552275758579e-01 0.000000000000000000e+00
7.538362184955249568e-01 0.000000000000000000e+00
7.695441817634738335e-01 0.000000000000000000e+00
7.852521450314228213e-01 0.000000000000000000e+00
8.009601082993718091e-01 0.000000000000000000e+00
8.166680715673206858e-01 0.000000000000000000e+00
8.323760348352697847e-01 0.000000000000000000e+00
8.480839981032186614e-01 0.000000000000000000e+00
8.637919613711677602e-01 0.000000000000000000e+00
8.794999246391166370e-01 0.000000000000000000e+00
8.952078879070655137e-01 0.000000000000000000e+00
9.109158511750146126e-01 0.000000000000000000e+00
9.266238144429634893e-01 0.000000000000000000e+00
9.423317777109125881e-01 0.000000000000000000e+00
9.580397409788614649e-01 7.340688703414153447e-06
9.737477042468103416e-01 3.670344351707077062e-05
9.894556675147594405e-01 5.138482092389907752e-05
1.005163630782708317e+00 6.606619833072738441e-05
1.020871594050657194e+00 1.247917079580406255e-04
1.036579557318606293e+00 1.688358401785255395e-04
1.052287520586555392e+00 2.716054820263236538e-04
1.067995483854504268e+00 3.376716803570510247e-04
1.083703447122453145e+00 4.551226996116775341e-04
1.099411410390402022e+00 6.533212946038596466e-04
1.115119373658351121e+00 9.175860879267691301e-04
1.130827336926300219e+00 1.181850881249678830e-03
1.146535300194249096e+00 1.541544627716972312e-03
1.162243263462197973e+00 1.923260440294508305e-03
1.177951226730146850e+00 2.246250743244731368e-03
1.193659189998095949e+00 2.598603801008610246e-03
1.209367153266045047e+00 2.826165150814449311e-03
1.225075116533993924e+00 3.068407878027116717e-03
1.240783079801942801e+00 3.259265784315884280e-03
1.256491043069891678e+00 3.303309916536368868e-03
1.272199006337840776e+00 3.281287850426126574e-03
1.287906969605789875e+00 3.303309916536368868e-03
1.303614932873738752e+00 3.207880963391984870e-03
1.319322896141687629e+00 3.171177519874913801e-03
1.335030859409636728e+00 3.009682368399803354e-03
1.350738822677585604e+00 2.774780329890550769e-03
1.366446785945534703e+00 2.583922423601782339e-03
1.382154749213483580e+00 2.422427272126671024e-03
1.397862712481432457e+00 2.253591431948145322e-03
1.413570675749381556e+00 2.011348704735477916e-03
1.429278639017330432e+00 1.754424600115982603e-03
1.444986602285279531e+00 1.578248071234043164e-03
1.460694565553228408e+00 1.446115674572588314e-03
1.476402528821177285e+00 1.291961211800891169e-03
1.492110492089126383e+00 1.159828815139436319e-03
1.507818455357075260e+00 1.035037107181395856e-03
1.523526418625024359e+00 1.013015041071153128e-03
1.539234381892973236e+00 9.469488427404258116e-04
1.554942345160922113e+00 8.662012670028701542e-04
1.570650308428871211e+00 8.882233331131126654e-04
1.586358271696820088e+00 9.469488427404259201e-04
1.602066234964769187e+00 9.029047105199410062e-04
1.617774198232718064e+00 9.175860879267692385e-04
1.633482161500666940e+00 9.249267766301834089e-04
1.649190124768616039e+00 1.093762616808708786e-03
1.664898088036564916e+00 1.247917079580406147e-03
1.680606051304514015e+00 1.380049476241860780e-03
1.696314014572462892e+00 1.453456363276002267e-03
1.712021977840411768e+00 1.651654958268184434e-03
1.727729941108360867e+00 1.879216308074023499e-03
1.743437904376309966e+00 2.106777657879862348e-03
1.759145867644258843e+00 2.275613498058387616e-03
1.774853830912207719e+00 2.481152781753983953e-03
1.790561794180156596e+00 2.826165150814449745e-03
1.806269757448105695e+00 3.127133387654429646e-03
1.821977720716054794e+00 3.494167822825137298e-03
1.837685683984003671e+00 3.978653277250471243e-03
1.853393647251952547e+00 4.492501486489462736e-03
1.869101610519901424e+00 5.065075205355766726e-03
1.884809573787850523e+00 5.615626858111827553e-03
1.900517537055799622e+00 6.217563331791788224e-03
1.916225500323748498e+00 7.025039089167345666e-03
1.931933463591697375e+00 7.810492780432659946e-03
1.947641426859646252e+00 8.639990603918460549e-03
1.963349390127595351e+00 9.528213937031571046e-03
1.979057353395544450e+00 1.029898625089005829e-02
1.994765316663493326e+00 1.134870473547828357e-02
2.010473279931442203e+00 1.240576390876992063e-02
2.026181243199391080e+00 1.360963685612984198e-02
2.041889206467340401e+00 1.476212498256586521e-02
2.057597169735289278e+00 1.639909856342722239e-02
2.073305133003238154e+00 1.762499357689738255e-02
2.089013096271187031e+00 1.902706511924948801e-02
2.104721059539135908e+00 2.026030082142306343e-02
2.120429022807084785e+00 2.134672274952835805e-02
2.136136986075034105e+00 2.232303434708244119e-02
2.151844949342982982e+00 2.313785079316141302e-02
2.167552912610931859e+00 2.305710321742385563e-02
2.183260875878880736e+00 2.300571839649995926e-02
2.198968839146830057e+00 2.255793638559169464e-02
2.214676802414778933e+00 2.225696814875171431e-02
2.230384765682727810e+00 2.143481101396932723e-02
2.246092728950676687e+00 2.066403870011084346e-02
2.261800692218625564e+00 1.981985949921821755e-02
2.277508655486574440e+00 1.919590095942801458e-02
2.293216618754523761e+00 1.857928310834122340e-02
2.308924582022472638e+00 1.772042253004177045e-02
2.324632545290421515e+00 1.676613299859792960e-02
2.340340508558370392e+00 1.606876757177358450e-02
2.356048471826319712e+00 1.501170839848194570e-02
2.371756435094268589e+00 1.427763952814052953e-02
2.387464398362217466e+00 1.344080101595131541e-02
2.403172361630166343e+00 1.275077627783038556e-02
2.418880324898115219e+00 1.269205076820307046e-02
2.434588288166064096e+00 1.239108253136309359e-02
2.450296251434013417e+00 1.224426875729481105e-02
2.466004214701962294e+00 1.213415842674359611e-02
2.481712177969911171e+00 1.202404809619238464e-02
2.497420141237860047e+00 1.211947704933676734e-02
2.513128104505809368e+00 1.215618049285384014e-02
2.528836067773758245e+00 1.178914605768313292e-02
2.544544031041707122e+00 1.181850881249678874e-02
2.560251994309655998e+00 1.192127845434458669e-02
2.575959957577604875e+00 1.202404809619238464e-02
2.591667920845554196e+00 1.197266327526848480e-02
2.607375884113503073e+00 1.190659707693775791e-02
2.623083847381451950e+00 1.186989363342068685e-02
2.638791810649400826e+00 1.209011429452311152e-02
2.654499773917350147e+00 1.198000396397190005e-02
2.670207737185299024e+00 1.161296952880119283e-02
2.685915700453247901e+00 1.134870473547828357e-02
2.701623663721196777e+00 1.116518751789292822e-02
2.717331626989145654e+00 1.092294479068026125e-02
2.733039590257094531e+00 1.072474619568807887e-02
2.748747553525043852e+00 1.045314071366175608e-02
2.764455516792992729e+00 1.002738076886373376e-02
2.780163480060941605e+00 9.726412532023753429e-03
2.795871443328890482e+00 9.285971209818904074e-03
2.811579406596839803e+00 8.639990603918460549e-03
2.827287369864788680e+00 7.839855535246317494e-03
2.842995333132737557e+00 6.951632202133203528e-03
2.858703296400686433e+00 6.136815756054233434e-03
2.874411259668635310e+00 5.410087574416230782e-03
2.890119222936584187e+00 4.609952505744089463e-03
2.905827186204533508e+00 3.905246390216329973e-03
2.921535149472482384e+00 3.281287850426127008e-03
2.937243112740431261e+00 2.701373442856409065e-03
2.952951076008380138e+00 2.356361073795943707e-03
2.968659039276329459e+00 1.937941817701336646e-03
2.984367002544278336e+00 1.526863250310143971e-03
3.000074965812227212e+00 1.211213636063335295e-03
3.015782929080176089e+00 9.689709088506682144e-04
3.031490892348124966e+00 7.854536912653144968e-04
3.047198855616073843e+00 6.312992284936172439e-04
3.062906818884023163e+00 4.624633883150917587e-04
3.078614782151972040e+00 3.156496142468086762e-04
3.094322745419920917e+00 2.642647933229095377e-04
3.110030708687869794e+00 2.495834159160812511e-04
3.125738671955818671e+00 2.789461707297378784e-04
