-1.460183660255166826e-04 0.000000000000000000e+00
1.556194490192345029e-02 0.000000000000000000e+00
3.126990816987241378e-02 0.000000000000000000e+00
4.697787143782138769e-02 0.000000000000000000e+00
6.268583470577035466e-02 0.000000000000000000e+00
7.839379797371931469e-02 0.000000000000000000e+00
9.410176124166827472e-02 0.000000000000000000e+00
1.098097245096172625e-01 0.000000000000000000e+00
1.255176877775662225e-01 0.000000000000000000e+00
1.412256510455151548e-01 0.000000000000000000e+00
1.569336143134641426e-01 0.000000000000000000e+00
1.726415775814131304e-01 0.000000000000000000e+00
1.883495408493620626e-01 0.000000000000000000e+00
2.040575041173110504e-01 0.000000000000000000e+00
2.197654673852600382e-01 0.000000000000000000e+00
2.354734306532089705e-01 0.000000000000000000e+00
2.511813939211579583e-01 0.000000000000000000e+00
2.668893571891068905e-01 0.000000000000000000e+00
2.825973204570558783e-01 0.000000000000000000e+00
2.983052837250048661e-01 0.000000000000000000e+00
3.140132469929537984e-01 0.000000000000000000e+00
3.297212102609027862e-01 0.000000000000000000e+00
3.454291735288517184e-01 0.000000000000000000e+00
3.611371367968007062e-01 0.000000000000000000e+00
3.768451000647496940e-01 0.000000000000000000e+00
3.925530633326986818e-01 0.000000000000000000e+00
4.082610266006476141e-01 0.000000000000000000e+00
4.239689898685966019e-01 0.000000000000000000e+00
4.396769531365455341e-01 0.000000000000000000e+00
4.553849164044945219e-01 0.000000000000000000e+00
4.710928796724435097e-01 0.000000000000000000e+00
4.868008429403924420e-01 0.000000000000000000e+00
5.025088062083413742e-01 0.000000000000000000e+00
5.182167694762904731e-01 0.000000000000000000e+00
5.339247327442393498e-01 0.000000000000000000e+00
5.496326960121882266e-01 0.000000000000000000e+00
5.653406592801373254e-01 0.000000000000000000e+00
5.810486225480862021e-01 0.000000000000000000e+00
5.967565858160353010e-01 0.000000000000000000e+00
6.124645490839841777e-01 0.000000000000000000e+00
6.281725123519330545e-01 0.000000000000000000e+00
6.438804756198821533e-01 0.000000000000000000e+00
6.595884388878310300e-01 0.000000000000000000e+00
6.752964021557801289e-01 0.000000000000000000e+00
6.910043654237290056e-01 0.000000000000000000e+00
7.067123286916779934e-01 0.000000000000000000e+00
7.224202919596269812e-01 0.000000000000000000e+00
7.381282552275758579e-01 0.000000000000000000e+00
7.538362184955249568e-01 0.000000000000000000e+00
7.695441817634738335e-01 0.000000000000000000e+00
7.852521450314228213e-01 0.000000000000000000e+00
8.009601082993718091e-01 0.000000000000000000e+00
8.166680715673206858e-01 0.000000000000000000e+00
8.323760348352697847e-01 0.000000000000000000e+00
8.480839981032186614e-01 0.000000000000000000e+00
8.637919613711677602e-01 0.000000000000000000e+00
8.794999246391166370e-01 0.000000000000000000e+00
8.952078879070655137e-01 0.000000000000000000e+00
9.109158511750146126e-01 0.000000000000000000e+00
9.266238144429634893e-01 0.000000000000000000e+00
9.423317777109125881e-01 0.000000000000000000e+00
9.580397409788614649e-01 0.000000000000000000e+00
9.737477042468103416e-01 0.000000000000000000e+00
9.894556675147594405e-01 0.000000000000000000e+00
1.005163630782708317e+00 0.000000000000000000e+00
1.020871594050657194e+00 1.468137740682830689e-05
1.036579557318606293e+00 8.808826444096985492e-05
1.052287520586555392e+00 1.321323966614547959e-04
1.067995483854504268e+00 2.275613498058387941e-04
1.083703447122453145e+00 3.596937464672935901e-04
1.099411410390402022e+00 5.285295866458191837e-04
1.115119373658351121e+00 7.927943799687286672e-04
1.130827336926300219e+00 1.035037107181395639e-03
1.146535300194249096e+00 1.299301900504305340e-03
1.162243263462197973e+00 1.725061845302326138e-03
1.177951226730146850e+00 1.967304572514993327e-03
1.193659189998095949e+00 2.268272809354973663e-03
1.209367153266045047e+00 2.517856225271054588e-03
1.225075116533993924e+00 2.657329310635923175e-03
1.240783079801942801e+00 3.002341679696388533e-03
1.256491043069891678e+00 3.171177519874914669e-03
1.272199006337840776e+00 3.193199585985157397e-03
1.287906969605789875e+00 3.244584406909055939e-03
1.303614932873738752e+00 3.185858897281742576e-03
1.319322896141687629e+00 3.127133387654430080e-03
1.335030859409636728e+00 3.031704434510045214e-03
1.350738822677585604e+00 2.686692065449580290e-03
1.366446785945534703e+00 2.371042451202771614e-03
1.382154749213483580e+00 2.158162478803761324e-03
1.397862712481432457e+00 1.981985949921821668e-03
1.413570675749381556e+00 1.688358401785255503e-03
1.429278639017330432e+00 1.416752919758931632e-03
1.444986602285279531e+00 1.218554324766749465e-03
1.460694565553228408e+00 1.108443994215537343e-03
1.476402528821177285e+00 1.035037107181395639e-03
1.492110492089126383e+00 8.662012670028703711e-04
1.507818455357075260e+00 7.560909364516579237e-04
1.523526418625024359e+00 7.781130025619003264e-04
1.539234381892973236e+00 7.634316251550719856e-04
1.554942345160922113e+00 7.634316251550719856e-04
1.570650308428871211e+00 7.267281816380013505e-04
1.586358271696820088e+00 7.340688703414153041e-04
1.602066234964769187e+00 7.193874929345869633e-04
1.617774198232718064e+00 7.487502477482436448e-04
1.633482161500666940e+00 8.148164460789709615e-04
1.649190124768616039e+00 9.396081540370116413e-04
1.664898088036564916e+00 9.983336636643247875e-04
1.680606051304514015e+00 1.167169503842850490e-03
1.696314014572462892e+00 1.299301900504305123e-03
1.712021977840411768e+00 1.563566693827214606e-03
1.727729941108360867e+00 1.732402534005740308e-03
1.743437904376309966e+00 2.018689393438892303e-03
1.759145867644258843e+00 2.282954186761802003e-03
1.774853830912207719e+00 2.547218980084711270e-03
1.790561794180156596e+00 2.796802396000792629e-03
1.806269757448105695e+00 3.119792698951015693e-03
1.821977720716054794e+00 3.442783001901238323e-03
1.837685683984003671e+00 3.993334654657300017e-03
1.853393647251952547e+00 4.389731844641664785e-03
1.869101610519901424e+00 4.808151100736270979e-03
1.884809573787850523e+00 5.410087574416231650e-03
1.900517537055799622e+00 6.085430935130333591e-03
1.916225500323748498e+00 6.672686031403465487e-03
1.931933463591697375e+00 7.516865232296093130e-03
1.947641426859646252e+00 8.236252725230680527e-03
1.963349390127595351e+00 9.153838813157450308e-03
1.979057353395544450e+00 1.033568969440712935e-02
1.994765316663493326e+00 1.135604542418169709e-02
2.010473279931442203e+00 1.241310459747333589e-02
2.026181243199391080e+00 1.388124233815616476e-02
2.041889206467340401e+00 1.507777459681267085e-02
2.057597169735289278e+00 1.635505443120673433e-02
2.073305133003238154e+00 1.790393974762712406e-02
2.089013096271187031e+00 1.888025134518120721e-02
2.104721059539135908e+00 2.014284980216844018e-02
2.120429022807084785e+00 2.130267861730787346e-02
2.136136986075034105e+00 2.240378192281999858e-02
2.151844949342982982e+00 2.314519148186482828e-02
2.167552912610931859e+00 2.360765487017991646e-02
2.183260875878880736e+00 2.380585346517210404e-02
2.198968839146830057e+00 2.373978726684137369e-02
2.214676802414778933e+00 2.357095142666285059e-02
2.230384765682727810e+00 2.289560806594874778e-02
2.246092728950676687e+00 2.169173511858882297e-02
2.261800692218625564e+00 2.067872007751767049e-02
2.277508655486574440e+00 1.974645261218407541e-02
2.293216618754523761e+00 1.833704038112855816e-02
2.308924582022472638e+00 1.727998120783691763e-02
2.324632545290421515e+00 1.619355927973162301e-02
2.340340508558370392e+00 1.530533594661851252e-02
2.356048471826319712e+00 1.465935534071806552e-02
2.371756435094268589e+00 1.384453889463909543e-02
2.387464398362217466e+00 1.323526173225572124e-02
2.403172361630166343e+00 1.285354591967818524e-02
2.418880324898115219e+00 1.266268801338941638e-02
2.434588288166064096e+00 1.217820255896408244e-02
2.450296251434013417e+00 1.205341085100604046e-02
2.466004214701962294e+00 1.174510192546264833e-02
2.481712177969911171e+00 1.181116812379337348e-02
2.497420141237860047e+00 1.171573917064899079e-02
2.513128104505809368e+00 1.162765090620801814e-02
2.528836067773758245e+00 1.162031021750460635e-02
2.544544031041707122e+00 1.178180536897971767e-02
2.560251994309655998e+00 1.198000396397190005e-02
2.575959957577604875e+00 1.206809222841286923e-02
2.591667920845554196e+00 1.240576390876992063e-02
2.607375884113503073e+00 1.237640115395626482e-02
2.623083847381451950e+00 1.262598456987234531e-02
2.638791810649400826e+00 1.258194043765186072e-02
2.654499773917350147e+00 1.276545765523721433e-02
2.670207737185299024e+00 1.244980804099040522e-02
2.685915700453247901e+00 1.238374184265967834e-02
2.701623663721196777e+00 1.186989363342068685e-02
2.717331626989145654e+00 1.171573917064898905e-02
2.733039590257094531e+00 1.113582476307927067e-02
2.748747553525043852e+00 1.062931724254369444e-02
2.764455516792992729e+00 9.975995947939833922e-03
2.780163480060941605e+00 9.491510493514499977e-03
2.795871443328890482e+00 8.823507821503812423e-03
2.811579406596839803e+00 8.250934102637509301e-03
2.827287369864788680e+00 7.443458345261952727e-03
2.842995333132737557e+00 6.613960521776152991e-03
2.858703296400686433e+00 6.012024048096192320e-03
2.874411259668635310e+00 5.285295866458190536e-03
2.890119222936584187e+00 4.624633883150917370e-03
2.905827186204533508e+00 3.985993965953885630e-03
2.921535149472482384e+00 3.295969227832955348e-03
2.937243112740431261e+00 2.899572037848591015e-03
2.952951076008380138e+00 2.627966555822267361e-03
2.968659039276329459e+00 2.216887988431074687e-03
2.984367002544278336e+00 1.864534930667195159e-03
3.000074965812227212e+00 1.497500495496487290e-03
3.015782929080176089e+00 1.284620523097476999e-03
3.031490892348124966e+00 1.071740550698466491e-03
3.047198855616073843e+00 8.221571347823852403e-04
3.062906818884023163e+00 6.680026720106879874e-04
3.078614782151972040e+00 5.138482092389908430e-04
3.094322745419920917e+00 3.743751238741219308e-04
3.110030708687869794e+00 3.083089255433945058e-04
3.125738671955818671e+00 2.789461707297378242e-04
