-1.460183660255166826e-04 0.000000000000000000e+00
1.556194490192345029e-02 0.000000000000000000e+00
3.126990816987241378e-02 0.000000000000000000e+00
4.697787143782138769e-02 0.000000000000000000e+00
6.268583470577035466e-02 0.000000000000000000e+00
7.839379797371931469e-02 0.000000000000000000e+00
9.410176124166827472e-02 0.000000000000000000e+00
1.098097245096172625e-01 0.000000000000000000e+00
1.255176877775662225e-01 0.000000000000000000e+00
1.412256510455151548e-01 0.000000000000000000e+00
1.569336143134641426e-01 0.000000000000000000e+00
1.726415775814131304e-01 0.000000000000000000e+00
1.883495408493620626e-01 0.000000000000000000e+00
2.040575041173110504e-01 0.000000000000000000e+00
2.197654673852600382e-01 0.000000000000000000e+00
2.354734306532089705e-01 0.000000000000000000e+00
2.511813939211579583e-01 0.000000000000000000e+00
2.668893571891068905e-01 0.000000000000000000e+00
2.825973204570558783e-01 0.000000000000000000e+00
2.983052837250048661e-01 0.000000000000000000e+00
3.140132469929537984e-01 0.000000000000000000e+00
3.297212102609027862e-01 0.000000000000000000e+00
3.454291735288517184e-01 0.000000000000000000e+00
3.611371367968007062e-01 0.000000000000000000e+00
3.768451000647496940e-01 0.000000000000000000e+00
3.925530633326986818e-01 0.000000000000000000e+00
4.082610266006476141e-01 0.000000000000000000e+00
4.239689898685966019e-01 0.000000000000000000e+00
4.396769531365455341e-01 0.000000000000000000e+00
4.553849164044945219e-01 0.000000000000000000e+00
4.710928796724435097e-01 0.000000000000000000e+00
4.868008429403924420e-01 0.000000000000000000e+00
5.025088062083413742e-01 0.000000000000000000e+00
5.182167694762904731e-01 0.000000000000000000e+00
5.339247327442393498e-01 0.000000000000000000e+00
5.496326960121882266e-01 0.000000000000000000e+00
5.653406592801373254e-01 0.000000000000000000e+00
5.810486225480862021e-01 0.000000000000000000e+00
5.967565858160353010e-01 0.000000000000000000e+00
6.124645490839841777e-01 0.000000000000000000e+00
6.281725123519330545e-01 0.000000000000000000e+00
6.438804756198821533e-01 0.000000000000000000e+00
6.595884388878310300e-01 0.000000000000000000e+00
6.752964021557801289e-01 0.000000000000000000e+00
6.910043654237290056e-01 0.000000000000000000e+00
7.067123286916779934e-01 0.000000000000000000e+00
7.224202919596269812e-01 0.000000000000000000e+00
7.381282552275758579e-01 0.000000000000000000e+00
7.538362184955249568e-01 0.000000000000000000e+00
7.695441817634738335e-01 0.000000000000000000e+00
7.852521450314228213e-01 0.000000000000000000e+00
8.009601082993718091e-01 0.000000000000000000e+00
8.166680715673206858e-01 0.000000000000000000e+00
8.323760348352697847e-01 0.000000000000000000e+00
8.480839981032186614e-01 0.000000000000000000e+00
8.637919613711677602e-01 0.000000000000000000e+00
8.794999246391166370e-01 7.340688703414153447e-06
8.952078879070655137e-01 7.340688703414153447e-06
9.109158511750146126e-01 7.340688703414153447e-06
9.266238144429634893e-01 7.340688703414153447e-06
9.423317777109125881e-01 7.340688703414153447e-06
9.580397409788614649e-01 1.468137740682830689e-05
9.737477042468103416e-01 1.468137740682830859e-05
9.894556675147594405e-01 2.936275481365661718e-05
1.005163630782708317e+00 6.606619833072738441e-05
1.020871594050657194e+00 1.614951514751113962e-04
1.036579557318606293e+00 2.202206611024246237e-04
1.052287520586555392e+00 2.789461707297378784e-04
1.067995483854504268e+00 3.450123690604652493e-04
1.083703447122453145e+00 4.404413222048492475e-04
1.099411410390402022e+00 4.918261431287483318e-04
1.115119373658351121e+00 6.973654268243446690e-04
1.130827336926300219e+00 8.221571347823852403e-04
1.146535300194249096e+00 9.836522862574966636e-04
1.162243263462197973e+00 1.277279834394062612e-03
1.177951226730146850e+00 1.526863250310144188e-03
1.193659189998095949e+00 1.813150109743296183e-03
1.209367153266045047e+00 2.121459035286690688e-03
1.225075116533993924e+00 2.312316941575458685e-03
1.240783079801942801e+00 2.466471404347156046e-03
1.256491043069891678e+00 2.598603801008610679e-03
1.272199006337840776e+00 2.672010688042752383e-03
1.287906969605789875e+00 2.686692065449580724e-03
1.303614932873738752e+00 2.576581734898367951e-03
1.319322896141687629e+00 2.503174847864226248e-03
1.335030859409636728e+00 2.400405206016428296e-03
1.350738822677585604e+00 2.238910054541316547e-03
1.366446785945534703e+00 2.092096280473034007e-03
1.382154749213483580e+00 1.937941817701336862e-03
1.397862712481432457e+00 1.761765288819396990e-03
1.413570675749381556e+00 1.614951514751114016e-03
1.429278639017330432e+00 1.504841184199901677e-03
1.444986602285279531e+00 1.313983277911133681e-03
1.460694565553228408e+00 1.240576390876991977e-03
1.476402528821177285e+00 1.130466060325779638e-03
1.492110492089126383e+00 9.469488427404258116e-04
1.507818455357075260e+00 8.662012670028701542e-04
1.523526418625024359e+00 8.294978234857993023e-04
1.539234381892973236e+00 7.193874929345869633e-04
1.554942345160922113e+00 7.193874929345871801e-04
1.570650308428871211e+00 6.826840494175163282e-04
1.586358271696820088e+00 7.781130025619003264e-04
1.602066234964769187e+00 8.955640218165268358e-04
1.617774198232718064e+00 1.013015041071153128e-03
1.633482161500666940e+00 1.137806749029193808e-03
1.649190124768616039e+00 1.211213636063335295e-03
1.664898088036564916e+00 1.321323966614547634e-03
1.680606051304514015e+00 1.475478429386244995e-03
1.696314014572462892e+00 1.600270137344285675e-03
1.712021977840411768e+00 1.761765288819396990e-03
1.727729941108360867e+00 1.893897685480851840e-03
1.743437904376309966e+00 2.106777657879862348e-03
1.759145867644258843e+00 2.385723828609600389e-03
1.774853830912207719e+00 2.539878291381297316e-03
1.790561794180156596e+00 2.796802396000792629e-03
1.806269757448105695e+00 3.119792698951015259e-03
1.821977720716054794e+00 3.391398180977338913e-03
1.837685683984003671e+00 3.853861569292430563e-03
1.853393647251952547e+00 4.338347023717764941e-03
1.869101610519901424e+00 4.756766279812372003e-03
1.884809573787850523e+00 5.358702753492331806e-03
1.900517537055799622e+00 5.967979915875706864e-03
1.916225500323748498e+00 6.569916389555667535e-03
1.931933463591697375e+00 7.377392146931224977e-03
1.947641426859646252e+00 8.030713441535084623e-03
1.963349390127595351e+00 8.794145066690156609e-03
1.979057353395544450e+00 9.961314570533006882e-03
1.994765316663493326e+00 1.099635167771440339e-02
2.010473279931442203e+00 1.217820255896408417e-02
2.026181243199391080e+00 1.334537206280693271e-02
2.041889206467340401e+00 1.460797051979416741e-02
2.057597169735289278e+00 1.595131655251895778e-02
2.073305133003238154e+00 1.725795914172667880e-02
2.089013096271187031e+00 1.857194241963781162e-02
2.104721059539135908e+00 2.019423462309234002e-02
2.120429022807084785e+00 2.124395310768056183e-02
2.136136986075034105e+00 2.216153919560732988e-02
2.151844949342982982e+00 2.274145360317704825e-02
2.167552912610931859e+00 2.321125768019555516e-02
2.183260875878880736e+00 2.365903969110381977e-02
2.198968839146830057e+00 2.338009352037408173e-02
2.214676802414778933e+00 2.269740947095656367e-02
2.230384765682727810e+00 2.224962746004829905e-02
2.246092728950676687e+00 2.148619583489322707e-02
2.261800692218625564e+00 2.059797250178011310e-02
2.277508655486574440e+00 1.961432021552262164e-02
2.293216618754523761e+00 1.832235900372173112e-02
2.308924582022472638e+00 1.712582674506521810e-02
2.324632545290421515e+00 1.609813032658723858e-02
2.340340508558370392e+00 1.519522561606729757e-02
2.356048471826319712e+00 1.451988225535319650e-02
2.371756435094268589e+00 1.388124233815616650e-02
2.387464398362217466e+00 1.316919553392499262e-02
2.403172361630166343e+00 1.272141352301672974e-02
2.418880324898115219e+00 1.261130319246551480e-02
2.434588288166064096e+00 1.242044528617674767e-02
2.450296251434013417e+00 1.211947704933676907e-02
2.466004214701962294e+00 1.185521225601385981e-02
2.481712177969911171e+00 1.189925638823434439e-02
2.497420141237860047e+00 1.216352118155725366e-02
2.513128104505809368e+00 1.222224669118456702e-02
2.528836067773758245e+00 1.206075153970945397e-02
2.544544031041707122e+00 1.232501633303236498e-02
2.560251994309655998e+00 1.242044528617674767e-02
2.575959957577604875e+00 1.252321492802454563e-02
2.591667920845554196e+00 1.231033495562553620e-02
2.607375884113503073e+00 1.239108253136309186e-02
2.623083847381451950e+00 1.266268801338941638e-02
2.638791810649400826e+00 1.280216109875428540e-02
2.654499773917350147e+00 1.254523699413478792e-02
2.670207737185299024e+00 1.251587423932113211e-02
2.685915700453247901e+00 1.229565357821870743e-02
2.701623663721196777e+00 1.252321492802454736e-02
2.717331626989145654e+00 1.212681773804018259e-02
2.733039590257094531e+00 1.153956264176704896e-02
2.748747553525043852e+00 1.128263853714755321e-02
2.764455516792992729e+00 1.069538344087442305e-02
2.780163480060941605e+00 1.015217247682177401e-02
2.795871443328890482e+00 9.557576691845228595e-03
2.811579406596839803e+00 8.654671981325287589e-03
2.827287369864788680e+00 7.964647243204357741e-03
2.842995333132737557e+00 7.201215618049285755e-03
2.858703296400686433e+00 6.379058483266899539e-03
2.874411259668635310e+00 5.689033745145968823e-03
2.890119222936584187e+00 4.962305563507968774e-03
2.905827186204533508e+00 4.411753910751907079e-03
2.921535149472482384e+00 3.846520880589016610e-03
2.937243112740431261e+00 3.303309916536369302e-03
2.952951076008380138e+00 2.833505839517864132e-03
2.968659039276329459e+00 2.371042451202771614e-03
2.984367002544278336e+00 2.070074214362791279e-03
3.000074965812227212e+00 1.739743222709154479e-03
3.015782929080176089e+00 1.497500495496487507e-03
3.031490892348124966e+00 1.218554324766749682e-03
3.047198855616073843e+00 9.542895314438401989e-04
3.062906818884023163e+00 7.707723138584863729e-04
3.078614782151972040e+00 5.799144075697182680e-04
3.094322745419920917e+00 4.037378786877783956e-04
3.110030708687869794e+00 2.495834159160812511e-04
3.125738671955818671e+00 2.055392836955963372e-04
