-1.460183660255166826e-04 0.000000000000000000e+00
1.556194490192345029e-02 0.000000000000000000e+00
3.126990816987241378e-02 0.000000000000000000e+00
4.697787143782138769e-02 0.000000000000000000e+00
6.268583470577035466e-02 0.000000000000000000e+00
7.839379797371931469e-02 0.000000000000000000e+00
9.410176124166827472e-02 0.000000000000000000e+00
1.098097245096172625e-01 0.000000000000000000e+00
1.255176877775662225e-01 0.000000000000000000e+00
1.412256510455151548e-01 0.000000000000000000e+00
1.569336143134641426e-01 0.000000000000000000e+00
1.726415775814131304e-01 0.000000000000000000e+00
1.883495408493620626e-01 0.000000000000000000e+00
2.040575041173110504e-01 0.000000000000000000e+00
2.197654673852600382e-01 0.000000000000000000e+00
2.354734306532089705e-01 0.000000000000000000e+00
2.511813939211579583e-01 0.000000000000000000e+00
2.668893571891068905e-01 0.000000000000000000e+00
2.825973204570558783e-01 0.000000000000000000e+00
2.983052837250048661e-01 0.000000000000000000e+00
3.140132469929537984e-01 0.000000000000000000e+00
3.297212102609027862e-01 0.000000000000000000e+00
3.454291735288517184e-01 0.000000000000000000e+00
3.611371367968007062e-01 0.000000000000000000e+00
3.768451000647496940e-01 0.000000000000000000e+00
3.925530633326986818e-01 0.000000000000000000e+00
4.082610266006476141e-01 0.000000000000000000e+00
4.239689898685966019e-01 0.000000000000000000e+00
4.396769531365455341e-01 0.000000000000000000e+00
4.553849164044945219e-01 0.000000000000000000e+00
4.710928796724435097e-01 0.000000000000000000e+00
4.868008429403924420e-01 0.000000000000000000e+00
5.025088062083413742e-01 0.000000000000000000e+00
5.182167694762904731e-01 0.000000000000000000e+00
5.339247327442393498e-01 0.000000000000000000e+00
5.496326960121882266e-01 0.000000000000000000e+00
5.653406592801373254e-01 0.000000000000000000e+00
5.810486225480862021e-01 0.000000000000000000e+00
5.967565858160353010e-01 0.000000000000000000e+00
6.124645490839841777e-01 0.000000000000000000e+00
6.281725123519330545e-01 0.000000000000000000e+00
6.438804756198821533e-01 0.000000000000000000e+00
6.595884388878310300e-01 0.000000000000000000e+00
6.752964021557801289e-01 0.000000000000000000e+00
6.910043654237290056e-01 0.000000000000000000e+00
7.067123286916779934e-01 0.000000000000000000e+00
7.224202919596269812e-01 0.000000000000000000e+00
7.381282552275758579e-01 0.000000000000000000e+00
7.538362184955249568e-01 0.000000000000000000e+00
7.695441817634738335e-01 0.000000000000000000e+00
7.852521450314228213e-01 0.000000000000000000e+00
8.009601082993718091e-01 0.000000000000000000e+00
8.166680715673206858e-01 0.000000000000000000e+00
8.323760348352697847e-01 0.000000000000000000e+00
8.480839981032186614e-01 0.000000000000000000e+00
8.637919613711677602e-01 0.000000000000000000e+00
8.794999246391166370e-01 0.000000000000000000e+00
8.952078879070655137e-01 0.000000000000000000e+00
9.109158511750146126e-01 0.000000000000000000e+00
9.266238144429634893e-01 0.000000000000000000e+00
9.423317777109125881e-01 0.000000000000000000e+00
9.580397409788614649e-01 7.340688703414153447e-06
9.737477042468103416e-01 7.340688703414153447e-06
9.894556675147594405e-01 1.468137740682830689e-05
1.005163630782708317e+00 2.936275481365661379e-05
1.020871594050657194e+00 7.340688703414154125e-05
1.036579557318606293e+00 1.174510192546264687e-04
1.052287520586555392e+00 1.835172175853538531e-04
1.067995483854504268e+00 2.642647933229095919e-04
1.083703447122453145e+00 4.110785673911926744e-04
1.099411410390402022e+00 5.652330301628899272e-04
1.115119373658351121e+00 7.781130025619003264e-04
1.130827336926300219e+00 9.836522862574966636e-04
1.146535300194249096e+00 1.181850881249678614e-03
1.162243263462197973e+00 1.416752919758931632e-03
1.177951226730146850e+00 1.703039779192083844e-03
1.193659189998095949e+00 1.901238374184265577e-03
1.209367153266045047e+00 2.092096280473033573e-03
1.225075116533993924e+00 2.180184544914003618e-03
1.240783079801942801e+00 2.260932120651559709e-03
1.256491043069891678e+00 2.363701762499357661e-03
1.272199006337840776e+00 2.422427272126671458e-03
1.287906969605789875e+00 2.297635564168630344e-03
1.303614932873738752e+00 2.202206611024245912e-03
1.319322896141687629e+00 2.114118346583276301e-03
1.335030859409636728e+00 2.040711459549134597e-03
1.350738822677585604e+00 1.989326638625235621e-03
1.366446785945534703e+00 1.871875619370609329e-03
1.382154749213483580e+00 1.695699090488669456e-03
1.397862712481432457e+00 1.629632892157942140e-03
1.413570675749381556e+00 1.475478429386244995e-03
1.429278639017330432e+00 1.343346032724790362e-03
1.444986602285279531e+00 1.167169503842850490e-03
1.460694565553228408e+00 1.027696418477981686e-03
1.476402528821177285e+00 9.469488427404259201e-04
1.492110492089126383e+00 8.441792008926277515e-04
1.507818455357075260e+00 7.487502477482436448e-04
1.523526418625024359e+00 7.707723138584861560e-04
1.539234381892973236e+00 7.120468042311730097e-04
1.554942345160922113e+00 7.781130025619002180e-04
1.570650308428871211e+00 7.487502477482437533e-04
1.586358271696820088e+00 6.973654268243446690e-04
1.602066234964769187e+00 6.900247381209304986e-04
1.617774198232718064e+00 7.854536912653144968e-04
1.633482161500666940e+00 8.074757573755568995e-04
1.649190124768616039e+00 8.882233331131126654e-04
1.664898088036564916e+00 9.102453992233551765e-04
1.680606051304514015e+00 1.057059173291638151e-03
1.696314014572462892e+00 1.159828815139436319e-03
1.712021977840411768e+00 1.299301900504305340e-03
1.727729941108360867e+00 1.468137740682831042e-03
1.743437904376309966e+00 1.592929448640871505e-03
1.759145867644258843e+00 1.849853553260366601e-03
1.774853830912207719e+00 2.172843856210589231e-03
1.790561794180156596e+00 2.451790026940327705e-03
1.806269757448105695e+00 2.840846528221277652e-03
1.821977720716054794e+00 3.215221652095399691e-03
1.837685683984003671e+00 3.582256087266106909e-03
1.853393647251952547e+00 4.331006335014351422e-03
1.869101610519901424e+00 4.969646252211381426e-03
1.884809573787850523e+00 5.432109640526474811e-03
1.900517537055799622e+00 6.063408869020091296e-03
1.916225500323748498e+00 6.907588069912718939e-03
1.931933463591697375e+00 7.626975562847306336e-03
1.947641426859646252e+00 8.441792008926276430e-03
1.963349390127595351e+00 9.263949143708661779e-03
1.979057353395544450e+00 1.015217247682177401e-02
1.994765316663493326e+00 1.120923165011341281e-02
2.010473279931442203e+00 1.253789630543137440e-02
2.026181243199391080e+00 1.377847269630836681e-02
2.041889206467340401e+00 1.509979666292291488e-02
2.057597169735289278e+00 1.667804473415695696e-02
2.073305133003238154e+00 1.790393974762712059e-02
2.089013096271187031e+00 1.882886652425730389e-02
2.104721059539135908e+00 2.023827875531282114e-02
2.120429022807084785e+00 2.103841382398496246e-02
2.136136986075034105e+00 2.177248269432638036e-02
2.151844949342982982e+00 2.236707847930292925e-02
2.167552912610931859e+00 2.254325500818486760e-02
2.183260875878880736e+00 2.261666189521900627e-02
2.198968839146830057e+00 2.263134327262583678e-02
2.214676802414778933e+00 2.231569365837902941e-02
2.230384765682727810e+00 2.183120820395369199e-02
2.246092728950676687e+00 2.112650208842593511e-02
2.261800692218625564e+00 2.037041115197427490e-02
2.277508655486574440e+00 1.970974916866700261e-02
2.293216618754523761e+00 1.859396448574805391e-02
2.308924582022472638e+00 1.771308184133835520e-02
2.324632545290421515e+00 1.672942955508086027e-02
2.340340508558370392e+00 1.592195379770530023e-02
2.356048471826319712e+00 1.519522561606729931e-02
2.371756435094268589e+00 1.451988225535319650e-02
2.387464398362217466e+00 1.395464922519030690e-02
2.403172361630166343e+00 1.380783545112202262e-02
2.418880324898115219e+00 1.356559272390935565e-02
2.434588288166064096e+00 1.326462448706937532e-02
2.450296251434013417e+00 1.299301900504305253e-02
2.466004214701962294e+00 1.261864388116893179e-02
2.481712177969911171e+00 1.253055561672796261e-02
2.497420141237860047e+00 1.209745498322652678e-02
2.513128104505809368e+00 1.205341085100604046e-02
2.528836067773758245e+00 1.209011429452311152e-02
2.544544031041707122e+00 1.206809222841286923e-02
2.560251994309655998e+00 1.214883980415042489e-02
2.575959957577604875e+00 1.230299426692212095e-02
2.591667920845554196e+00 1.258194043765185899e-02
2.607375884113503073e+00 1.272141352301672801e-02
2.623083847381451950e+00 1.250853355061771685e-02
2.638791810649400826e+00 1.237640115395626308e-02
2.654499773917350147e+00 1.222224669118456702e-02
2.670207737185299024e+00 1.217820255896408244e-02
2.685915700453247901e+00 1.216352118155725366e-02
2.701623663721196777e+00 1.177446468027630241e-02
2.717331626989145654e+00 1.162031021750460462e-02
2.733039590257094531e+00 1.163499159491143339e-02
2.748747553525043852e+00 1.141477093380901045e-02
2.764455516792992729e+00 1.104773649863830323e-02
2.780163480060941605e+00 1.054122897810272526e-02
2.795871443328890482e+00 9.843863551278380156e-03
2.811579406596839803e+00 9.212564322784763671e-03
2.827287369864788680e+00 8.500517518553591528e-03
2.842995333132737557e+00 7.685701072474619699e-03
2.858703296400686433e+00 6.834181182878578537e-03
2.874411259668635310e+00 6.070749557723506551e-03
2.890119222936584187e+00 5.233911045534292428e-03
2.905827186204533508e+00 4.514523552599704163e-03
2.921535149472482384e+00 3.831839503182188703e-03
2.937243112740431261e+00 3.207880963391985737e-03
2.952951076008380138e+00 2.642647933229095268e-03
2.968659039276329459e+00 2.194865922320831959e-03
2.984367002544278336e+00 1.835172175853538694e-03
3.000074965812227212e+00 1.548885316420386699e-03
3.015782929080176089e+00 1.350686721428204316e-03
3.031490892348124966e+00 1.130466060325779638e-03
3.047198855616073843e+00 8.882233331131125570e-04
3.062906818884023163e+00 6.386399171970313059e-04
3.078614782151972040e+00 5.065075205355765641e-04
3.094322745419920917e+00 3.817158125775359386e-04
3.110030708687869794e+00 2.789461707297378242e-04
3.125738671955818671e+00 2.128799723990104805e-04
