-1.460183660255166826e-04 0.000000000000000000e+00
1.556194490192345029e-02 0.000000000000000000e+00
3.126990816987241378e-02 0.000000000000000000e+00
4.697787143782138769e-02 0.000000000000000000e+00
6.268583470577035466e-02 0.000000000000000000e+00
7.839379797371931469e-02 0.000000000000000000e+00
9.410176124166827472e-02 0.000000000000000000e+00
1.098097245096172625e-01 0.000000000000000000e+00
1.255176877775662225e-01 0.000000000000000000e+00
1.412256510455151548e-01 0.000000000000000000e+00
1.569336143134641426e-01 0.000000000000000000e+00
1.726415775814131304e-01 0.000000000000000000e+00
1.883495408493620626e-01 0.000000000000000000e+00
2.040575041173110504e-01 0.000000000000000000e+00
2.197654673852600382e-01 0.000000000000000000e+00
2.354734306532089705e-01 0.000000000000000000e+00
2.511813939211579583e-01 0.000000000000000000e+00
2.668893571891068905e-01 0.000000000000000000e+00
2.825973204570558783e-01 0.000000000000000000e+00
2.983052837250048661e-01 0.000000000000000000e+00
3.140132469929537984e-01 0.000000000000000000e+00
3.297212102609027862e-01 0.000000000000000000e+00
3.454291735288517184e-01 0.000000000000000000e+00
3.611371367968007062e-01 0.000000000000000000e+00
3.768451000647496940e-01 0.000000000000000000e+00
3.925530633326986818e-01 0.000000000000000000e+00
4.082610266006476141e-01 0.000000000000000000e+00
4.239689898685966019e-01 0.000000000000000000e+00
4.396769531365455341e-01 0.000000000000000000e+00
4.553849164044945219e-01 0.000000000000000000e+00
4.710928796724435097e-01 0.000000000000000000e+00
4.868008429403924420e-01 0.000000000000000000e+00
5.025088062083413742e-01 0.000000000000000000e+00
5.182167694762904731e-01 0.000000000000000000e+00
5.339247327442393498e-01 0.000000000000000000e+00
5.496326960121882266e-01 0.000000000000000000e+00
5.653406592801373254e-01 0.000000000000000000e+00
5.810486225480862021e-01 0.000000000000000000e+00
5.967565858160353010e-01 0.000000000000000000e+00
6.124645490839841777e-01 0.000000000000000000e+00
6.281725123519330545e-01 0.000000000000000000e+00
6.438804756198821533e-01 0.000000000000000000e+00
6.595884388878310300e-01 0.000000000000000000e+00
6.752964021557801289e-01 0.000000000000000000e+00
6.910043654237290056e-01 0.000000000000000000e+00
7.067123286916779934e-01 0.000000000000000000e+00
7.224202919596269812e-01 0.000000000000000000e+00
7.381282552275758579e-01 0.000000000000000000e+00
7.538362184955249568e-01 0.000000000000000000e+00
7.695441817634738335e-01 0.000000000000000000e+00
7.852521450314228213e-01 0.000000000000000000e+00
8.009601082993718091e-01 0.000000000000000000e+00
8.166680715673206858e-01 0.000000000000000000e+00
8.323760348352697847e-01 0.000000000000000000e+00
8.480839981032186614e-01 0.000000000000000000e+00
8.637919613711677602e-01 0.000000000000000000e+00
8.794999246391166370e-01 0.000000000000000000e+00
8.952078879070655137e-01 0.000000000000000000e+00
9.109158511750146126e-01 0.000000000000000000e+00
9.266238144429634893e-01 0.000000000000000000e+00
9.423317777109125881e-01 7.340688703414153447e-06
9.580397409788614649e-01 2.202206611024246034e-05
9.737477042468103416e-01 3.670344351707077062e-05
9.894556675147594405e-01 5.138482092389907752e-05
1.005163630782708317e+00 6.606619833072738441e-05
1.020871594050657194e+00 1.321323966614547688e-04
1.036579557318606293e+00 1.835172175853538260e-04
1.052287520586555392e+00 2.128799723990104805e-04
1.067995483854504268e+00 2.936275481365661650e-04
1.083703447122453145e+00 3.817158125775359928e-04
1.099411410390402022e+00 5.065075205355765641e-04
1.115119373658351121e+00 6.753433607141021578e-04
1.130827336926300219e+00 8.221571347823851319e-04
1.146535300194249096e+00 1.123125371622365684e-03
1.162243263462197973e+00 1.453456363276002267e-03
1.177951226730146850e+00 1.739743222709154262e-03
1.193659189998095949e+00 2.018689393438892303e-03
1.209367153266045047e+00 2.224228677134488640e-03
1.225075116533993924e+00 2.547218980084711704e-03
1.240783079801942801e+00 2.804143084704206583e-03
1.256491043069891678e+00 2.862868594331519946e-03
1.272199006337840776e+00 2.862868594331520380e-03
1.287906969605789875e+00 2.914253415255418922e-03
1.303614932873738752e+00 2.965638236179317898e-03
1.319322896141687629e+00 2.980319613586146672e-03
1.335030859409636728e+00 2.789461707297378676e-03
1.350738822677585604e+00 2.473812093050570000e-03
1.366446785945534703e+00 2.209547299727660299e-03
1.382154749213483580e+00 2.070074214362791279e-03
1.397862712481432457e+00 1.776446666226225331e-03
1.413570675749381556e+00 1.431434297165760190e-03
1.429278639017330432e+00 1.284620523097476999e-03
1.444986602285279531e+00 1.108443994215537343e-03
1.460694565553228408e+00 1.079081239401880662e-03
1.476402528821177285e+00 1.049718484588223980e-03
1.492110492089126383e+00 9.763115975540823848e-04
1.507818455357075260e+00 8.882233331131126654e-04
1.523526418625024359e+00 8.955640218165268358e-04
1.539234381892973236e+00 7.854536912653144968e-04
1.554942345160922113e+00 8.074757573755570079e-04
1.570650308428871211e+00 7.927943799687286672e-04
1.586358271696820088e+00 8.221571347823853487e-04
1.602066234964769187e+00 7.707723138584862644e-04
1.617774198232718064e+00 8.441792008926277515e-04
1.633482161500666940e+00 8.955640218165268358e-04
1.649190124768616039e+00 9.836522862574966636e-04
1.664898088036564916e+00 1.057059173291638151e-03
1.680606051304514015e+00 1.189191569953093001e-03
1.696314014572462892e+00 1.313983277911133464e-03
1.712021977840411768e+00 1.526863250310144188e-03
1.727729941108360867e+00 1.754424600115983036e-03
1.743437904376309966e+00 2.055392836955962938e-03
1.759145867644258843e+00 2.429767960830084977e-03
1.774853830912207719e+00 2.672010688042752383e-03
1.790561794180156596e+00 2.877549971738348287e-03
1.806269757448105695e+00 3.215221652095399257e-03
1.821977720716054794e+00 3.413420247087581207e-03
1.837685683984003671e+00 3.846520880589016610e-03
1.853393647251952547e+00 4.308984268904108260e-03
1.869101610519901424e+00 4.558567684820189619e-03
1.884809573787850523e+00 4.969646252211383161e-03
1.900517537055799622e+00 5.659670990332312142e-03
1.916225500323748498e+00 6.335014351046414950e-03
1.931933463591697375e+00 7.032379777870759185e-03
1.947641426859646252e+00 7.751767270805346582e-03
1.963349390127595351e+00 8.617968537808218255e-03
1.979057353395544450e+00 9.873226306092035970e-03
1.994765316663493326e+00 1.070272412957783831e-02
2.010473279931442203e+00 1.199468534137872883e-02
2.026181243199391080e+00 1.324994310966254654e-02
2.041889206467340401e+00 1.426295815073370249e-02
2.057597169735289278e+00 1.562098556086531989e-02
2.073305133003238154e+00 1.701571641451401010e-02
2.089013096271187031e+00 1.793330250244077814e-02
2.104721059539135908e+00 1.979783743310797525e-02
2.120429022807084785e+00 2.075212696455181263e-02
2.136136986075034105e+00 2.180918613784345317e-02
2.151844949342982982e+00 2.296167426427947467e-02
2.167552912610931859e+00 2.353424798314578126e-02
2.183260875878880736e+00 2.371042451202771614e-02
2.198968839146830057e+00 2.335807145426383596e-02
2.214676802414778933e+00 2.269740947095656367e-02
2.230384765682727810e+00 2.234505641319268696e-02
2.246092728950676687e+00 2.157428409933419972e-02
2.261800692218625564e+00 2.042179597289817475e-02
2.277508655486574440e+00 1.948218781886116441e-02
2.293216618754523761e+00 1.827097418279783128e-02
2.308924582022472638e+00 1.772042253004177045e-02
2.324632545290421515e+00 1.676613299859792960e-02
2.340340508558370392e+00 1.555491936253459301e-02
2.356048471826319712e+00 1.468137740682830782e-02
2.371756435094268589e+00 1.401337473481762200e-02
2.387464398362217466e+00 1.340409757243424434e-02
2.403172361630166343e+00 1.287556798578842754e-02
2.418880324898115219e+00 1.280216109875428367e-02
2.434588288166064096e+00 1.254523699413478965e-02
2.450296251434013417e+00 1.255991837154161669e-02
2.466004214701962294e+00 1.225160944599822284e-02
2.481712177969911171e+00 1.244246735228698997e-02
2.497420141237860047e+00 1.238374184265967834e-02
2.513128104505809368e+00 1.264066594727917409e-02
2.528836067773758245e+00 1.220756531377773652e-02
2.544544031041707122e+00 1.217086187026066545e-02
2.560251994309655998e+00 1.210479567192994030e-02
2.575959957577604875e+00 1.228831288951529391e-02
2.591667920845554196e+00 1.222958737988798054e-02
2.607375884113503073e+00 1.224426875729480932e-02
2.623083847381451950e+00 1.225160944599822284e-02
2.638791810649400826e+00 1.240576390876991890e-02
2.654499773917350147e+00 1.236906046525284783e-02
2.670207737185299024e+00 1.241310459747333415e-02
2.685915700453247901e+00 1.211947704933676734e-02
2.701623663721196777e+00 1.217086187026066718e-02
2.717331626989145654e+00 1.213415842674359611e-02
2.733039590257094531e+00 1.189925638823434439e-02
2.748747553525043852e+00 1.144413368862266800e-02
2.764455516792992729e+00 1.106975856474854379e-02
2.780163480060941605e+00 1.048250346847541190e-02
2.795871443328890482e+00 9.924611127015937548e-03
2.811579406596839803e+00 9.095113303530136944e-03
2.827287369864788680e+00 8.016032064128255849e-03
2.842995333132737557e+00 7.076423910091243774e-03
2.858703296400686433e+00 6.386399171970313926e-03
2.874411259668635310e+00 5.696374433849383211e-03
2.890119222936584187e+00 4.918261431287484185e-03
2.905827186204533508e+00 4.279621514090452446e-03
2.921535149472482384e+00 3.707047795224147589e-03
2.937243112740431261e+00 3.200540274688570917e-03
2.952951076008380138e+00 2.701373442856408631e-03
2.968659039276329459e+00 2.312316941575459119e-03
2.984367002544278336e+00 1.923260440294508522e-03
3.000074965812227212e+00 1.658995646971598821e-03
3.015782929080176089e+00 1.402071542352103508e-03
3.031490892348124966e+00 1.159828815139436319e-03
3.047198855616073843e+00 9.689709088506682144e-04
3.062906818884023163e+00 7.854536912653144968e-04
3.078614782151972040e+00 6.092771623833749496e-04
3.094322745419920917e+00 4.551226996116775883e-04
3.110030708687869794e+00 3.009682368399803354e-04
3.125738671955818671e+00 3.156496142468086219e-04
