-1.460183660255166826e-04 0.000000000000000000e+00
1.556194490192345029e-02 0.000000000000000000e+00
3.126990816987241378e-02 0.000000000000000000e+00
4.697787143782138769e-02 0.000000000000000000e+00
6.268583470577035466e-02 0.000000000000000000e+00
7.839379797371931469e-02 0.000000000000000000e+00
9.410176124166827472e-02 0.000000000000000000e+00
1.098097245096172625e-01 0.000000000000000000e+00
1.255176877775662225e-01 0.000000000000000000e+00
1.412256510455151548e-01 0.000000000000000000e+00
1.569336143134641426e-01 0.000000000000000000e+00
1.726415775814131304e-01 0.000000000000000000e+00
1.883495408493620626e-01 0.000000000000000000e+00
2.040575041173110504e-01 0.000000000000000000e+00
2.197654673852600382e-01 0.000000000000000000e+00
2.354734306532089705e-01 0.000000000000000000e+00
2.511813939211579583e-01 0.000000000000000000e+00
2.668893571891068905e-01 0.000000000000000000e+00
2.825973204570558783e-01 0.000000000000000000e+00
2.983052837250048661e-01 0.000000000000000000e+00
3.140132469929537984e-01 0.000000000000000000e+00
3.297212102609027862e-01 0.000000000000000000e+00
3.454291735288517184e-01 0.000000000000000000e+00
3.611371367968007062e-01 0.000000000000000000e+00
3.768451000647496940e-01 0.000000000000000000e+00
3.925530633326986818e-01 0.000000000000000000e+00
4.082610266006476141e-01 0.000000000000000000e+00
4.239689898685966019e-01 0.000000000000000000e+00
4.396769531365455341e-01 0.000000000000000000e+00
4.553849164044945219e-01 0.000000000000000000e+00
4.710928796724435097e-01 0.000000000000000000e+00
4.868008429403924420e-01 0.000000000000000000e+00
5.025088062083413742e-01 0.000000000000000000e+00
5.182167694762904731e-01 0.000000000000000000e+00
5.339247327442393498e-01 0.000000000000000000e+00
5.496326960121882266e-01 0.000000000000000000e+00
5.653406592801373254e-01 0.000000000000000000e+00
5.810486225480862021e-01 0.000000000000000000e+00
5.967565858160353010e-01 0.000000000000000000e+00
6.124645490839841777e-01 0.000000000000000000e+00
6.281725123519330545e-01 0.000000000000000000e+00
6.438804756198821533e-01 0.000000000000000000e+00
6.595884388878310300e-01 0.000000000000000000e+00
6.752964021557801289e-01 0.000000000000000000e+00
6.910043654237290056e-01 7.340688703414153447e-06
7.067123286916779934e-01 7.340688703414153447e-06
7.224202919596269812e-01 7.340688703414153447e-06
7.381282552275758579e-01 7.340688703414153447e-06
7.538362184955249568e-01 7.340688703414153447e-06
7.695441817634738335e-01 1.468137740682830689e-05
7.852521450314228213e-01 1.468137740682830859e-05
8.009601082993718091e-01 7.340688703414153447e-06
8.166680715673206858e-01 1.468137740682830689e-05
8.323760348352697847e-01 1.468137740682830689e-05
8.480839981032186614e-01 1.468137740682830689e-05
8.637919613711677602e-01 1.468137740682830859e-05
8.794999246391166370e-01 2.202206611024246034e-05
8.952078879070655137e-01 2.202206611024246034e-05
9.109158511750146126e-01 2.202206611024246373e-05
9.266238144429634893e-01 2.202206611024246034e-05
9.423317777109125881e-01 2.202206611024246034e-05
9.580397409788614649e-01 4.404413222048492746e-05
9.737477042468103416e-01 5.138482092389908430e-05
9.894556675147594405e-01 5.138482092389907752e-05
1.005163630782708317e+00 8.074757573755568453e-05
1.020871594050657194e+00 1.174510192546264552e-04
1.036579557318606293e+00 1.761765288819397098e-04
1.052287520586555392e+00 2.862868594331519946e-04
1.067995483854504268e+00 3.376716803570510789e-04
1.083703447122453145e+00 4.624633883150916502e-04
1.099411410390402022e+00 6.973654268243446690e-04
1.115119373658351121e+00 8.368385121892134727e-04
1.130827336926300219e+00 1.064399861995052104e-03
1.146535300194249096e+00 1.240576390876991977e-03
1.162243263462197973e+00 1.512181872903315630e-03
1.177951226730146850e+00 1.747083911412568432e-03
1.193659189998095949e+00 1.901238374184266011e-03
1.209367153266045047e+00 2.062733525659377325e-03
1.225075116533993924e+00 2.378383139906186002e-03
1.240783079801942801e+00 2.554559668788126091e-03
1.256491043069891678e+00 2.760098952483721561e-03
1.272199006337840776e+00 2.818824462111034924e-03
1.287906969605789875e+00 2.862868594331519946e-03
1.303614932873738752e+00 2.936275481365661650e-03
1.319322896141687629e+00 2.855527905628106426e-03
1.335030859409636728e+00 2.679351376746166337e-03
1.350738822677585604e+00 2.495834159160812294e-03
1.366446785945534703e+00 2.246250743244731368e-03
1.382154749213483580e+00 1.989326638625236055e-03
1.397862712481432457e+00 1.864534930667195159e-03
1.413570675749381556e+00 1.636973580861356527e-03
1.429278639017330432e+00 1.394730853648689338e-03
1.444986602285279531e+00 1.255257768283820317e-03
1.460694565553228408e+00 1.101103305512123173e-03
1.476402528821177285e+00 1.020355729774567516e-03
1.492110492089126383e+00 9.175860879267693469e-04
1.507818455357075260e+00 8.221571347823852403e-04
1.523526418625024359e+00 7.781130025619003264e-04
1.539234381892973236e+00 8.294978234857994107e-04
1.554942345160922113e+00 8.001350686721427291e-04
1.570650308428871211e+00 8.148164460789709615e-04
1.586358271696820088e+00 8.148164460789711783e-04
1.602066234964769187e+00 8.515198895960420303e-04
1.617774198232718064e+00 8.294978234857995191e-04
1.633482161500666940e+00 8.882233331131125570e-04
1.649190124768616039e+00 9.616302201472541524e-04
1.664898088036564916e+00 9.909929749609108340e-04
1.680606051304514015e+00 1.108443994215537343e-03
1.696314014572462892e+00 1.313983277911133464e-03
1.712021977840411768e+00 1.475478429386244995e-03
1.727729941108360867e+00 1.592929448640871505e-03
1.743437904376309966e+00 1.849853553260367035e-03
1.759145867644258843e+00 2.143481101396933416e-03
1.774853830912207719e+00 2.510515536567641069e-03
1.790561794180156596e+00 2.811483773407620970e-03
1.806269757448105695e+00 3.105111321544187352e-03
1.821977720716054794e+00 3.530871266342208367e-03
1.837685683984003671e+00 4.030038098174370219e-03
1.853393647251952547e+00 4.433775976862149373e-03
1.869101610519901424e+00 4.837513855549928528e-03
1.884809573787850523e+00 5.285295866458191404e-03
1.900517537055799622e+00 5.850528896621081006e-03
1.916225500323748498e+00 6.327673662343001430e-03
1.931933463591697375e+00 6.922269447319546846e-03
1.947641426859646252e+00 7.744426582101932195e-03
1.963349390127595351e+00 8.449132697629691685e-03
1.979057353395544450e+00 9.322674653335975142e-03
1.994765316663493326e+00 1.058527311032320985e-02
2.010473279931442203e+00 1.211947704933676907e-02
2.026181243199391080e+00 1.358027410131618443e-02
2.041889206467340401e+00 1.498234564366828642e-02
2.057597169735289278e+00 1.641377994083404596e-02
2.073305133003238154e+00 1.794064319114419340e-02
2.089013096271187031e+00 1.935739611090312590e-02
2.104721059539135908e+00 2.058329112437328606e-02
2.120429022807084785e+00 2.139076688174884264e-02
2.136136986075034105e+00 2.236707847930292578e-02
2.151844949342982982e+00 2.277081635799070580e-02
2.167552912610931859e+00 2.300571839649995926e-02
2.183260875878880736e+00 2.338009352037408173e-02
2.198968839146830057e+00 2.326264250111945500e-02
2.214676802414778933e+00 2.267538740484632137e-02
2.230384765682727810e+00 2.194865922320832219e-02
2.246092728950676687e+00 2.106043589009520822e-02
2.261800692218625564e+00 2.045115872771183230e-02
2.277508655486574440e+00 1.960697952681920986e-02
2.293216618754523761e+00 1.855726104223098111e-02
2.308924582022472638e+00 1.750020186893934404e-02
2.324632545290421515e+00 1.684688057433548353e-02
2.340340508558370392e+00 1.596599792992578482e-02
2.356048471826319712e+00 1.539342421105947996e-02
2.371756435094268589e+00 1.451254156664978125e-02
2.387464398362217466e+00 1.389592371556299180e-02
2.403172361630166343e+00 1.317653622262840440e-02
2.418880324898115219e+00 1.292695280671232391e-02
2.434588288166064096e+00 1.239842322006650711e-02
2.450296251434013417e+00 1.221490600248115177e-02
2.466004214701962294e+00 1.173776123675923135e-02
2.481712177969911171e+00 1.214149911544700963e-02
2.497420141237860047e+00 1.237640115395626308e-02
2.513128104505809368e+00 1.244980804099040522e-02
2.528836067773758245e+00 1.242778597488016293e-02
2.544544031041707122e+00 1.222958737988797881e-02
2.560251994309655998e+00 1.240576390876992063e-02
2.575959957577604875e+00 1.260396250376210302e-02
2.591667920845554196e+00 1.217820255896408070e-02
2.607375884113503073e+00 1.196532258656507128e-02
2.623083847381451950e+00 1.209011429452311152e-02
2.638791810649400826e+00 1.196532258656507128e-02
2.654499773917350147e+00 1.236171977654943605e-02
2.670207737185299024e+00 1.241310459747333589e-02
2.685915700453247901e+00 1.211213636063335382e-02
2.701623663721196777e+00 1.233235702173577850e-02
2.717331626989145654e+00 1.201670740748896939e-02
2.733039590257094531e+00 1.159094746269094880e-02
2.748747553525043852e+00 1.124593509363048562e-02
2.764455516792992729e+00 1.072474619568807887e-02
2.780163480060941605e+00 1.005674352367738958e-02
2.795871443328890482e+00 9.506191870921328751e-03
2.811579406596839803e+00 8.573924405587731931e-03
2.827287369864788680e+00 7.869218290059973309e-03
2.842995333132737557e+00 6.988335645650274597e-03
2.858703296400686433e+00 6.342355039749827603e-03
2.874411259668635310e+00 5.461472395340130626e-03
2.890119222936584187e+00 4.683359392778230733e-03
2.905827186204533508e+00 4.103444985208511489e-03
2.921535149472482384e+00 3.538211955045622321e-03
2.937243112740431261e+00 3.017023057103217307e-03
2.952951076008380138e+00 2.605944489712024633e-03
2.968659039276329459e+00 2.143481101396932983e-03
2.984367002544278336e+00 1.739743222709154696e-03
3.000074965812227212e+00 1.409412231055517679e-03
3.015782929080176089e+00 1.152488126436022149e-03
3.031490892348124966e+00 9.102453992233551765e-04
3.047198855616073843e+00 7.560909364516578152e-04
3.062906818884023163e+00 6.680026720106880958e-04
3.078614782151972040e+00 4.918261431287483318e-04
3.094322745419920917e+00 4.331006335014350771e-04
3.110030708687869794e+00 4.110785673911926202e-04
3.125738671955818671e+00 3.817158125775360470e-04
