-1.460183660255166826e-04 0.000000000000000000e+00
1.556194490192345029e-02 0.000000000000000000e+00
3.126990816987241378e-02 0.000000000000000000e+00
4.697787143782138769e-02 0.000000000000000000e+00
6.268583470577035466e-02 0.000000000000000000e+00
7.839379797371931469e-02 0.000000000000000000e+00
9.410176124166827472e-02 0.000000000000000000e+00
1.098097245096172625e-01 0.000000000000000000e+00
1.255176877775662225e-01 0.000000000000000000e+00
1.412256510455151548e-01 0.000000000000000000e+00
1.569336143134641426e-01 0.000000000000000000e+00
1.726415775814131304e-01 0.000000000000000000e+00
1.883495408493620626e-01 0.000000000000000000e+00
2.040575041173110504e-01 0.000000000000000000e+00
2.197654673852600382e-01 0.000000000000000000e+00
2.354734306532089705e-01 0.000000000000000000e+00
2.511813939211579583e-01 0.000000000000000000e+00
2.668893571891068905e-01 0.000000000000000000e+00
2.825973204570558783e-01 0.000000000000000000e+00
2.983052837250048661e-01 0.000000000000000000e+00
3.140132469929537984e-01 0.000000000000000000e+00
3.297212102609027862e-01 0.000000000000000000e+00
3.454291735288517184e-01 0.000000000000000000e+00
3.611371367968007062e-01 0.000000000000000000e+00
3.768451000647496940e-01 0.000000000000000000e+00
3.925530633326986818e-01 0.000000000000000000e+00
4.082610266006476141e-01 0.000000000000000000e+00
4.239689898685966019e-01 0.000000000000000000e+00
4.396769531365455341e-01 0.000000000000000000e+00
4.553849164044945219e-01 0.000000000000000000e+00
4.710928796724435097e-01 0.000000000000000000e+00
4.868008429403924420e-01 0.000000000000000000e+00
5.025088062083413742e-01 0.000000000000000000e+00
5.182167694762904731e-01 0.000000000000000000e+00
5.339247327442393498e-01 0.000000000000000000e+00
5.496326960121882266e-01 0.000000000000000000e+00
5.653406592801373254e-01 0.000000000000000000e+00
5.810486225480862021e-01 0.000000000000000000e+00
5.967565858160353010e-01 0.000000000000000000e+00
6.124645490839841777e-01 0.000000000000000000e+00
6.281725123519330545e-01 0.000000000000000000e+00
6.438804756198821533e-01 0.000000000000000000e+00
6.595884388878310300e-01 0.000000000000000000e+00
6.752964021557801289e-01 0.000000000000000000e+00
6.910043654237290056e-01 0.000000000000000000e+00
7.067123286916779934e-01 0.000000000000000000e+00
7.224202919596269812e-01 0.000000000000000000e+00
7.381282552275758579e-01 0.000000000000000000e+00
7.538362184955249568e-01 0.000000000000000000e+00
7.695441817634738335e-01 0.000000000000000000e+00
7.852521450314228213e-01 0.000000000000000000e+00
8.009601082993718091e-01 0.000000000000000000e+00
8.166680715673206858e-01 0.000000000000000000e+00
8.323760348352697847e-01 0.000000000000000000e+00
8.480839981032186614e-01 0.000000000000000000e+00
8.637919613711677602e-01 0.000000000000000000e+00
8.794999246391166370e-01 0.000000000000000000e+00
8.952078879070655137e-01 0.000000000000000000e+00
9.109158511750146126e-01 0.000000000000000000e+00
9.266238144429634893e-01 0.000000000000000000e+00
9.423317777109125881e-01 0.000000000000000000e+00
9.580397409788614649e-01 0.000000000000000000e+00
9.737477042468103416e-01 0.000000000000000000e+00
9.894556675147594405e-01 0.000000000000000000e+00
1.005163630782708317e+00 0.000000000000000000e+00
1.020871594050657194e+00 0.000000000000000000e+00
1.036579557318606293e+00 0.000000000000000000e+00
1.052287520586555392e+00 0.000000000000000000e+00
1.067995483854504268e+00 0.000000000000000000e+00
1.083703447122453145e+00 0.000000000000000000e+00
1.099411410390402022e+00 0.000000000000000000e+00
1.115119373658351121e+00 0.000000000000000000e+00
1.130827336926300219e+00 0.000000000000000000e+00
1.146535300194249096e+00 0.000000000000000000e+00
1.162243263462197973e+00 0.000000000000000000e+00
1.177951226730146850e+00 0.000000000000000000e+00
1.193659189998095949e+00 0.000000000000000000e+00
1.209367153266045047e+00 0.000000000000000000e+00
1.225075116533993924e+00 0.000000000000000000e+00
1.240783079801942801e+00 0.000000000000000000e+00
1.256491043069891678e+00 0.000000000000000000e+00
1.272199006337840776e+00 0.000000000000000000e+00
1.287906969605789875e+00 0.000000000000000000e+00
1.303614932873738752e+00 0.000000000000000000e+00
1.319322896141687629e+00 7.340688703414153447e-06
1.335030859409636728e+00 7.340688703414153447e-06
1.350738822677585604e+00 7.340688703414153447e-06
1.366446785945534703e+00 1.468137740682830689e-05
1.382154749213483580e+00 2.202206611024246034e-05
1.397862712481432457e+00 2.936275481365661379e-05
1.413570675749381556e+00 4.404413222048492746e-05
1.429278639017330432e+00 4.404413222048492746e-05
1.444986602285279531e+00 4.404413222048492746e-05
1.460694565553228408e+00 6.606619833072739797e-05
1.476402528821177285e+00 6.606619833072738441e-05
1.492110492089126383e+00 5.872550962731324113e-05
1.507818455357075260e+00 5.138482092389908430e-05
1.523526418625024359e+00 4.404413222048492746e-05
1.539234381892973236e+00 4.404413222048492746e-05
1.554942345160922113e+00 5.872550962731323435e-05
1.570650308428871211e+00 5.872550962731323435e-05
1.586358271696820088e+00 7.340688703414154125e-05
1.602066234964769187e+00 8.808826444096985492e-05
1.617774198232718064e+00 1.174510192546264687e-04
1.633482161500666940e+00 1.541544627716972529e-04
1.649190124768616039e+00 1.981985949921821668e-04
1.664898088036564916e+00 2.495834159160812511e-04
1.680606051304514015e+00 3.009682368399802812e-04
1.696314014572462892e+00 3.450123690604651951e-04
1.712021977840411768e+00 4.257599447980209067e-04
1.727729941108360867e+00 5.505516527560614781e-04
1.743437904376309966e+00 6.312992284936171355e-04
1.759145867644258843e+00 7.707723138584861560e-04
1.774853830912207719e+00 8.955640218165267273e-04
1.790561794180156596e+00 1.159828815139436319e-03
1.806269757448105695e+00 1.512181872903315847e-03
1.821977720716054794e+00 1.871875619370609329e-03
1.837685683984003671e+00 2.341679696389114933e-03
1.853393647251952547e+00 2.877549971738348721e-03
1.869101610519901424e+00 3.310650605239783689e-03
1.884809573787850523e+00 4.022697409470956699e-03
1.900517537055799622e+00 4.676018704074816346e-03
1.916225500323748498e+00 5.483494461450372920e-03
1.931933463591697375e+00 6.246926086605444906e-03
1.947641426859646252e+00 7.179193551939042593e-03
1.963349390127595351e+00 8.500517518553589794e-03
1.979057353395544450e+00 1.038707451533102746e-02
1.994765316663493326e+00 1.186255294471727159e-02
2.010473279931442203e+00 1.380783545112202262e-02
2.026181243199391080e+00 1.557694142864483357e-02
2.041889206467340401e+00 1.736072878357447502e-02
2.057597169735289278e+00 2.005476153772746753e-02
2.073305133003238154e+00 2.218356126171757217e-02
2.089013096271187031e+00 2.387926035220623924e-02
2.104721059539135908e+00 2.583922423601781732e-02
2.120429022807084785e+00 2.716788889133578411e-02
2.136136986075034105e+00 2.861400456590837416e-02
2.151844949342982982e+00 2.998671335344682207e-02
2.167552912610931859e+00 2.952424996513172695e-02
2.183260875878880736e+00 2.983255889067512254e-02
2.198968839146830057e+00 2.924530379440199238e-02
2.214676802414778933e+00 2.876081833997665843e-02
2.230384765682727810e+00 2.828367357425473627e-02
2.246092728950676687e+00 2.694766823023336116e-02
2.261800692218625564e+00 2.538410153640614092e-02
2.277508655486574440e+00 2.443715269366572226e-02
2.293216618754523761e+00 2.239644123411658333e-02
2.308924582022472638e+00 2.110448002231569281e-02
2.324632545290421515e+00 1.946750644145433390e-02
2.340340508558370392e+00 1.754424600115982863e-02
2.356048471826319712e+00 1.625962547806234990e-02
2.371756435094268589e+00 1.526863250310144145e-02
2.387464398362217466e+00 1.416018850888590454e-02
2.403172361630166343e+00 1.358027410131618443e-02
2.418880324898115219e+00 1.293429349541573743e-02
2.434588288166064096e+00 1.247917079580406104e-02
2.450296251434013417e+00 1.241310459747333589e-02
2.466004214701962294e+00 1.227363151210846513e-02
2.481712177969911171e+00 1.218554324766749596e-02
2.497420141237860047e+00 1.213415842674359611e-02
2.513128104505809368e+00 1.211947704933676907e-02
2.528836067773758245e+00 1.195798189786165776e-02
2.544544031041707122e+00 1.184787156731044455e-02
2.560251994309655998e+00 1.189925638823434266e-02
2.575959957577604875e+00 1.188457501082751562e-02
2.591667920845554196e+00 1.196532258656506954e-02
2.607375884113503073e+00 1.217820255896408070e-02
2.623083847381451950e+00 1.225895013470163636e-02
2.638791810649400826e+00 1.240576390876992063e-02
2.654499773917350147e+00 1.245714872969382048e-02
2.670207737185299024e+00 1.237640115395626482e-02
2.685915700453247901e+00 1.217086187026066718e-02
2.701623663721196777e+00 1.173042054805581783e-02
2.717331626989145654e+00 1.128263853714755495e-02
2.733039590257094531e+00 1.074676826179832116e-02
2.748747553525043852e+00 1.021089798644908737e-02
2.764455516792992729e+00 9.645664956286199507e-03
2.780163480060941605e+00 8.772123000579914315e-03
2.795871443328890482e+00 8.214230659120438233e-03
2.811579406596839803e+00 7.619634874143891082e-03
2.827287369864788680e+00 6.834181182878576802e-03
2.842995333132737557e+00 5.975320604579121252e-03
2.858703296400686433e+00 5.270614489051362629e-03
2.874411259668635310e+00 4.433775976862149373e-03
2.890119222936584187e+00 3.721729172630976364e-03
2.905827186204533508e+00 3.002341679696389400e-03
2.921535149472482384e+00 2.326998318982287026e-03
2.937243112740431261e+00 1.739743222709154479e-03
2.952951076008380138e+00 1.321323966614547634e-03
2.968659039276329459e+00 9.909929749609110508e-04
2.984367002544278336e+00 7.340688703414155209e-04
3.000074965812227212e+00 5.652330301628899272e-04
3.015782929080176089e+00 4.110785673911926202e-04
3.031490892348124966e+00 3.083089255433944516e-04
3.047198855616073843e+00 2.349020385092529103e-04
3.062906818884023163e+00 1.908579062887680235e-04
3.078614782151972040e+00 9.542895314438401176e-05
3.094322745419920917e+00 5.872550962731324113e-05
3.110030708687869794e+00 4.404413222048492746e-05
3.125738671955818671e+00 1.468137740682830689e-05
