-1.460183660255166826e-04 0.000000000000000000e+00
1.556194490192345029e-02 0.000000000000000000e+00
3.126990816987241378e-02 1.506772944385010507e-05
4.697787143782138769e-02 1.506772944385010507e-05
6.268583470577035466e-02 1.506772944385010507e-05
7.839379797371931469e-02 1.506772944385010846e-05
9.410176124166827472e-02 0.000000000000000000e+00
1.098097245096172625e-01 0.000000000000000000e+00
1.255176877775662225e-01 0.000000000000000000e+00
1.412256510455151548e-01 0.000000000000000000e+00
1.569336143134641426e-01 0.000000000000000000e+00
1.726415775814131304e-01 0.000000000000000000e+00
1.883495408493620626e-01 0.000000000000000000e+00
2.040575041173110504e-01 0.000000000000000000e+00
2.197654673852600382e-01 0.000000000000000000e+00
2.354734306532089705e-01 0.000000000000000000e+00
2.511813939211579583e-01 0.000000000000000000e+00
2.668893571891068905e-01 1.506772944385010507e-05
2.825973204570558783e-01 1.506772944385010507e-05
2.983052837250048661e-01 1.506772944385010507e-05
3.140132469929537984e-01 1.506772944385010507e-05
3.297212102609027862e-01 1.506772944385010507e-05
3.454291735288517184e-01 1.506772944385010507e-05
3.611371367968007062e-01 1.506772944385010846e-05
3.768451000647496940e-01 0.000000000000000000e+00
3.925530633326986818e-01 0.000000000000000000e+00
4.082610266006476141e-01 0.000000000000000000e+00
4.239689898685966019e-01 0.000000000000000000e+00
4.396769531365455341e-01 0.000000000000000000e+00
4.553849164044945219e-01 0.000000000000000000e+00
4.710928796724435097e-01 0.000000000000000000e+00
4.868008429403924420e-01 0.000000000000000000e+00
5.025088062083413742e-01 0.000000000000000000e+00
5.182167694762904731e-01 0.000000000000000000e+00
5.339247327442393498e-01 0.000000000000000000e+00
5.496326960121882266e-01 0.000000000000000000e+00
5.653406592801373254e-01 0.000000000000000000e+00
5.810486225480862021e-01 0.000000000000000000e+00
5.967565858160353010e-01 0.000000000000000000e+00
6.124645490839841777e-01 3.013545888770021014e-05
6.281725123519330545e-01 3.013545888770021014e-05
6.438804756198821533e-01 3.013545888770021014e-05
6.595884388878310300e-01 3.013545888770021014e-05
6.752964021557801289e-01 3.013545888770021014e-05
6.910043654237290056e-01 3.013545888770021014e-05
7.067123286916779934e-01 4.520318833155032029e-05
7.224202919596269812e-01 1.506772944385010507e-05
7.381282552275758579e-01 1.506772944385010507e-05
7.538362184955249568e-01 3.013545888770021014e-05
7.695441817634738335e-01 3.013545888770021014e-05
7.852521450314228213e-01 6.027091777540042027e-05
8.009601082993718091e-01 6.027091777540042705e-05
8.166680715673206858e-01 4.520318833155031351e-05
8.323760348352697847e-01 4.520318833155031351e-05
8.480839981032186614e-01 4.520318833155032029e-05
8.637919613711677602e-01 3.013545888770021014e-05
8.794999246391166370e-01 3.013545888770021691e-05
8.952078879070655137e-01 0.000000000000000000e+00
9.109158511750146126e-01 1.506772944385010507e-05
9.266238144429634893e-01 3.013545888770021014e-05
9.423317777109125881e-01 3.013545888770021014e-05
9.580397409788614649e-01 3.013545888770021014e-05
9.737477042468103416e-01 3.013545888770021014e-05
9.894556675147594405e-01 3.013545888770021014e-05
1.005163630782708317e+00 4.520318833155032029e-05
1.020871594050657194e+00 3.013545888770021353e-05
1.036579557318606293e+00 1.506772944385010507e-05
1.052287520586555392e+00 1.506772944385010507e-05
1.067995483854504268e+00 1.506772944385010507e-05
1.083703447122453145e+00 1.506772944385010507e-05
1.099411410390402022e+00 4.520318833155032029e-05
1.115119373658351121e+00 3.013545888770021014e-05
1.130827336926300219e+00 3.013545888770021014e-05
1.146535300194249096e+00 3.013545888770021014e-05
1.162243263462197973e+00 3.013545888770021014e-05
1.177951226730146850e+00 4.520318833155031351e-05
1.193659189998095949e+00 4.520318833155032029e-05
1.209367153266045047e+00 3.013545888770021014e-05
1.225075116533993924e+00 6.027091777540042027e-05
1.240783079801942801e+00 6.027091777540042027e-05
1.256491043069891678e+00 9.040637666310062702e-05
1.272199006337840776e+00 1.356095649946509676e-04
1.287906969605789875e+00 1.205418355508008405e-04
1.303614932873738752e+00 1.205418355508008405e-04
1.319322896141687629e+00 1.054741061069507406e-04
1.335030859409636728e+00 9.040637666310062702e-05
1.350738822677585604e+00 9.040637666310062702e-05
1.366446785945534703e+00 7.533864721925052704e-05
1.382154749213483580e+00 6.027091777540042027e-05
1.397862712481432457e+00 7.533864721925052704e-05
1.413570675749381556e+00 9.040637666310062702e-05
1.429278639017330432e+00 1.205418355508008405e-04
1.444986602285279531e+00 1.205418355508008405e-04
1.460694565553228408e+00 1.205418355508008405e-04
1.476402528821177285e+00 1.205418355508008405e-04
1.492110492089126383e+00 1.205418355508008405e-04
1.507818455357075260e+00 1.205418355508008405e-04
1.523526418625024359e+00 1.054741061069507406e-04
1.539234381892973236e+00 7.533864721925052704e-05
1.554942345160922113e+00 7.533864721925052704e-05
1.570650308428871211e+00 9.040637666310062702e-05
1.586358271696820088e+00 7.533864721925052704e-05
1.602066234964769187e+00 4.520318833155032029e-05
1.617774198232718064e+00 3.013545888770021014e-05
1.633482161500666940e+00 4.520318833155031351e-05
1.649190124768616039e+00 7.533864721925052704e-05
1.664898088036564916e+00 7.533864721925052704e-05
1.680606051304514015e+00 7.533864721925052704e-05
1.696314014572462892e+00 7.533864721925052704e-05
1.712021977840411768e+00 9.040637666310062702e-05
1.727729941108360867e+00 1.808127533262012540e-04
1.743437904376309966e+00 2.260159416577515676e-04
1.759145867644258843e+00 2.862868594331519946e-04
1.774853830912207719e+00 3.766932360962526216e-04
1.790561794180156596e+00 4.218964244278029080e-04
1.806269757448105695e+00 5.273705305347535944e-04
1.821977720716054794e+00 7.232510133048050162e-04
1.837685683984003671e+00 7.533864721925052433e-04
1.853393647251952547e+00 9.341992255187064973e-04
1.869101610519901424e+00 1.115011978844907860e-03
1.884809573787850523e+00 1.536908403272710822e-03
1.900517537055799622e+00 1.913601639368963173e-03
1.916225500323748498e+00 2.320430334352916509e-03
1.931933463591697375e+00 2.606717193786068504e-03
1.947641426859646252e+00 3.103952265433121329e-03
1.963349390127595351e+00 3.631322795967876008e-03
1.979057353395544450e+00 4.384709268160381576e-03
1.994765316663493326e+00 5.017553904802084935e-03
2.010473279931442203e+00 5.635330811999939536e-03
2.026181243199391080e+00 6.313378636973195242e-03
2.041889206467340401e+00 7.488661533593502471e-03
2.057597169735289278e+00 8.799553995208460669e-03
2.073305133003238154e+00 1.017071737459881997e-02
2.089013096271187031e+00 1.115011978844907860e-02
2.104721059539135908e+00 1.218979312007473573e-02
2.120429022807084785e+00 1.366643060557204414e-02
2.136136986075034105e+00 1.542935495050250586e-02
2.151844949342982982e+00 1.690599243599981774e-02
2.167552912610931859e+00 1.818674943872707755e-02
2.183260875878880736e+00 2.002501243087678739e-02
2.198968839146830057e+00 2.202902044690885699e-02
2.214676802414778933e+00 2.376180933295161946e-02
2.230384765682727810e+00 2.547953048955052882e-02
2.246092728950676687e+00 2.663974565672698816e-02
2.261800692218625564e+00 2.724245483448099053e-02
2.277508655486574440e+00 2.807117995389274770e-02
2.293216618754523761e+00 2.802597676556119535e-02
2.308924582022472638e+00 2.754380942335798998e-02
2.324632545290421515e+00 2.713698072837403621e-02
2.340340508558370392e+00 2.615757831452377932e-02
2.356048471826319712e+00 2.498229541790347383e-02
2.371756435094268589e+00 2.422890894571096826e-02
2.387464398362217466e+00 2.329470972019226371e-02
2.403172361630166343e+00 2.239064595356125495e-02
2.418880324898115219e+00 2.124549851582864871e-02
2.434588288166064096e+00 2.011541880753989209e-02
2.450296251434013417e+00 1.922642277035273642e-02
2.466004214701962294e+00 1.845796856871638122e-02
2.481712177969911171e+00 1.738815977820302311e-02
2.497420141237860047e+00 1.634848644657736771e-02
2.513128104505809368e+00 1.511293263218165678e-02
2.528836067773758245e+00 1.463076528997845314e-02
2.544544031041707122e+00 1.389244654722979894e-02
2.560251994309655998e+00 1.304865369837419041e-02
2.575959957577604875e+00 1.237060587340093470e-02
2.591667920845554196e+00 1.202404809619238464e-02
2.607375884113503073e+00 1.154188075398918101e-02
2.623083847381451950e+00 1.146654210676993288e-02
2.638791810649400826e+00 1.115011978844907860e-02
2.654499773917350147e+00 1.105971341178597911e-02
2.670207737185299024e+00 1.130079708288758006e-02
2.685915700453247901e+00 1.134600027121913067e-02
2.701623663721196777e+00 1.115011978844907860e-02
2.717331626989145654e+00 1.110491660011752799e-02
2.733039590257094531e+00 1.099944249401057714e-02
2.748747553525043852e+00 1.090903611734747765e-02
2.764455516792992729e+00 1.060768152847047299e-02
2.780163480060941605e+00 1.021592056293037058e-02
2.795871443328890482e+00 9.733753220727166949e-03
2.811579406596839803e+00 9.974836891828771368e-03
2.827287369864788680e+00 9.914565974053369396e-03
2.842995333132737557e+00 9.658414573507917086e-03
2.858703296400686433e+00 9.357059984630915900e-03
2.874411259668635310e+00 9.462534090737866749e-03
2.890119222936584187e+00 9.357059984630915900e-03
2.905827186204533508e+00 9.251585878523963316e-03
2.921535149472482384e+00 8.603673512438410331e-03
2.937243112740431261e+00 7.985896605240556598e-03
2.952951076008380138e+00 7.322916509711151385e-03
2.968659039276329459e+00 6.780478249732547515e-03
2.984367002544278336e+00 5.981888589208492202e-03
3.000074965812227212e+00 5.138095740352886277e-03
3.015782929080176089e+00 4.414844727048080827e-03
3.031490892348124966e+00 3.555984148748625277e-03
3.047198855616073843e+00 2.893004053219220498e-03
3.062906818884023163e+00 2.290294875465215957e-03
3.078614782151972040e+00 1.672517968267361790e-03
3.094322745419920917e+00 1.190350626064158156e-03
3.110030708687869794e+00 9.492669549625567735e-04
3.125738671955818671e+00 8.437928488556058161e-04
