-1.460183660255166826e-04 0.000000000000000000e+00
1.556194490192345029e-02 0.000000000000000000e+00
3.126990816987241378e-02 0.000000000000000000e+00
4.697787143782138769e-02 0.000000000000000000e+00
6.268583470577035466e-02 0.000000000000000000e+00
7.839379797371931469e-02 0.000000000000000000e+00
9.410176124166827472e-02 0.000000000000000000e+00
1.098097245096172625e-01 0.000000000000000000e+00
1.255176877775662225e-01 0.000000000000000000e+00
1.412256510455151548e-01 0.000000000000000000e+00
1.569336143134641426e-01 0.000000000000000000e+00
1.726415775814131304e-01 0.000000000000000000e+00
1.883495408493620626e-01 0.000000000000000000e+00
2.040575041173110504e-01 0.000000000000000000e+00
2.197654673852600382e-01 0.000000000000000000e+00
2.354734306532089705e-01 0.000000000000000000e+00
2.511813939211579583e-01 0.000000000000000000e+00
2.668893571891068905e-01 0.000000000000000000e+00
2.825973204570558783e-01 0.000000000000000000e+00
2.983052837250048661e-01 0.000000000000000000e+00
3.140132469929537984e-01 0.000000000000000000e+00
3.297212102609027862e-01 0.000000000000000000e+00
3.454291735288517184e-01 0.000000000000000000e+00
3.611371367968007062e-01 0.000000000000000000e+00
3.768451000647496940e-01 0.000000000000000000e+00
3.925530633326986818e-01 0.000000000000000000e+00
4.082610266006476141e-01 0.000000000000000000e+00
4.239689898685966019e-01 0.000000000000000000e+00
4.396769531365455341e-01 0.000000000000000000e+00
4.553849164044945219e-01 0.000000000000000000e+00
4.710928796724435097e-01 0.000000000000000000e+00
4.868008429403924420e-01 0.000000000000000000e+00
5.025088062083413742e-01 0.000000000000000000e+00
5.182167694762904731e-01 0.000000000000000000e+00
5.339247327442393498e-01 0.000000000000000000e+00
5.496326960121882266e-01 0.000000000000000000e+00
5.653406592801373254e-01 0.000000000000000000e+00
5.810486225480862021e-01 0.000000000000000000e+00
5.967565858160353010e-01 0.000000000000000000e+00
6.124645490839841777e-01 0.000000000000000000e+00
6.281725123519330545e-01 0.000000000000000000e+00
6.438804756198821533e-01 0.000000000000000000e+00
6.595884388878310300e-01 0.000000000000000000e+00
6.752964021557801289e-01 0.000000000000000000e+00
6.910043654237290056e-01 0.000000000000000000e+00
7.067123286916779934e-01 0.000000000000000000e+00
7.224202919596269812e-01 0.000000000000000000e+00
7.381282552275758579e-01 0.000000000000000000e+00
7.538362184955249568e-01 0.000000000000000000e+00
7.695441817634738335e-01 0.000000000000000000e+00
7.852521450314228213e-01 0.000000000000000000e+00
8.009601082993718091e-01 0.000000000000000000e+00
8.166680715673206858e-01 0.000000000000000000e+00
8.323760348352697847e-01 0.000000000000000000e+00
8.480839981032186614e-01 0.000000000000000000e+00
8.637919613711677602e-01 0.000000000000000000e+00
8.794999246391166370e-01 0.000000000000000000e+00
8.952078879070655137e-01 0.000000000000000000e+00
9.109158511750146126e-01 0.000000000000000000e+00
9.266238144429634893e-01 0.000000000000000000e+00
9.423317777109125881e-01 0.000000000000000000e+00
9.580397409788614649e-01 0.000000000000000000e+00
9.737477042468103416e-01 0.000000000000000000e+00
9.894556675147594405e-01 0.000000000000000000e+00
1.005163630782708317e+00 0.000000000000000000e+00
1.020871594050657194e+00 0.000000000000000000e+00
1.036579557318606293e+00 0.000000000000000000e+00
1.052287520586555392e+00 0.000000000000000000e+00
1.067995483854504268e+00 0.000000000000000000e+00
1.083703447122453145e+00 0.000000000000000000e+00
1.099411410390402022e+00 0.000000000000000000e+00
1.115119373658351121e+00 0.000000000000000000e+00
1.130827336926300219e+00 0.000000000000000000e+00
1.146535300194249096e+00 0.000000000000000000e+00
1.162243263462197973e+00 0.000000000000000000e+00
1.177951226730146850e+00 0.000000000000000000e+00
1.193659189998095949e+00 0.000000000000000000e+00
1.209367153266045047e+00 0.000000000000000000e+00
1.225075116533993924e+00 0.000000000000000000e+00
1.240783079801942801e+00 0.000000000000000000e+00
1.256491043069891678e+00 7.340688703414153447e-06
1.272199006337840776e+00 7.340688703414153447e-06
1.287906969605789875e+00 7.340688703414153447e-06
1.303614932873738752e+00 7.340688703414153447e-06
1.319322896141687629e+00 7.340688703414153447e-06
1.335030859409636728e+00 7.340688703414153447e-06
1.350738822677585604e+00 7.340688703414155141e-06
1.366446785945534703e+00 0.000000000000000000e+00
1.382154749213483580e+00 0.000000000000000000e+00
1.397862712481432457e+00 0.000000000000000000e+00
1.413570675749381556e+00 0.000000000000000000e+00
1.429278639017330432e+00 7.340688703414153447e-06
1.444986602285279531e+00 7.340688703414153447e-06
1.460694565553228408e+00 1.468137740682830689e-05
1.476402528821177285e+00 2.936275481365661379e-05
1.492110492089126383e+00 5.138482092389907752e-05
1.507818455357075260e+00 8.074757573755568453e-05
1.523526418625024359e+00 9.542895314438399820e-05
1.539234381892973236e+00 1.247917079580406255e-04
1.554942345160922113e+00 1.321323966614547688e-04
1.570650308428871211e+00 1.541544627716971987e-04
1.586358271696820088e+00 1.761765288819397098e-04
1.602066234964769187e+00 2.202206611024246237e-04
1.617774198232718064e+00 1.981985949921821397e-04
1.633482161500666940e+00 2.202206611024246237e-04
1.649190124768616039e+00 2.422427272126670536e-04
1.664898088036564916e+00 2.716054820263237080e-04
1.680606051304514015e+00 2.789461707297378242e-04
1.696314014572462892e+00 3.376716803570510789e-04
1.712021977840411768e+00 3.229903029502227923e-04
1.727729941108360867e+00 5.065075205355766726e-04
1.743437904376309966e+00 6.312992284936173523e-04
1.759145867644258843e+00 8.148164460789711783e-04
1.774853830912207719e+00 9.689709088506684312e-04
1.790561794180156596e+00 1.211213636063335295e-03
1.806269757448105695e+00 1.453456363276002267e-03
1.821977720716054794e+00 1.754424600115982603e-03
1.837685683984003671e+00 2.070074214362791279e-03
1.853393647251952547e+00 2.561900357491539611e-03
1.869101610519901424e+00 2.950956858772489991e-03
1.884809573787850523e+00 3.538211955045622321e-03
1.900517537055799622e+00 4.235577381869966990e-03
1.916225500323748498e+00 5.013690384431867750e-03
1.931933463591697375e+00 5.784462698290353255e-03
1.947641426859646252e+00 6.936950824726375621e-03
1.963349390127595351e+00 8.184867904306782418e-03
1.979057353395544450e+00 9.829182173871551381e-03
1.994765316663493326e+00 1.140008955640218168e-02
2.010473279931442203e+00 1.367570305446056886e-02
2.026181243199391080e+00 1.563566693827215040e-02
2.041889206467340401e+00 1.791128043633053585e-02
2.057597169735289278e+00 1.990794776365918672e-02
2.073305133003238154e+00 2.175780131691955332e-02
2.089013096271187031e+00 2.348286316222187795e-02
2.104721059539135908e+00 2.515654018660030619e-02
2.120429022807084785e+00 2.614753316156121984e-02
2.136136986075034105e+00 2.741747230725186460e-02
2.151844949342982982e+00 2.789461707297378329e-02
2.167552912610931859e+00 2.836442114999229019e-02
2.183260875878880736e+00 2.825431081944107872e-02
2.198968839146830057e+00 2.785791362945671742e-02
2.214676802414778933e+00 2.721927371225968395e-02
2.230384765682727810e+00 2.611817040674756230e-02
2.246092728950676687e+00 2.470141748698862633e-02
2.261800692218625564e+00 2.326264250111945500e-02
2.277508655486574440e+00 2.191195577969124939e-02
2.293216618754523761e+00 2.042179597289817475e-02
2.308924582022472638e+00 1.880684445814706160e-02
2.324632545290421515e+00 1.763233426560079781e-02
2.340340508558370392e+00 1.649452751657160335e-02
2.356048471826319712e+00 1.548151247550045087e-02
2.371756435094268589e+00 1.493830151144780356e-02
2.387464398362217466e+00 1.390326440426640706e-02
2.403172361630166343e+00 1.352888928039228458e-02
2.418880324898115219e+00 1.309578864689085395e-02
2.434588288166064096e+00 1.281684247616111418e-02
2.450296251434013417e+00 1.253055561672795915e-02
2.466004214701962294e+00 1.203872947359921515e-02
2.481712177969911171e+00 1.170105779324216028e-02
2.497420141237860047e+00 1.159094746269095054e-02
2.513128104505809368e+00 1.126795715974072618e-02
2.528836067773758245e+00 1.122391302752024159e-02
2.544544031041707122e+00 1.104773649863830150e-02
2.560251994309655998e+00 1.121657233881682633e-02
2.575959957577604875e+00 1.149551850954656611e-02
2.591667920845554196e+00 1.209011429452311152e-02
2.607375884113503073e+00 1.242044528617674941e-02
2.623083847381451950e+00 1.290493074060208509e-02
2.638791810649400826e+00 1.323526173225572124e-02
2.654499773917350147e+00 1.345548239335814591e-02
2.670207737185299024e+00 1.343346032724790189e-02
2.685915700453247901e+00 1.355091134650252861e-02
2.701623663721196777e+00 1.327930586447620409e-02
2.717331626989145654e+00 1.313249209040792155e-02
2.733039590257094531e+00 1.317653622262840614e-02
2.748747553525043852e+00 1.283152385356794295e-02
2.764455516792992729e+00 1.233969771043919375e-02
2.780163480060941605e+00 1.173776123675923481e-02
2.795871443328890482e+00 1.104039580993488798e-02
2.811579406596839803e+00 1.013749109941494697e-02
2.827287369864788680e+00 9.197882945377936631e-03
2.842995333132737557e+00 7.825174157839488720e-03
2.858703296400686433e+00 6.834181182878578537e-03
2.874411259668635310e+00 5.762440632180111828e-03
2.890119222936584187e+00 4.800810412032857459e-03
2.905827186204533508e+00 3.883224324106087678e-03
2.921535149472482384e+00 3.134474076357843600e-03
2.937243112740431261e+00 2.385723828609599955e-03
2.952951076008380138e+00 1.864534930667195375e-03
2.968659039276329459e+00 1.380049476241861214e-03
2.984367002544278336e+00 1.005674352367739175e-03
3.000074965812227212e+00 7.414095590448294745e-04
3.015782929080176089e+00 5.432109640526474161e-04
3.031490892348124966e+00 3.450123690604653035e-04
3.047198855616073843e+00 2.349020385092529374e-04
3.062906818884023163e+00 1.541544627716972529e-04
3.078614782151972040e+00 1.321323966614547688e-04
3.094322745419920917e+00 1.027696418477981686e-04
3.110030708687869794e+00 8.074757573755568453e-05
3.125738671955818671e+00 1.027696418477981550e-04
