0.000000000000000000e+00 1.368903981372780265e+02 7.562340786410373106e+00
1.578689775673262907e-02 1.367710122364813969e+02 1.512468157282254566e+01
3.157379551346525814e-02 1.364128545340914513e+02 3.024936314564689255e+01
4.736069327019788722e-02 1.358159250301081897e+02 4.537404471846944176e+01
6.314759102693051629e-02 1.349802237245316689e+02 5.293638550487981576e+01
7.893448878366314536e-02 1.341445224189551482e+02 5.293638550488071104e+01
9.472138654039577443e-02 1.333088211133785990e+02 5.293638550488161343e+01
1.105082842971284035e-01 1.324731198078020498e+02 5.293638550488071104e+01
1.262951820538610326e-01 1.316374185022255290e+02 5.293638550488071104e+01
1.420820798105936755e-01 1.308017171966489798e+02 5.293638550488161343e+01
1.578689775673262907e-01 1.299660158910724306e+02 5.293638550488071104e+01
1.736558753240589059e-01 1.291303145854959098e+02 5.293638550488071104e+01
1.894427730807915489e-01 1.282946132799193606e+02 5.293638550488116579e+01
2.052296708375241918e-01 1.274589119743428256e+02 5.293638550488116579e+01
2.210165685942568070e-01 1.266232106687662764e+02 5.293638550488116579e+01
2.368034663509894222e-01 1.257875093631897414e+02 5.293638550488071104e+01
2.525903641077220652e-01 1.249518080576132064e+02 5.293638550488116579e+01
2.683772618644547081e-01 1.241161067520366572e+02 5.293638550488116579e+01
2.841641596211873511e-01 1.232804054464601222e+02 5.293638550488071104e+01
2.999510573779199385e-01 1.224447041408835872e+02 5.293638550488026340e+01
3.157379551346525814e-01 1.216090028353070664e+02 5.293638550488071104e+01
3.315248528913852244e-01 1.207733015297305172e+02 5.293638550488116579e+01
3.473117506481178118e-01 1.199376002241539823e+02 5.293638550488026340e+01
3.630986484048504548e-01 1.191018989185774615e+02 5.293638550488071104e+01
3.788855461615830977e-01 1.182661976130009123e+02 5.293638550488116579e+01
3.946724439183157407e-01 1.174304963074243773e+02 5.293638550488071104e+01
4.104593416750483836e-01 1.165947950018478423e+02 5.293638550488116579e+01
4.262462394317809711e-01 1.157590936962712931e+02 5.293638550488116579e+01
4.420331371885136140e-01 1.149233923906947581e+02 5.293638550488071104e+01
4.578200349452462570e-01 1.140876910851182231e+02 5.293638550488116579e+01
4.736069327019788444e-01 1.132519897795416739e+02 5.293638550488116579e+01
4.893938304587114874e-01 1.124162884739651389e+02 5.293638550488071104e+01
5.051807282154441303e-01 1.115805871683886039e+02 5.293638550488071104e+01
5.209676259721767178e-01 1.107448858628120689e+02 5.293638550488116579e+01
5.367545237289094162e-01 1.099091845572355197e+02 5.293638550488116579e+01
5.525414214856420037e-01 1.090734832516589847e+02 5.293638550488026340e+01
5.683283192423747021e-01 1.082377819460824639e+02 5.293638550488116579e+01
5.841152169991072896e-01 1.074020806405059005e+02 5.293638550488116579e+01
5.999021147558398770e-01 1.065663793349293798e+02 5.293638550488026340e+01
6.156890125125725755e-01 1.057306780293528448e+02 5.293638550488161343e+01
6.314759102693051629e-01 1.048949767237762813e+02 5.293638550488116579e+01
6.472628080260377503e-01 1.040592754181997606e+02 5.293638550488026340e+01
6.630497057827704488e-01 1.032235741126232256e+02 5.293638550488071104e+01
6.788366035395030362e-01 1.023878728070466906e+02 5.293638550488116579e+01
6.946235012962356237e-01 1.015521715014701414e+02 5.293638550488071104e+01
7.104103990529683221e-01 1.007164701958936206e+02 5.293638550488026340e+01
7.261972968097009096e-01 9.988076889031708561e+01 5.293638550488116579e+01
7.419841945664336080e-01 9.904506758474053640e+01 5.293638550488116579e+01
7.577710923231661955e-01 9.820936627916400141e+01 5.293638550488071104e+01
7.735579900798987829e-01 9.737366497358746642e+01 5.293638550488116579e+01
7.893448878366314814e-01 9.653796366801091722e+01 5.293638550488116579e+01
8.051317855933640688e-01 9.570226236243438223e+01 5.293638550488071104e+01
8.209186833500967673e-01 9.486656105685784723e+01 5.293638550488116579e+01
8.367055811068293547e-01 9.403085975128129803e+01 5.293638550488116579e+01
8.524924788635619421e-01 9.319515844570476304e+01 5.293638550488071104e+01
8.682793766202946406e-01 9.235945714012822805e+01 5.293638550488116579e+01
8.840662743770272280e-01 9.152375583455167884e+01 5.293638550488116579e+01
8.998531721337598155e-01 9.068805452897514385e+01 5.293638550488071104e+01
9.156400698904925139e-01 8.985235322339860886e+01 5.293638550488026340e+01
9.314269676472251014e-01 8.901665191782208808e+01 5.293638550488026340e+01
9.472138654039576888e-01 8.818095061224555309e+01 5.293638550488071104e+01
9.630007631606903873e-01 8.734524930666901810e+01 5.293638550488116579e+01
9.787876609174229747e-01 8.650954800109246889e+01 5.293638550488116579e+01
9.945745586741556732e-01 8.567384669551593390e+01 5.293638550488071104e+01
1.010361456430888261e+00 8.483814538993939891e+01 5.293638550488116579e+01
1.026148354187620848e+00 8.400244408436284971e+01 5.293638550488116579e+01
1.041935251944353436e+00 8.316674277878631472e+01 5.293638550488071104e+01
1.057722149701086245e+00 8.233104147320977972e+01 5.293638550488116579e+01
1.073509047457818832e+00 8.149534016763323052e+01 5.293638550488116579e+01
1.089295945214551420e+00 8.065963886205669553e+01 5.293638550488071104e+01
1.105082842971284007e+00 7.982393755648016054e+01 5.293638550488116579e+01
1.120869740728016595e+00 7.898823625090361134e+01 5.293638550488116579e+01
1.136656638484749404e+00 7.815253494532707634e+01 5.293638550488071104e+01
1.152443536241481992e+00 7.731683363975054135e+01 5.293638550488116579e+01
1.168230433998214579e+00 7.648113233417399215e+01 5.293638550488116579e+01
1.184017331754947167e+00 7.564543102859745716e+01 5.293638550488026340e+01
1.199804229511679754e+00 7.480972972302093638e+01 5.293638550488026340e+01
1.215591127268412341e+00 7.397402841744440138e+01 5.293638550488116579e+01
1.231378025025145151e+00 7.313832711186785218e+01 5.293638550488116579e+01
1.247164922781877738e+00 7.230262580629131719e+01 6.903552082677271073e+01
1.262951820538610326e+00 7.095861369411775854e+01 6.525077453538324335e+01
1.278738718295342913e+00 7.024241119401590083e+01 4.915163921349123655e+01
1.294525616052075501e+00 6.940670988843936584e+01 5.451568559195558805e+01
1.310312513808808310e+00 6.852114408485913088e+01 5.261647343333436311e+01
1.326099411565540898e+00 6.774540811561558940e+01 5.061608708585063710e+01
1.341886309322273485e+00 6.692300210151873330e+01 5.365517778210949729e+01
1.357673207079006072e+00 6.605131050408463977e+01 3.077135917004611443e+01
1.373460104835738660e+00 6.595143349941230326e+01 2.686015622364536881e+01
1.389247002592471247e+00 6.520323342401952971e+01 4.681863067030837300e+01
1.405033900349204057e+00 6.447319162840753393e+01 3.650990957319369556e+01
1.420820798105936644e+00 6.405047700494040441e+01 4.042977730010916559e+01
1.436607695862669232e+00 6.319667010727894763e+01 5.245464160044270585e+01
1.452394593619401819e+00 6.239428487731591844e+01 5.428441416915798357e+01
1.468181491376134407e+00 6.148270511473369737e+01 7.486795667019667633e+01
1.483968389132867216e+00 6.003041932290015126e+01 9.679037439809923171e+01
1.499755286889599804e+00 5.842666562581636924e+01 9.820372476845464860e+01
1.515542184646332391e+00 5.692975499840034104e+01 1.090760827110371167e+02
1.531329082403064978e+00 5.498271969488826016e+01 1.111737938940489130e+02
1.547115980159797566e+00 5.341957636353350836e+01 9.864764874334639444e+01
1.562902877916530375e+00 5.186803900558169289e+01 9.366708210050897776e+01
1.578689775673262963e+00 5.046215106694907604e+01 7.951008674903390272e+01
1.594476673429995550e+00 4.935760378530981285e+01 6.729487850300438367e+01
1.610263571186728138e+00 4.833739633399172675e+01 6.722469619660152773e+01
1.626050468943460725e+00 4.723506497414349070e+01 6.539640296952431697e+01
1.641837366700193535e+00 4.627258367931579386e+01 6.537429804274557910e+01
1.657624264456926122e+00 4.517095025590550961e+01 7.554129977557019515e+01
1.673411162213658709e+00 4.388745812738056173e+01 8.487347438384306031e+01
1.689198059970391297e+00 4.249117253119271709e+01 9.064428604685346613e+01
1.704984957727123884e+00 4.102547397527315809e+01 9.327553411083165713e+01
1.720771855483856472e+00 3.954610989076806504e+01 9.467040413080940198e+01
1.736558753240589281e+00 3.803636999406986519e+01 9.722489592235365308e+01
1.752345650997321869e+00 3.647635090809772862e+01 9.997158424879559391e+01
1.768132548754054456e+00 3.487988763584122864e+01 9.680632661914395953e+01
1.783919446510787044e+00 3.341980774701514889e+01 9.197271746099953305e+01
1.799706344267519631e+00 3.197595986190991368e+01 9.149155918429897838e+01
1.815493242024252440e+00 3.053107196612198848e+01 9.073429534094297821e+01
1.831280139780985028e+00 2.911113377475661679e+01 8.876536521271115987e+01
1.847067037537717615e+00 2.772841247621778393e+01 8.622620749772903537e+01
1.862853935294450203e+00 2.638864513132169520e+01 8.395317171936909517e+01
1.878640833051182790e+00 2.507769219964358953e+01 8.468422807788751072e+01
1.894427730807915378e+00 2.371484263077482169e+01 8.450232799661885963e+01
1.910214628564648187e+00 2.240963297506657526e+01 8.378451462632912694e+01
1.926001526321380775e+00 2.106944749876816658e+01 8.379654770972071276e+01
1.941788424078113362e+00 1.976385791294551808e+01 8.199626748835376588e+01
1.957575321834845949e+00 1.848051411622348539e+01 8.071682135868803698e+01
1.973362219591578537e+00 1.721532150086939694e+01 7.824881084737080528e+01
1.989149117348311346e+00 1.600990216335677729e+01 7.457872328028872744e+01
2.004936015105043712e+00 1.486058814236224990e+01 7.116058762666688153e+01
2.020722912861776521e+00 1.376309232101437097e+01 6.696352554678811941e+01
2.036509810618509331e+00 1.274629547988725520e+01 6.240638810686645144e+01
2.052296708375241696e+00 1.179268578419421942e+01 5.832214814258207269e+01
2.068083606131974506e+00 1.090484390052734121e+01 5.351020801844982344e+01
2.083870503888706871e+00 1.010316541833669568e+01 4.848639613788522951e+01
2.099657401645439680e+00 9.373944343684881275e+00 4.321118761661703189e+01
2.115444299402172490e+00 8.738824216635647346e+00 3.811652554446409624e+01
2.131231197158904855e+00 8.170460960460196986e+00 3.289691317288916395e+01
2.147018094915637665e+00 7.700143807090623405e+00 2.744051538300390547e+01
2.162804992672370030e+00 7.304059738973133875e+00 2.174795603178075609e+01
2.178591890429102840e+00 7.013478290507344504e+00 1.605444332655070383e+01
2.194378788185835649e+00 6.797160028298105061e+00 1.060801277140943277e+01
2.210165685942568015e+00 6.678543064458635214e+00 5.214990310769869630e+00
2.225952583699300824e+00 6.632502990621154559e+00 2.659253097907554042e-01
2.241739481456033189e+00 6.670146793105447003e+00 -4.316377371235596172e+00
2.257526379212765999e+00 6.768787407099496001e+00 -7.785666303716948455e+00
2.273313276969498808e+00 6.915969828915082829e+00 -9.833232139799312321e+00
2.289100174726231174e+00 7.079259867917953919e+00 -1.160621823326670210e+01
2.304887072482963983e+00 7.282422190096897729e+00 -1.284112144817327383e+01
2.320673970239696349e+00 7.484702810686149732e+00 -1.278802803981203517e+01
2.336460867996429158e+00 7.686188772446382877e+00 -1.278610476757851266e+01
2.352247765753161524e+00 7.888408668031416937e+00 -1.182580346942999228e+01
2.368034663509894333e+00 8.059574272972593434e+00 -1.017256407690439346e+01
2.383821561266627143e+00 8.209595126043218727e+00 -9.647450585047121052e+00
2.399608459023359508e+00 8.364180904971131980e+00 -8.223410761419550852e+00
2.415395356780092317e+00 8.469239415847509278e+00 -5.459677416497781266e+00
2.431182254536824683e+00 8.536563643289117209e+00 -2.636825161816616525e+00
2.446969152293557492e+00 8.552493994311467063e+00 1.244295726302420135e+00
2.462756050050290302e+00 8.497276504468565861e+00 5.050888644268772154e+00
2.478542947807022667e+00 8.393018269096041095e+00 7.874514713376979280e+00
2.494329845563755477e+00 8.248648187140627641e+00 1.193251026230626444e+01
2.510116743320487842e+00 8.016263630111657434e+00 1.578391826605067472e+01
2.525903641077220652e+00 7.750289979407094521e+00 1.845716361050125087e+01
2.541690538833953461e+00 7.433500920515118793e+00 2.069898958227958019e+01
2.557477436590685826e+00 7.096744315000851344e+00 2.202200976243488384e+01
2.573264334347418636e+00 6.738182487480464111e+00 2.291132060334702913e+01
2.589051232104151001e+00 6.373346963327328751e+00 2.338497687413737580e+01
2.604838129860883811e+00 5.999830009569336653e+00 2.282894095574289750e+01
2.620625027617616620e+00 5.652550649801730387e+00 2.217604449014286416e+01
2.636411925374348986e+00 5.299648115540057880e+00 2.159910419808305093e+01
2.652198823131081795e+00 4.970584950577427108e+00 1.979983081335651107e+01
2.667985720887814161e+00 4.674492306237930883e+00 1.689234029996961084e+01
2.683772618644546970e+00 4.437229652202318242e+00 1.434893319475172468e+01
2.699559516401279780e+00 4.221442023710466174e+00 1.205792327305678846e+01
2.715346414158012145e+00 4.056515248461769474e+00 8.358309866362068519e+00
2.731133311914744954e+00 3.957538457151771105e+00 3.760230450899820998e+00
2.746920209671477320e+00 3.937790501121553266e+00 -1.597349230209156090e+00
2.762707107428210129e+00 4.007972835109986143e+00 -6.892450348286515371e+00
2.778494005184942495e+00 4.155411319005064108e+00 -1.148629553391551283e+01
2.794280902941675304e+00 4.370638781505063797e+00 -1.797826300059588434e+01
2.810067800698408114e+00 4.723053318673176904e+00 -2.566025993950100315e+01
2.825854698455140479e+00 5.180830581657232869e+00 -3.100855684421949832e+01
2.841641596211873289e+00 5.702111151640226971e+00 -3.619372194675455745e+01
2.857428493968605654e+00 6.323603757275281012e+00 -4.232342186835298037e+01
2.873215391725338463e+00 7.038422219141727609e+00 -4.782423172743813211e+01
2.889002289482071273e+00 7.833596270425990049e+00 -5.267172491694401515e+01
2.904789187238803638e+00 8.701468491010810880e+00 -5.552015435826491796e+01
2.920576084995536448e+00 9.586578271009873475e+00 -5.724872577043566935e+01
2.936362982752268813e+00 1.050902805189299549e+01 -6.018659717131981068e+01
2.952149880509001623e+00 1.148689758274843165e+01 -6.323183421950607652e+01
2.967936778265734432e+00 1.250549705548101542e+01 -6.548255759462166736e+01
2.983723676022466798e+00 1.355443046593972767e+01 -6.503327096153725506e+01
2.999510573779199607e+00 1.455884425439237084e+01 -6.595025971396884756e+01
3.015297471535931972e+00 1.563673048020850587e+01 -6.748922823050344277e+01
3.031084369292664782e+00 1.668973534590387331e+01 -6.161502124639005018e+01
3.046871267049397591e+00 1.758215056159984258e+01 -4.998779824655125026e+01
3.062658164806129957e+00 1.826803986590883966e+01 -4.158217217856907411e+01
3.078445062562862766e+00 1.889505756297168659e+01 -3.494916597634031774e+01
3.094231960319595132e+00 1.937151768581196620e+01 -2.788594098482444750e+01
3.110018858076327941e+00 1.977552256132709374e+01 -2.241748711622494028e+01
3.125805755833060751e+00 2.007932283994539446e+01 -1.410911150193820696e+01
3.141592653589793116e+00 2.022100076276597136e+01 -8.974399214066968611e+00
