0.000000000000000000e+00 4.295667767156414811e+02 3.626392158628092943e+01
1.578689775673262907e-02 4.289942818933006947e+02 7.252784317256185886e+01
3.157379551346525814e-02 4.272767974262783355e+02 1.450556863451237177e+02
4.736069327019788722e-02 4.244143233145744034e+02 2.175835295176856050e+02
6.314759102693051629e-02 4.204068595581888985e+02 2.538474511039665344e+02
7.893448878366314536e-02 4.163993958018033936e+02 2.538474511039665344e+02
9.472138654039577443e-02 4.123919320454178887e+02 2.538474511039665344e+02
1.105082842971284035e-01 4.083844682890323838e+02 2.538474511039665344e+02
1.262951820538610326e-01 4.043770045326468789e+02 2.538474511039647155e+02
1.420820798105936755e-01 4.003695407762614309e+02 2.538474511039647155e+02
1.578689775673262907e-01 3.963620770198759260e+02 2.538474511039683250e+02
1.736558753240589059e-01 3.923546132634903643e+02 2.538474511039665344e+02
1.894427730807915489e-01 3.883471495071049162e+02 2.538474511039647155e+02
2.052296708375241918e-01 3.843396857507194113e+02 2.538474511039665344e+02
2.210165685942568070e-01 3.803322219943339064e+02 2.538474511039665344e+02
2.368034663509894222e-01 3.763247582379484015e+02 2.538474511039647155e+02
2.525903641077220652e-01 3.723172944815629535e+02 2.538474511039647155e+02
2.683772618644547081e-01 3.683098307251774486e+02 2.538474511039665344e+02
2.841641596211873511e-01 3.643023669687919437e+02 2.538474511039665344e+02
2.999510573779199385e-01 3.602949032124064388e+02 2.538474511039665344e+02
3.157379551346525814e-01 3.562874394560209339e+02 2.538474511039665344e+02
3.315248528913852244e-01 3.522799756996354290e+02 2.538474511039665344e+02
3.473117506481178118e-01 3.482725119432499241e+02 2.538474511039665344e+02
3.630986484048504548e-01 3.442650481868644192e+02 2.538474511039629249e+02
3.788855461615830977e-01 3.402575844304790280e+02 2.538474511039629249e+02
3.946724439183157407e-01 3.362501206740935231e+02 2.538474511039665344e+02
4.104593416750483836e-01 3.322426569177080182e+02 2.538474511039665344e+02
4.262462394317809711e-01 3.282351931613225133e+02 2.538474511039665344e+02
4.420331371885136140e-01 3.242277294049370084e+02 2.538474511039665344e+02
4.578200349452462570e-01 3.202202656485515035e+02 2.538474511039665344e+02
4.736069327019788444e-01 3.162128018921659987e+02 2.538474511039665344e+02
4.893938304587114874e-01 3.122053381357804938e+02 2.538474511039665344e+02
5.051807282154441303e-01 3.081978743793949889e+02 2.538474511039665344e+02
5.209676259721767178e-01 3.041904106230094840e+02 2.538474511039665344e+02
5.367545237289094162e-01 3.001829468666239791e+02 2.538474511039665344e+02
5.525414214856420037e-01 2.961754831102384742e+02 2.538474511039665344e+02
5.683283192423747021e-01 2.921680193538529693e+02 2.538474511039647155e+02
5.841152169991072896e-01 2.881605555974675212e+02 2.538474511039629249e+02
5.999021147558398770e-01 2.841530918410820732e+02 2.538474511039647155e+02
6.156890125125725755e-01 2.801456280846965683e+02 2.538474511039665344e+02
6.314759102693051629e-01 2.761381643283110634e+02 2.538474511039647155e+02
6.472628080260377503e-01 2.721307005719256153e+02 2.538474511039647155e+02
6.630497057827704488e-01 2.681232368155401105e+02 2.538474511039665344e+02
6.788366035395030362e-01 2.641157730591546056e+02 2.538474511039665344e+02
6.946235012962356237e-01 2.601083093027691007e+02 2.538474511039665344e+02
7.104103990529683221e-01 2.561008455463835958e+02 2.538474511039665344e+02
7.261972968097009096e-01 2.520933817899980909e+02 2.538474511039665344e+02
7.419841945664336080e-01 2.480859180336125860e+02 2.538474511039665344e+02
7.577710923231661955e-01 2.440784542772270811e+02 2.538474511039665344e+02
7.735579900798987829e-01 2.400709905208415762e+02 2.538474511039665344e+02
7.893448878366314814e-01 2.360635267644560713e+02 2.538474511039665344e+02
8.051317855933640688e-01 2.320560630080705664e+02 2.538474511039665344e+02
8.209186833500967673e-01 2.280485992516850615e+02 2.538474511039665344e+02
8.367055811068293547e-01 2.240411354952995566e+02 2.538474511039665344e+02
8.524924788635619421e-01 2.200336717389140517e+02 2.538474511039665344e+02
8.682793766202946406e-01 2.160262079825285468e+02 2.538474511039656250e+02
8.840662743770272280e-01 2.120187442261430704e+02 2.538474511039647155e+02
8.998531721337598155e-01 2.080112804697575939e+02 2.538474511039656250e+02
9.156400698904925139e-01 2.040038167133720890e+02 2.538474511039665344e+02
9.314269676472251014e-01 1.999963529569865841e+02 2.538474511039665344e+02
9.472138654039576888e-01 1.959888892006010792e+02 2.538474511039665344e+02
9.630007631606903873e-01 1.919814254442155743e+02 2.538474511039656250e+02
9.787876609174229747e-01 1.879739616878300978e+02 2.538474511039647155e+02
9.945745586741556732e-01 1.839664979314446214e+02 2.538474511039656250e+02
1.010361456430888261e+00 1.799590341750591165e+02 2.538474511039656250e+02
1.026148354187620848e+00 1.759515704186736400e+02 2.538474511039656250e+02
1.041935251944353436e+00 1.719441066622881351e+02 2.538474511039665344e+02
1.057722149701086245e+00 1.679366429059026302e+02 2.538474511039665344e+02
1.073509047457818832e+00 1.639291791495171253e+02 2.538474511039656250e+02
1.089295945214551420e+00 1.599217153931316489e+02 2.538474511039656250e+02
1.105082842971284007e+00 1.559142516367461440e+02 2.538474511039665344e+02
1.120869740728016595e+00 1.519067878803606391e+02 2.538474511039656250e+02
1.136656638484749404e+00 1.478993241239751626e+02 2.538474511039656250e+02
1.152443536241481992e+00 1.438918603675896577e+02 2.538474511039665344e+02
1.168230433998214579e+00 1.398843966112041528e+02 2.538474511039665344e+02
1.184017331754947167e+00 1.358769328548186479e+02 2.538474511039665344e+02
1.199804229511679754e+00 1.318694690984331430e+02 2.538474511039656250e+02
1.215591127268412341e+00 1.278620053420476665e+02 2.538474511039651702e+02
1.231378025025145151e+00 1.238545415856621759e+02 2.538474511039656250e+02
1.247164922781877738e+00 1.198470778292766852e+02 2.538474511039660797e+02
1.262951820538610326e+00 1.158396140728911803e+02 2.538474511039660797e+02
1.278738718295342913e+00 1.118321503165056896e+02 2.538474511039665344e+02
1.294525616052075501e+00 1.078246865601201705e+02 2.538474511039660797e+02
1.310312513808808310e+00 1.038172228037346940e+02 2.390495894429127191e+02
1.326099411565540898e+00 1.002769837054718209e+02 2.275166690560576228e+02
1.341886309322273485e+00 9.663365801905398200e+01 2.423145307171100740e+02
1.357673207079006072e+00 9.262619426266849132e+01 2.422204334507307522e+02
1.373460104835738660e+00 8.898583958409768968e+01 2.305042072130830491e+02
1.389247002592471247e+00 8.534830155912918315e+01 2.238726855323099016e+02
1.405033900349204057e+00 8.191732919005022495e+01 2.181473998529933169e+02
1.420820798105936644e+00 7.846056016437663061e+01 2.347097708802798479e+02
1.436607695862669232e+00 7.450665087926398655e+01 2.407087341396322131e+02
1.452394593619401819e+00 7.086047181434680908e+01 2.100437457920102418e+02
1.468181491376134407e+00 6.787477260074477670e+01 2.163447343158897809e+02
1.483968389132867216e+00 6.402964741264193549e+01 2.169920472657019275e+02
1.499755286889599804e+00 6.102351007232931579e+01 1.740354110770927036e+02
1.515542184646332391e+00 5.853468893119194405e+01 1.417195086226244598e+02
1.531329082403064978e+00 5.654888728680979426e+01 1.135933323928958600e+02
1.547115980159797566e+00 5.494811628252556091e+01 9.823501496115613918e+01
1.562902877916530375e+00 5.344723501216405026e+01 9.023254208636681994e+01
1.578689775673262963e+00 5.209913245003046711e+01 5.020011663656394063e+01
1.594476673429995550e+00 5.186222679472907515e+01 2.753676773597971561e+01
1.610263571186728138e+00 5.122969217643285589e+01 5.221320681002848829e+01
1.626050468943460725e+00 5.021365767980696404e+01 6.888694884883260272e+01
1.641837366700193535e+00 4.905466973993327429e+01 7.307746773228267045e+01
1.657624264456926122e+00 4.790632465698601550e+01 7.339240391364086236e+01
1.673411162213658709e+00 4.673739298652233032e+01 7.889703927592110233e+01
1.689198059970391297e+00 4.541524567227024534e+01 8.922587605417550094e+01
1.704984957727123884e+00 4.392019342147799676e+01 9.750054014747307463e+01
1.720771855483856472e+00 4.233678355520152081e+01 9.799592833400376435e+01
1.736558753240589281e+00 4.082609001910796565e+01 8.993156817532852187e+01
1.752345650997321869e+00 3.949730261142843801e+01 8.374091023809748435e+01
1.768132548754054456e+00 3.818207164313882629e+01 7.970688057862159326e+01
1.783919446510787044e+00 3.698065386302284452e+01 7.275316707858931409e+01
1.799706344267519631e+00 3.588497802284247484e+01 7.117127931463068080e+01
1.815493242024252440e+00 3.473350644351097571e+01 7.006157190761877018e+01
1.831280139780985028e+00 3.367286827807937755e+01 6.948388541470382052e+01
1.847067037537717615e+00 3.253963645394606630e+01 7.727403854928938642e+01
1.862853935294450203e+00 3.123303358642448302e+01 8.203967774993870421e+01
1.878640833051182790e+00 2.994933244467891598e+01 8.024621239572009301e+01
1.894427730807915378e+00 2.869935608551191564e+01 7.940359259877342879e+01
1.910214628564648187e+00 2.744225964893074021e+01 7.922993330185391869e+01
1.926001526321380775e+00 2.619776637289368892e+01 8.193650961863241378e+01
1.941788424078113362e+00 2.485521304914496099e+01 8.220474879971419568e+01
1.957575321834845949e+00 2.360225044405573414e+01 7.648633321663822926e+01
1.973362219591578537e+00 2.244024920458805994e+01 7.336883591875016464e+01
1.989149117348311346e+00 2.128571782169613158e+01 7.301261850634074335e+01
2.004936015105043712e+00 2.013496371796620821e+01 7.162498679765955956e+01
2.020722912861776521e+00 1.902424513489217972e+01 6.945198811271596639e+01
2.036509810618509331e+00 1.794210084729169452e+01 6.530892217812601075e+01
2.052296708375241696e+00 1.696219458083521303e+01 6.159902738274969636e+01
2.068083606131974506e+00 1.599718575288040867e+01 6.068432994614653353e+01
2.083870503888706871e+00 1.504615995624392610e+01 5.850423144410545717e+01
2.099657401645439680e+00 1.414998511259177860e+01 5.632846362160432108e+01
2.115444299402172490e+00 1.326765656426772466e+01 5.519464750724373658e+01
2.131231197158904855e+00 1.240728059876026990e+01 5.272014643524602917e+01
2.147018094915637665e+00 1.160308144128132213e+01 5.033596849575733501e+01
2.162804992672370030e+00 1.081798302250299848e+01 4.775284079846006335e+01
2.178591890429102840e+00 1.009534301072368301e+01 4.428594190048373491e+01
2.194378788185835649e+00 9.419707748815921988e+00 4.191238186045742964e+01
2.210165685942568015e+00 8.772010036379329634e+00 3.822760656743211172e+01
2.225952583699300824e+00 8.212717116086619029e+00 3.284373343883091678e+01
2.241739481456033189e+00 7.735008712882921245e+00 2.939410067266300075e+01
2.257526379212765999e+00 7.284633792145745801e+00 2.608752848181031325e+01
2.273313276969498808e+00 6.911326423146541664e+00 2.240641819868098850e+01
2.289100174726231174e+00 6.577178125751405702e+00 1.907195637149053979e+01
2.304887072482963983e+00 6.309152372631368522e+00 1.394255882017713688e+01
2.320673970239696349e+00 6.136958624628671366e+00 1.027757342074888314e+01
2.336460867996429158e+00 5.984650371070017627e+00 8.405154515484934308e+00
2.352247765753161524e+00 5.871575994697670886e+00 4.542925369688655124e+00
2.368034663509894333e+00 5.841212974414534465e+00 7.864399653955306269e-01
2.383821561266627143e+00 5.846745100046655708e+00 -1.705422858192630509e+00
2.399608459023359508e+00 5.895059647003098036e+00 -3.948406801253874221e+00
2.415395356780092317e+00 5.971411288993420996e+00 -4.571367336396358283e+00
2.431182254536824683e+00 6.039395064499410992e+00 -5.888867682730080766e+00
2.446969152293557492e+00 6.157345193013794571e+00 -7.008107566949074219e+00
2.462756050050290302e+00 6.260667619754629598e+00 -5.929893712432503960e+00
2.478542947807022667e+00 6.344574444506721811e+00 -4.998217782236742401e+00
2.494329845563755477e+00 6.418480325942738318e+00 -3.713273459081647854e+00
2.510116743320487842e+00 6.461816581389343561e+00 -1.898399329048655382e+00
2.525903641077220652e+00 6.478419998161020210e+00 -6.301170386090484410e-01
2.541690538833953461e+00 6.481711767915935951e+00 1.573278479017043541e+00
2.557477436590685826e+00 6.428745625178800438e+00 3.555348566754947814e+00
2.573264334347418636e+00 6.369455919290123447e+00 5.024794710105751072e+00
2.589051232104151001e+00 6.270093784504779499e+00 7.346712222668600134e+00
2.604838129860883811e+00 6.137492329875309238e+00 8.787262000138795770e+00
2.620625027617616620e+00 5.992646570989153432e+00 9.861552088222419243e+00
2.636411925374348986e+00 5.826125700796388251e+00 1.212080346783761797e+01
2.652198823131081795e+00 5.609946800836747904e+00 1.525919187464816318e+01
2.667985720887814161e+00 5.344335096845516553e+00 1.717937958415460287e+01
2.683772618644546970e+00 5.067528582798450643e+00 1.791599939317767820e+01
2.699559516401279780e+00 4.778658995585956859e+00 1.894535050654818065e+01
2.715346414158012145e+00 4.469351959973772992e+00 2.009374824535098014e+01
2.731133311914744954e+00 4.144223097388193722e+00 2.110909216167140201e+01
2.746920209671477320e+00 3.802857800586267878e+00 2.109441827363214017e+01
2.762707107428210129e+00 3.478192248341027693e+00 1.969207997277516853e+01
2.778494005184942495e+00 3.181104094291060225e+00 1.916167569923542047e+01
2.794280902941675304e+00 2.873185418118032075e+00 1.919753626955455061e+01
2.810067800698408114e+00 2.574965009753812151e+00 1.724485233346201341e+01
2.825854698455140479e+00 2.328699976881398293e+00 1.513010850843111221e+01
2.841641596211873289e+00 2.097250057612067398e+00 1.336126840894198686e+01
2.857428493968605654e+00 1.906834020336940716e+00 1.134534498515052370e+01
2.873215391725338463e+00 1.739034455021206238e+00 9.219516637176033313e+00
2.889002289482071273e+00 1.615738887301753746e+00 7.178269394809575488e+00
2.904789187238803638e+00 1.512389245008922689e+00 4.098366219591571991e+00
2.920576084995536448e+00 1.486337910345075786e+00 2.590729702935954837e+00
2.936362982752268813e+00 1.430590075137762263e+00 2.899075773380940468e+00
2.952149880509001623e+00 1.394803084698304829e+00 1.227672089382809251e+00
2.967936778265734432e+00 1.391827807630000802e+00 -1.356091150498252018e+00
2.983723676022466798e+00 1.437620029381756481e+00 -3.465943837519086301e+00
2.999510573779199607e+00 1.501260809616983494e+00 -6.802205022989330274e+00
3.015297471535931972e+00 1.652391459818287833e+00 -7.380230415151173951e+00
3.031084369292664782e+00 1.734282695587223477e+00 -7.707584034688631291e+00
3.046871267049397591e+00 1.895749142032396195e+00 -1.131581211196306391e+01
3.062658164806129957e+00 2.091565833279138698e+00 -9.939882664809621460e+00
3.078445062562862766e+00 2.209588964718933290e+00 -4.662187105950824417e+00
3.094231960319595132e+00 2.238768775607944406e+00 -3.025793615540124826e+00
3.110018858076327941e+00 2.305124753601945908e+00 -3.660892680949437317e+00
3.125805755833060751e+00 2.354357052512983550e+00 -3.160424510631690609e+00
3.141592653589793116e+00 2.404911350836374417e+00 -3.202294656138569451e+00
