0.000000000000000000e+00 1.625518249550081293e+02 1.066836742913940483e+01
1.578689775673262907e-02 1.623834045291730490e+02 2.133673485827880967e+01
3.157379551346525814e-02 1.618781432516678080e+02 4.267346971655761934e+01
4.736069327019788722e-02 1.610360411224924064e+02 6.401020457483643611e+01
6.314759102693051629e-02 1.598570981416468442e+02 7.467857200397673978e+01
7.893448878366314536e-02 1.586781551608012535e+02 7.467857200397583028e+01
9.472138654039577443e-02 1.574992121799557196e+02 7.467857200397493500e+01
1.105082842971284035e-01 1.563202691991101574e+02 7.467857200397583028e+01
1.262951820538610326e-01 1.551413262182645951e+02 7.467857200397583028e+01
1.420820798105936755e-01 1.539623832374190329e+02 7.467857200397583028e+01
1.578689775673262907e-01 1.527834402565734706e+02 7.467857200397583028e+01
1.736558753240589059e-01 1.516044972757279083e+02 7.467857200397583028e+01
1.894427730807915489e-01 1.504255542948823461e+02 7.467857200397583028e+01
2.052296708375241918e-01 1.492466113140367838e+02 7.467857200397583028e+01
2.210165685942568070e-01 1.480676683331912216e+02 7.467857200397583028e+01
2.368034663509894222e-01 1.468887253523456593e+02 7.467857200397583028e+01
2.525903641077220652e-01 1.457097823715000970e+02 7.467857200397583028e+01
2.683772618644547081e-01 1.445308393906545348e+02 7.467857200397583028e+01
2.841641596211873511e-01 1.433518964098089725e+02 7.467857200397583028e+01
2.999510573779199385e-01 1.421729534289634103e+02 7.467857200397583028e+01
3.157379551346525814e-01 1.409940104481178480e+02 7.467857200397583028e+01
3.315248528913852244e-01 1.398150674672722857e+02 7.467857200397583028e+01
3.473117506481178118e-01 1.386361244864267235e+02 7.467857200397583028e+01
3.630986484048504548e-01 1.374571815055811612e+02 7.467857200397583028e+01
3.788855461615830977e-01 1.362782385247355990e+02 7.467857200397583028e+01
3.946724439183157407e-01 1.350992955438900367e+02 7.467857200397583028e+01
4.104593416750483836e-01 1.339203525630444744e+02 7.467857200397583028e+01
4.262462394317809711e-01 1.327414095821989122e+02 7.467857200397583028e+01
4.420331371885136140e-01 1.315624666013533499e+02 7.467857200397583028e+01
4.578200349452462570e-01 1.303835236205077877e+02 7.467857200397583028e+01
4.736069327019788444e-01 1.292045806396622254e+02 7.467857200397583028e+01
4.893938304587114874e-01 1.280256376588166631e+02 7.467857200397583028e+01
5.051807282154441303e-01 1.268466946779711009e+02 7.467857200397583028e+01
5.209676259721767178e-01 1.256677516971255386e+02 7.467857200397583028e+01
5.367545237289094162e-01 1.244888087162799764e+02 7.467857200397583028e+01
5.525414214856420037e-01 1.233098657354344141e+02 7.467857200397583028e+01
5.683283192423747021e-01 1.221309227545888518e+02 7.467857200397583028e+01
5.841152169991072896e-01 1.209519797737432896e+02 7.467857200397583028e+01
5.999021147558398770e-01 1.197730367928977273e+02 7.467857200397583028e+01
6.156890125125725755e-01 1.185940938120521650e+02 7.467857200397583028e+01
6.314759102693051629e-01 1.174151508312066028e+02 7.467857200397583028e+01
6.472628080260377503e-01 1.162362078503610405e+02 7.467857200397583028e+01
6.630497057827704488e-01 1.150572648695154783e+02 7.467857200397583028e+01
6.788366035395030362e-01 1.138783218886699160e+02 7.467857200397583028e+01
6.946235012962356237e-01 1.126993789078243537e+02 7.467857200397583028e+01
7.104103990529683221e-01 1.115204359269787915e+02 7.467857200397583028e+01
7.261972968097009096e-01 1.103414929461332292e+02 7.467857200397583028e+01
7.419841945664336080e-01 1.091625499652876670e+02 7.467857200397583028e+01
7.577710923231661955e-01 1.079836069844421047e+02 7.467857200397583028e+01
7.735579900798987829e-01 1.068046640035965424e+02 7.467857200397583028e+01
7.893448878366314814e-01 1.056257210227509802e+02 7.467857200397583028e+01
8.051317855933640688e-01 1.044467780419054179e+02 7.467857200397583028e+01
8.209186833500967673e-01 1.032678350610598557e+02 7.467857200397583028e+01
8.367055811068293547e-01 1.020888920802142934e+02 7.467857200397583028e+01
8.524924788635619421e-01 1.009099490993687311e+02 7.467857200397583028e+01
8.682793766202946406e-01 9.973100611852316888e+01 7.467857200397583028e+01
8.840662743770272280e-01 9.855206313767760662e+01 7.467857200397583028e+01
8.998531721337598155e-01 9.737312015683204436e+01 7.467857200397583028e+01
9.156400698904925139e-01 9.619417717598648210e+01 7.467857200397583028e+01
9.314269676472251014e-01 9.501523419514091984e+01 7.467857200397583028e+01
9.472138654039576888e-01 9.383629121429535758e+01 7.467857200397583028e+01
9.630007631606903873e-01 9.265734823344979532e+01 7.467857200397583028e+01
9.787876609174229747e-01 9.147840525260423306e+01 7.467857200397583028e+01
9.945745586741556732e-01 9.029946227175867079e+01 7.467857200397583028e+01
1.010361456430888261e+00 8.912051929091310853e+01 7.467857200397583028e+01
1.026148354187620848e+00 8.794157631006754627e+01 7.467857200397583028e+01
1.041935251944353436e+00 8.676263332922198401e+01 7.467857200397583028e+01
1.057722149701086245e+00 8.558369034837642175e+01 7.467857200397583028e+01
1.073509047457818832e+00 8.440474736753085949e+01 7.467857200397583028e+01
1.089295945214551420e+00 8.322580438668529723e+01 7.467857200397583028e+01
1.105082842971284007e+00 8.204686140583973497e+01 7.467857200397583028e+01
1.120869740728016595e+00 8.086791842499417271e+01 7.467857200397583028e+01
1.136656638484749404e+00 7.968897544414861045e+01 7.467857200397583028e+01
1.152443536241481992e+00 7.851003246330304819e+01 7.467857200397583028e+01
1.168230433998214579e+00 7.733108948245748593e+01 7.467857200397583028e+01
1.184017331754947167e+00 7.615214650161192367e+01 7.467857200397583028e+01
1.199804229511679754e+00 7.497320352076636141e+01 7.467857200397583028e+01
1.215591127268412341e+00 7.379426053992079915e+01 7.467857200397583028e+01
1.231378025025145151e+00 7.261531755907523689e+01 7.467857200397583028e+01
1.247164922781877738e+00 7.143637457822967463e+01 7.467857200397583028e+01
1.262951820538610326e+00 7.025743159738411237e+01 7.467857200397583028e+01
1.278738718295342913e+00 6.907848861653855010e+01 7.467857200397583028e+01
1.294525616052075501e+00 6.789954563569298784e+01 7.467857200397583028e+01
1.310312513808808310e+00 6.672060265484742558e+01 7.467857200397583028e+01
1.326099411565540898e+00 6.554165967400186332e+01 6.992203619068517639e+01
1.341886309322273485e+00 6.451289858227761442e+01 6.040896456410319360e+01
1.357673207079006072e+00 6.363431937967470020e+01 6.516550037739385459e+01
1.373460104835738660e+00 6.245537639882913794e+01 7.451582372859381564e+01
1.389247002592471247e+00 6.128157199875065686e+01 7.927235954188469691e+01
1.405033900349204057e+00 5.995244712878377413e+01 8.185987088206843509e+01
1.420820798105936644e+00 5.869694517476155937e+01 8.234179906865502119e+01
1.436607695862669232e+00 5.735260400277921633e+01 9.177928944833563207e+01
1.452394593619401819e+00 5.579912465734867055e+01 1.003031517454758585e+02
1.468181491376134407e+00 5.418565280021148567e+01 7.847336668021947048e+01
1.483968389132867216e+00 5.332142262453424308e+01 5.842751149651549269e+01
1.499755286889599804e+00 5.234087449985986495e+01 4.220935554848360738e+01
1.515542184646332391e+00 5.198871306369127154e+01 2.900503973311917605e+01
1.531329082403064978e+00 5.142507530646642522e+01 3.592889604512697588e+01
1.547115980159797566e+00 5.085430144693788179e+01 3.369988333599327035e+01
1.562902877916530375e+00 5.036104208118813830e+01 3.531452261157848227e+01
1.578689775673262963e+00 4.973928793134425774e+01 5.853873817424613435e+01
1.594476673429995550e+00 4.851275193245820816e+01 7.658489896179331424e+01
1.610263571186728138e+00 4.732121199210519791e+01 1.000840758009023972e+02
1.626050468943460725e+00 4.535271778896635908e+01 1.179349475074315592e+02
1.641837366700193535e+00 4.359755807561429464e+01 1.107815657658101998e+02
1.657624264456926122e+00 4.185492328481516466e+01 1.109489101860901883e+02
1.673411162213658709e+00 4.009447987295686033e+01 1.141236997917729354e+02
1.689198059970391297e+00 3.825160492434962833e+01 1.141275163195754772e+02
1.704984957727123884e+00 3.649104101022291502e+01 9.998983514289500363e+01
1.720771855483856472e+00 3.509454631612275932e+01 7.394207728851128536e+01
1.736558753240589281e+00 3.415640898207461618e+01 5.872893299433274450e+01
1.752345650997321869e+00 3.324025099503569436e+01 5.084027103179925433e+01
1.768132548754054456e+00 3.255118866066743522e+01 4.313222713786764473e+01
1.783919446510787044e+00 3.187840287534432449e+01 3.844797557174475600e+01
1.799706344267519631e+00 3.133724014205845876e+01 3.225304431630678437e+01
1.815493242024252440e+00 3.086005184941452129e+01 4.121790448470663648e+01
1.831280139780985028e+00 3.003583445436478883e+01 5.816922854313050095e+01
1.847067037537717615e+00 2.902342852221769220e+01 6.898777875192628528e+01
1.862853935294450203e+00 2.785762843512328502e+01 7.871726956066186176e+01
1.878640833051182790e+00 2.653802554973103156e+01 8.380111926433099256e+01
1.894427730807915378e+00 2.521170903167178423e+01 8.594040981180702943e+01
1.910214628564648187e+00 2.382456062398963326e+01 8.661244718706464596e+01
1.926001526321380775e+00 2.247702533526659607e+01 8.289523240419524086e+01
1.941788424078113362e+00 2.120724350701839356e+01 7.857638827942811588e+01
1.957575321834845949e+00 1.999607051954528458e+01 7.515168774268877883e+01
1.973362219591578537e+00 1.883441948573894464e+01 7.264955351143464668e+01
1.989149117348311346e+00 1.770224837283069519e+01 7.046424823361329004e+01
2.004936015105043712e+00 1.660959572100078319e+01 6.603296579597203220e+01
2.020722912861776521e+00 1.561733701364102878e+01 6.274288943910025296e+01
2.036509810618509331e+00 1.462856455992667293e+01 6.127396541603130942e+01
2.052296708375241696e+00 1.368268535929611396e+01 5.963994231055956874e+01
2.068083606131974506e+00 1.274550521697820038e+01 5.659551128325549030e+01
2.083870503888706871e+00 1.189575025905858929e+01 5.231535769315263451e+01
2.099657401645439680e+00 1.109371081096080758e+01 5.008420997856248391e+01
2.115444299402172490e+00 1.031440165474200121e+01 4.865066502845979102e+01
2.131231197158904855e+00 9.557624661758122642e+00 4.633371170585218124e+01
2.147018094915637665e+00 8.851470515961572971e+00 4.403440962766526212e+01
2.162804992672370030e+00 8.167291216618053795e+00 4.089851500132788686e+01
2.178591890429102840e+00 7.560149166505254925e+00 3.791782308163724480e+01
2.194378788185835649e+00 6.970081624322686409e+00 3.585397202860787047e+01
2.210165685942568015e+00 6.428103185328486902e+00 3.271001199750077149e+01
2.225952583699300824e+00 5.937302394270601802e+00 2.915301894881022449e+01
2.241739481456033189e+00 5.507631726438575015e+00 2.524495228560011384e+01
2.257526379212765999e+00 5.140223433057876434e+00 2.118521373269683394e+01
2.273313276969498808e+00 4.838734120133349137e+00 1.722646913335664820e+01
2.289100174726231174e+00 4.596318419222252594e+00 1.259292104756267605e+01
2.304887072482963983e+00 4.441127806060392480e+00 7.798743458618345947e+00
2.320673970239696349e+00 4.350082487997862124e+00 3.697870682414659882e+00
2.336460867996429158e+00 4.324371993298593786e+00 -7.028977867574766059e-01
2.352247765753161524e+00 4.372275638983809998e+00 -4.812258471971970764e+00
2.368034663509894333e+00 4.476313258250577576e+00 -8.856754745486743019e+00
2.383821561266627143e+00 4.651917002230721465e+00 -1.209163741797384439e+01
2.399608459023359508e+00 4.858092145508648763e+00 -1.365367704044360764e+01
2.415395356780092317e+00 5.083015409112583427e+00 -1.578886411106314647e+01
2.431182254536824683e+00 5.356606512341246962e+00 -1.834923874977735991e+01
2.446969152293557492e+00 5.662370521225806641e+00 -1.903887328089166431e+01
2.462756050050290302e+00 5.957736004118897810e+00 -1.835486968606183211e+01
2.478542947807022667e+00 6.241903423369825177e+00 -1.727039315036090272e+01
2.494329845563755477e+00 6.503027865885544045e+00 -1.638070473260242466e+01
2.510116743320487842e+00 6.759104444963466740e+00 -1.547757795443171958e+01
2.525903641077220652e+00 6.991713747262489065e+00 -1.290503869560040506e+01
2.541690538833953461e+00 7.166565497831710374e+00 -8.709934115108731945e+00
2.557477436590685826e+00 7.266719425948687139e+00 -5.628291191417437389e+00
2.573264334347418636e+00 7.344272012999762289e+00 -5.118897086160472121e+00
2.589051232104151001e+00 7.428342435801591037e+00 -3.422957180554552004e+00
2.604838129860883811e+00 7.452347763069939290e+00 1.178981656990559373e-01
2.620625027617616620e+00 7.424619943226396401e+00 2.184492792654507909e+00
2.636411925374348986e+00 7.383375034334027198e+00 4.112270482302882613e+00
2.652198823131081795e+00 7.294779955922106041e+00 6.162121720923643409e+00
2.667985720887814161e+00 7.188813463188501451e+00 8.228015515156759108e+00
2.683772618644546970e+00 7.034990276564927036e+00 1.219870942496680755e+01
2.699559516401279780e+00 6.803653906276418084e+00 1.497166300033933162e+01
2.715346414158012145e+00 6.562278050495699233e+00 1.551214630168601438e+01
2.731133311914744954e+00 6.313876570972027480e+00 1.810900164254058708e+01
2.746920209671477320e+00 5.990508135681116286e+00 2.028428462882577676e+01
2.762707107428210129e+00 5.673424715964555887e+00 2.011824645776546916e+01
2.778494005184942495e+00 5.355298735934132637e+00 1.970321031846486193e+01
2.794280902941675304e+00 5.051319582410547682e+00 1.932382456596647913e+01
2.810067800698408114e+00 4.745172250550230508e+00 1.902411958045519924e+01
2.825854698455140479e+00 4.450655920953544786e+00 1.911021516867721814e+01
2.841641596211873289e+00 4.141790224596094028e+00 1.685277535344504685e+01
2.857428493968605654e+00 3.918549838109503636e+00 1.241607168419236018e+01
2.873215391725338463e+00 3.749767716158878272e+00 9.545725372256303132e+00
2.889002289482071273e+00 3.617155057178186084e+00 8.297250939298832506e+00
2.904789187238803638e+00 3.487792011677549375e+00 5.954289396373939169e+00
2.920576084995536448e+00 3.429155541349080849e+00 2.419076550575480766e+00
2.936362982752268813e+00 3.411412583338260252e+00 -1.139371170376002329e+00
2.952149880509001623e+00 3.465129813696470329e+00 -3.190376861002460096e+00
2.967936778265734432e+00 3.512144889958443095e+00 -2.850360549384659326e+00
2.983723676022466798e+00 3.555126514822390060e+00 -3.627133796630769957e+00
2.999510573779199607e+00 3.626667270753241912e+00 -7.792919209007861170e+00
3.015297471535931972e+00 3.801178552380559683e+00 -1.100277721420385113e+01
3.031084369292664782e+00 3.974066708594729214e+00 -1.297836315278471986e+01
3.046871267049397591e+00 4.210954736666076670e+00 -1.766042075844018200e+01
3.062658164806129957e+00 4.531673222303476578e+00 -2.318671248634711901e+01
3.078445062562862766e+00 4.943047255339512169e+00 -2.344945835904167453e+01
3.094231960319595132e+00 5.272061625433376975e+00 -2.232305552588760378e+01
3.110018858076327941e+00 5.647870845749618063e+00 -1.975043658197454732e+01
3.125805755833060751e+00 5.895657871374305081e+00 -1.855138630098725372e+01
3.141592653589793116e+00 6.233608523308290295e+00 -2.140703367701609494e+01
