0.000000000000000000e+00 1.684965065096254477e+02 1.177470101907076305e+01
1.578689775673262907e-02 1.683106205085212821e+02 2.354940203814062727e+01
3.157379551346525814e-02 1.677529625052088136e+02 4.709880407628125454e+01
4.736069327019788722e-02 1.668235324996880138e+02 7.064820611442277709e+01
6.314759102693051629e-02 1.655223304919588827e+02 8.242290713349264308e+01
7.893448878366314536e-02 1.642211284842297800e+02 8.242290713349174780e+01
9.472138654039577443e-02 1.629199264765006774e+02 8.242290713349264308e+01
1.105082842971284035e-01 1.616187244687715463e+02 8.242290713349355258e+01
1.262951820538610326e-01 1.603175224610424152e+02 8.242290713349264308e+01
1.420820798105936755e-01 1.590163204533133126e+02 8.242290713349174780e+01
1.578689775673262907e-01 1.577151184455842099e+02 8.242290713349264308e+01
1.736558753240589059e-01 1.564139164378550788e+02 8.242290713349355258e+01
1.894427730807915489e-01 1.551127144301259477e+02 8.242290713349355258e+01
2.052296708375241918e-01 1.538115124223968166e+02 8.242290713349264308e+01
2.210165685942568070e-01 1.525103104146677140e+02 8.242290713349264308e+01
2.368034663509894222e-01 1.512091084069385829e+02 8.242290713349264308e+01
2.525903641077220652e-01 1.499079063992094802e+02 8.242290713349264308e+01
2.683772618644547081e-01 1.486067043914803492e+02 8.242290713349355258e+01
2.841641596211873511e-01 1.473055023837512181e+02 8.242290713349264308e+01
2.999510573779199385e-01 1.460043003760221154e+02 8.242290713349174780e+01
3.157379551346525814e-01 1.447030983682930128e+02 8.242290713349264308e+01
3.315248528913852244e-01 1.434018963605638817e+02 8.242290713349355258e+01
3.473117506481178118e-01 1.421006943528347506e+02 8.242290713349264308e+01
3.630986484048504548e-01 1.407994923451056479e+02 8.242290713349264308e+01
3.788855461615830977e-01 1.394982903373765168e+02 8.242290713349355258e+01
3.946724439183157407e-01 1.381970883296473858e+02 8.242290713349264308e+01
4.104593416750483836e-01 1.368958863219182831e+02 8.242290713349174780e+01
4.262462394317809711e-01 1.355946843141891804e+02 8.242290713349264308e+01
4.420331371885136140e-01 1.342934823064600494e+02 8.242290713349355258e+01
4.578200349452462570e-01 1.329922802987309183e+02 8.242290713349264308e+01
4.736069327019788444e-01 1.316910782910018156e+02 8.242290713349264308e+01
4.893938304587114874e-01 1.303898762832726845e+02 8.242290713349264308e+01
5.051807282154441303e-01 1.290886742755435819e+02 8.242290713349264308e+01
5.209676259721767178e-01 1.277874722678144508e+02 8.242290713349309783e+01
5.367545237289094162e-01 1.264862702600853339e+02 8.242290713349264308e+01
5.525414214856420037e-01 1.251850682523562170e+02 8.242290713349264308e+01
5.683283192423747021e-01 1.238838662446271002e+02 8.242290713349264308e+01
5.841152169991072896e-01 1.225826642368979833e+02 8.242290713349309783e+01
5.999021147558398770e-01 1.212814622291688522e+02 8.242290713349309783e+01
6.156890125125725755e-01 1.199802602214397353e+02 8.242290713349264308e+01
6.314759102693051629e-01 1.186790582137106185e+02 8.242290713349220255e+01
6.472628080260377503e-01 1.173778562059815158e+02 8.242290713349264308e+01
6.630497057827704488e-01 1.160766541982523847e+02 8.242290713349264308e+01
6.788366035395030362e-01 1.147754521905232821e+02 8.242290713349220255e+01
6.946235012962356237e-01 1.134742501827941652e+02 8.242290713349355258e+01
7.104103990529683221e-01 1.121730481750650199e+02 8.242290713349309783e+01
7.261972968097009096e-01 1.108718461673359172e+02 8.242290713349264308e+01
7.419841945664336080e-01 1.095706441596067862e+02 8.242290713349264308e+01
7.577710923231661955e-01 1.082694421518776835e+02 8.242290713349220255e+01
7.735579900798987829e-01 1.069682401441485666e+02 8.242290713349355258e+01
7.893448878366314814e-01 1.056670381364194213e+02 8.242290713349309783e+01
8.051317855933640688e-01 1.043658361286903187e+02 8.242290713349264308e+01
8.209186833500967673e-01 1.030646341209611876e+02 8.242290713349264308e+01
8.367055811068293547e-01 1.017634321132320849e+02 8.242290713349220255e+01
8.524924788635619421e-01 1.004622301055029681e+02 8.242290713349355258e+01
8.682793766202946406e-01 9.916102809777382276e+01 8.242290713349309783e+01
8.840662743770272280e-01 9.785982609004472010e+01 8.242290713349220255e+01
8.998531721337598155e-01 9.655862408231560323e+01 8.242290713349264308e+01
9.156400698904925139e-01 9.525742207458648636e+01 8.242290713349264308e+01
9.314269676472251014e-01 9.395622006685736949e+01 8.242290713349355258e+01
9.472138654039576888e-01 9.265501805912822419e+01 8.242290713349309783e+01
9.630007631606903873e-01 9.135381605139912153e+01 8.242290713349220255e+01
9.787876609174229747e-01 9.005261404367000466e+01 8.242290713349264308e+01
9.945745586741556732e-01 8.875141203594088779e+01 8.242290713349264308e+01
1.010361456430888261e+00 8.745021002821177092e+01 8.242290713349309783e+01
1.026148354187620848e+00 8.614900802048263984e+01 8.242290713349309783e+01
1.041935251944353436e+00 8.484780601275352296e+01 8.242290713349264308e+01
1.057722149701086245e+00 8.354660400502440609e+01 8.242290713349264308e+01
1.073509047457818832e+00 8.224540199729528922e+01 8.242290713349264308e+01
1.089295945214551420e+00 8.094419998956617235e+01 8.242290713349309783e+01
1.105082842971284007e+00 7.964299798183704127e+01 8.242290713349264308e+01
1.120869740728016595e+00 7.834179597410793860e+01 8.242290713349220255e+01
1.136656638484749404e+00 7.704059396637882173e+01 8.242290713349264308e+01
1.152443536241481992e+00 7.573939195864970486e+01 8.242290713349264308e+01
1.168230433998214579e+00 7.443818995092058799e+01 8.242290713349309783e+01
1.184017331754947167e+00 7.313698794319145691e+01 8.242290713349264308e+01
1.199804229511679754e+00 7.183578593546235425e+01 8.242290713349220255e+01
1.215591127268412341e+00 7.053458392773323737e+01 8.242290713349309783e+01
1.231378025025145151e+00 6.923338192000410629e+01 8.242290713349264308e+01
1.247164922781877738e+00 6.793217991227500363e+01 8.242290713349220255e+01
1.262951820538610326e+00 6.663097790454588676e+01 8.242290713349309783e+01
1.278738718295342913e+00 6.532977589681675568e+01 8.242290713349309783e+01
1.294525616052075501e+00 6.402857388908763880e+01 8.242290713349287046e+01
1.310312513808808310e+00 6.272737188135851483e+01 8.242290713349264308e+01
1.326099411565540898e+00 6.142616987362940506e+01 8.242290713349241571e+01
1.341886309322273485e+00 6.012496786590028819e+01 8.242290713349309783e+01
1.357673207079006072e+00 5.882376585817115711e+01 8.242290713349287046e+01
1.373460104835738660e+00 5.752256385044204734e+01 8.242290713349264308e+01
1.389247002592471247e+00 5.622136184271292336e+01 8.242290713349287046e+01
1.405033900349204057e+00 5.492015983498380649e+01 7.902767532487003166e+01
1.420820798105936644e+00 5.372615818210095284e+01 8.395166841528507007e+01
1.436607695862669232e+00 5.226948702342535569e+01 8.734690022390790887e+01
1.452394593619401819e+00 5.096828501569623171e+01 6.446076632609722878e+01
1.468181491376134407e+00 5.023421596880389473e+01 4.595941126149219258e+01
1.483968389132867216e+00 4.951717196260662490e+01 4.733053055805859088e+01
1.499755286889599804e+00 4.873981147541993408e+01 5.067682008078136846e+01
1.515542184646332391e+00 4.791711240810336392e+01 5.340897488330308818e+01
1.531329082403064978e+00 4.705348742387072036e+01 4.168593326488075235e+01
1.547115980159797566e+00 4.660092927541005992e+01 2.711459950265196639e+01
1.562902877916530375e+00 4.619737660374448041e+01 4.242213207603038683e+01
1.578689775673262963e+00 4.526150155199626113e+01 5.614976793966147994e+01
1.594476673429995550e+00 4.442451531268908127e+01 4.903287824673907380e+01
1.610263571186728138e+00 4.371334748079708277e+01 4.025624969371649797e+01
1.626050468943460725e+00 4.315347271672067819e+01 3.601060119717913466e+01
1.641837366700193535e+00 4.257635612228040145e+01 4.388297669011105029e+01
1.657624264456926122e+00 4.176792058418494946e+01 6.068634727937670448e+01
1.673411162213658709e+00 4.066025780282222257e+01 7.314481179101301223e+01
1.689198059970391297e+00 3.945846125382460201e+01 8.149440667697228946e+01
1.704984957727123884e+00 3.808717007091232176e+01 8.906323254453671723e+01
1.720771855483856472e+00 3.664639696169519567e+01 9.467864826869802641e+01
1.736558753240589281e+00 3.509780579098514863e+01 1.022474878261674149e+02
1.752345650997321869e+00 3.341805568930625725e+01 1.046559178577052194e+02
1.768132548754054456e+00 3.179342124127194680e+01 1.000673169365485506e+02
1.783919446510787044e+00 3.025855068677055471e+01 9.467594542394706991e+01
1.799706344267519631e+00 2.880414230041224499e+01 8.950516178095382713e+01
1.815493242024252440e+00 2.743253301129909261e+01 8.686311435078241061e+01
1.831280139780985028e+00 2.606154409023789142e+01 8.688861327937317469e+01
1.847067037537717615e+00 2.468912970316760180e+01 8.351837905409854557e+01
1.862853935294450203e+00 2.342455186836770409e+01 7.845536561913826290e+01
1.878640833051182790e+00 2.221199603217477758e+01 7.691805680213087726e+01
1.894427730807915378e+00 2.099595687160411828e+01 7.784150276311370931e+01
1.910214628564648187e+00 1.975424434147138442e+01 7.929945920014090177e+01
1.926001526321380775e+00 1.849217196249048811e+01 7.924459668579734739e+01
1.941788424078113362e+00 1.725219165016699208e+01 7.741377342015930196e+01
1.957575321834845949e+00 1.604792531059664640e+01 7.613327890679074983e+01
1.973362219591578537e+00 1.484837507019436309e+01 7.614658979452070753e+01
1.989149117348311346e+00 1.364368845537672925e+01 7.470060636288673095e+01
2.004936015105043712e+00 1.248979340016071582e+01 7.124093094394763170e+01
2.020722912861776521e+00 1.139434186956362716e+01 6.727312363842797538e+01
2.036509810618509331e+00 1.036572555084892500e+01 6.304299936747029420e+01
2.052296708375241696e+00 9.403835098979600460e+00 5.929164482056441443e+01
2.068083606131974506e+00 8.493663281627412687e+00 5.481915173080643200e+01
2.083870503888706871e+00 7.672986412009493051e+00 4.792372291792651140e+01
2.099657401645439680e+00 6.980529453972832421e+00 4.044053450606993749e+01
2.115444299402172490e+00 6.396125245059605113e+00 3.338617766068298209e+01
2.131231197158904855e+00 5.926401107538206148e+00 2.663702347278133686e+01
2.147018094915637665e+00 5.555093312842632969e+00 2.034360769309897066e+01
2.162804992672370030e+00 5.284076198230140520e+00 1.305247458872248068e+01
2.178591890429102840e+00 5.142977149233607825e+00 6.098639881286021414e+00
2.194378788185835649e+00 5.091518989708151643e+00 8.277989642281309290e-01
2.210165685942568015e+00 5.116840394010810478e+00 -4.561042721001248523e+00
2.225952583699300824e+00 5.235528419909224240e+00 -1.013222384043896973e+01
2.241739481456033189e+00 5.436753157645488166e+00 -1.528874325477021401e+01
2.257526379212765999e+00 5.718252073093210264e+00 -2.039271066565526169e+01
2.273313276969498808e+00 6.080628434168149354e+00 -2.415857242031706420e+01
2.289100174726231174e+00 6.481029898589542704e+00 -2.670676136496227926e+01
2.304887072482963983e+00 6.923862256332382614e+00 -2.852393761311421372e+01
2.320673970239696349e+00 7.381638872024851139e+00 -2.878405021161857391e+01
2.336460867996429158e+00 7.832683971763343855e+00 -2.736728617360016003e+01
2.352247765753161524e+00 8.245727969428587656e+00 -2.467073315529101407e+01
2.368034663509894333e+00 8.611632655575769846e+00 -2.099872497968448926e+01
2.383821561266627143e+00 8.908737417980640672e+00 -1.724239854253595183e+01
2.399608459023359508e+00 9.156040621319471384e+00 -1.359001595698979514e+01
2.415395356780092317e+00 9.337825802831366317e+00 -9.451518504687060229e+00
2.431182254536824683e+00 9.454460933878193529e+00 -4.867902489602359495e+00
2.446969152293557492e+00 9.491523960617559652e+00 -6.326817974983556248e-01
2.462756050050290302e+00 9.474437099577498245e+00 2.751705892334461279e+00
2.478542947807022667e+00 9.404642161459793925e+00 6.200592201490820798e+00
2.494329845563755477e+00 9.278660869345239703e+00 1.023257365068741542e+01
2.510116743320487842e+00 9.081560973436516804e+00 1.397978062139206834e+01
2.525903641077220652e+00 8.837266134682302265e+00 1.661863746248625517e+01
2.541690538833953461e+00 8.556847512483562568e+00 1.850057284027909432e+01
2.557477436590685826e+00 8.253132830941360965e+00 1.990897053092822944e+01
2.573264334347418636e+00 7.928245748056428788e+00 2.141349212224218235e+01
2.589051232104151001e+00 7.577027609444487055e+00 2.254900709887137822e+01
2.604838129860883811e+00 7.216288008884987448e+00 2.238581855254088637e+01
2.620625027617616620e+00 6.870222352065024296e+00 2.220681679153969412e+01
2.636411925374348986e+00 6.515134516503926498e+00 2.238093875813301992e+01
2.652198823131081795e+00 6.163571168316343218e+00 2.156898416358797022e+01
2.667985720887814161e+00 5.834119821089629454e+00 1.978086136171005194e+01
2.683772618644546970e+00 5.539014296601504128e+00 1.716533027794279676e+01
2.699559516401279780e+00 5.292145192972769863e+00 1.395470043562683671e+01
2.715346414158012145e+00 5.098411438595357836e+00 1.093828036097828793e+01
2.731133311914744954e+00 4.946782165586288471e+00 6.743918179213062025e+00
2.746920209671477320e+00 4.885480345045343675e+00 1.063892714381312610e+00
2.762707107428210129e+00 4.913191034574147409e+00 -4.354937792944314268e+00
2.778494005184942495e+00 5.022982260393629161e+00 -9.209419765038294514e+00
2.794280902941675304e+00 5.203967371033131784e+00 -1.472984214295145655e+01
2.810067800698408114e+00 5.488059284160801354e+00 -2.128603367810107017e+01
2.825854698455140479e+00 5.876048245678229698e+00 -2.856654322990356931e+01
2.841641596211873289e+00 6.390013478628342014e+00 -3.551896049491951146e+01
2.857428493968605654e+00 6.997516641195669074e+00 -4.187383138041105468e+01
2.873215391725338463e+00 7.712129267998765414e+00 -4.894005338073347389e+01
2.889002289482071273e+00 8.542739879057021923e+00 -5.672180950944584055e+01
2.904789187238803638e+00 9.503052082603737460e+00 -6.331771517481702460e+01
2.920576084995536448e+00 1.054192047036653079e+01 -6.928183474142132070e+01
2.936362982752268813e+00 1.169054256552706761e+01 -7.412270279907326653e+01
2.952149880509001623e+00 1.288225553144982882e+01 -8.006092901050838861e+01
2.967936778265734432e+00 1.421836996672291775e+01 -8.617099290529544930e+01
2.983723676022466798e+00 1.560300084063389292e+01 -8.758486400806400241e+01
2.999510573779199607e+00 1.698375655298819353e+01 -8.560574857356466794e+01
3.015297471535931972e+00 1.830589924087274412e+01 -8.524408393855611621e+01
3.031084369292664782e+00 1.967523582799683268e+01 -8.261147925271836812e+01
3.046871267049397591e+00 2.091425719386295157e+01 -8.250222092063722812e+01
3.062658164806129957e+00 2.228014408075176789e+01 -8.201289535650022344e+01
3.078445062562862766e+00 2.350371558131631389e+01 -6.915982095602456070e+01
3.094231960319595132e+00 2.446378212536515662e+01 -5.761242793328280243e+01
3.110018858076327941e+00 2.532275859991603895e+01 -5.044609025119289925e+01
3.125805755833060751e+00 2.605655666341013443e+01 -4.897018876593012493e+01
3.141592653589793116e+00 2.686893332626731024e+01 -5.145891709539463221e+01
