0.000000000000000000e+00 3.815638189863262255e+02 3.386336929750671487e+01
1.578689775673262907e-02 3.810292214375280082e+02 6.772673859501162497e+01
3.157379551346525814e-02 3.794254287911334131e+02 1.354534771900250405e+02
4.736069327019788722e-02 3.767524410471423266e+02 2.031802157850384845e+02
6.314759102693051629e-02 3.730102582055548623e+02 2.370435850825451780e+02
7.893448878366314536e-02 3.692680753639673412e+02 2.370435850825469970e+02
9.472138654039577443e-02 3.655258925223798201e+02 2.370435850825451780e+02
1.105082842971284035e-01 3.617837096807923558e+02 2.370435850825469970e+02
1.262951820538610326e-01 3.580415268392047778e+02 2.370435850825469970e+02
1.420820798105936755e-01 3.542993439976173136e+02 2.370435850825451780e+02
1.578689775673262907e-01 3.505571611560297924e+02 2.370435850825469970e+02
1.736558753240589059e-01 3.468149783144422713e+02 2.370435850825451780e+02
1.894427730807915489e-01 3.430727954728548070e+02 2.370435850825451780e+02
2.052296708375241918e-01 3.393306126312672859e+02 2.370435850825469970e+02
2.210165685942568070e-01 3.355884297896797648e+02 2.370435850825451780e+02
2.368034663509894222e-01 3.318462469480923005e+02 2.370435850825415969e+02
2.525903641077220652e-01 3.281040641065048931e+02 2.370435850825415969e+02
2.683772618644547081e-01 3.243618812649174288e+02 2.370435850825451780e+02
2.841641596211873511e-01 3.206196984233299077e+02 2.370435850825469970e+02
2.999510573779199385e-01 3.168775155817423865e+02 2.370435850825469970e+02
3.157379551346525814e-01 3.131353327401548654e+02 2.370435850825469970e+02
3.315248528913852244e-01 3.093931498985673443e+02 2.370435850825451780e+02
3.473117506481178118e-01 3.056509670569798800e+02 2.370435850825433874e+02
3.630986484048504548e-01 3.019087842153924157e+02 2.370435850825451780e+02
3.788855461615830977e-01 2.981666013738048946e+02 2.370435850825451780e+02
3.946724439183157407e-01 2.944244185322174303e+02 2.370435850825451780e+02
4.104593416750483836e-01 2.906822356906299092e+02 2.370435850825469970e+02
4.262462394317809711e-01 2.869400528490423881e+02 2.370435850825469970e+02
4.420331371885136140e-01 2.831978700074548669e+02 2.370435850825469970e+02
4.578200349452462570e-01 2.794556871658673458e+02 2.370435850825451780e+02
4.736069327019788444e-01 2.757135043242798815e+02 2.370435850825433874e+02
4.893938304587114874e-01 2.719713214826924172e+02 2.370435850825451780e+02
5.051807282154441303e-01 2.682291386411048961e+02 2.370435850825451780e+02
5.209676259721767178e-01 2.644869557995174318e+02 2.370435850825451780e+02
5.367545237289094162e-01 2.607447729579299107e+02 2.370435850825469970e+02
5.525414214856420037e-01 2.570025901163423896e+02 2.370435850825460875e+02
5.683283192423747021e-01 2.532604072747548969e+02 2.370435850825451780e+02
5.841152169991072896e-01 2.495182244331674042e+02 2.370435850825451780e+02
5.999021147558398770e-01 2.457760415915799115e+02 2.370435850825451780e+02
6.156890125125725755e-01 2.420338587499924188e+02 2.370435850825442969e+02
6.314759102693051629e-01 2.382916759084049545e+02 2.370435850825442969e+02
6.472628080260377503e-01 2.345494930668174618e+02 2.370435850825460875e+02
6.630497057827704488e-01 2.308073102252299407e+02 2.370435850825460875e+02
6.788366035395030362e-01 2.270651273836424480e+02 2.370435850825460875e+02
6.946235012962356237e-01 2.233229445420549268e+02 2.370435850825469970e+02
7.104103990529683221e-01 2.195807617004674057e+02 2.370435850825442969e+02
7.261972968097009096e-01 2.158385788588799699e+02 2.370435850825433874e+02
7.419841945664336080e-01 2.120963960172924772e+02 2.370435850825460875e+02
7.577710923231661955e-01 2.083542131757049560e+02 2.370435850825460875e+02
7.735579900798987829e-01 2.046120303341174633e+02 2.370435850825451780e+02
7.893448878366314814e-01 2.008698474925299706e+02 2.370435850825460875e+02
8.051317855933640688e-01 1.971276646509424495e+02 2.370435850825460875e+02
8.209186833500967673e-01 1.933854818093549568e+02 2.370435850825451780e+02
8.367055811068293547e-01 1.896432989677674641e+02 2.370435850825442969e+02
8.524924788635619421e-01 1.859011161261799998e+02 2.370435850825451780e+02
8.682793766202946406e-01 1.821589332845924787e+02 2.370435850825460875e+02
8.840662743770272280e-01 1.784167504430049860e+02 2.370435850825451780e+02
8.998531721337598155e-01 1.746745676014174933e+02 2.370435850825460875e+02
9.156400698904925139e-01 1.709323847598299722e+02 2.370435850825460875e+02
9.314269676472251014e-01 1.671902019182424795e+02 2.370435850825451780e+02
9.472138654039576888e-01 1.634480190766549867e+02 2.370435850825460875e+02
9.630007631606903873e-01 1.597058362350674656e+02 2.370435850825460875e+02
9.787876609174229747e-01 1.559636533934799729e+02 2.370435850825442969e+02
9.945745586741556732e-01 1.522214705518925086e+02 2.370435850825442969e+02
1.010361456430888261e+00 1.484792877103050159e+02 2.370435850825460875e+02
1.026148354187620848e+00 1.447371048687174948e+02 2.370435850825451780e+02
1.041935251944353436e+00 1.409949220271300305e+02 2.370435850825451780e+02
1.057722149701086245e+00 1.372527391855425094e+02 2.370435850825460875e+02
1.073509047457818832e+00 1.335105563439550167e+02 2.370435850825451780e+02
1.089295945214551420e+00 1.297683735023675240e+02 2.370435850825456328e+02
1.105082842971284007e+00 1.260261906607800171e+02 2.370435850825460875e+02
1.120869740728016595e+00 1.222840078191925102e+02 2.370435850825451780e+02
1.136656638484749404e+00 1.185418249776050317e+02 2.370435850825451780e+02
1.152443536241481992e+00 1.147996421360175248e+02 2.370435850825456328e+02
1.168230433998214579e+00 1.110574592944300321e+02 2.370435850825456328e+02
1.184017331754947167e+00 1.073152764528425251e+02 2.370435850825460875e+02
1.199804229511679754e+00 1.035730936112550182e+02 2.370435850825451780e+02
1.215591127268412341e+00 9.983091076966753974e+01 2.370435850825442969e+02
1.231378025025145151e+00 9.608872792808006125e+01 2.370435850825456328e+02
1.247164922781877738e+00 9.234654508649254012e+01 2.370435850825465423e+02
1.262951820538610326e+00 8.860436224490503321e+01 2.370435850825451780e+02
1.278738718295342913e+00 8.486217940331755472e+01 2.370435850825447233e+02
1.294525616052075501e+00 8.111999656173006201e+01 2.370435850825456328e+02
1.310312513808808310e+00 7.737781372014255510e+01 2.343464361956648361e+02
1.326099411565540898e+00 7.372079010597880711e+01 2.380480131595122657e+02
1.341886309322273485e+00 6.986173443025742813e+01 2.407451620463930624e+02
1.357673207079006072e+00 6.611955158866993543e+01 2.309154301030693546e+02
1.373460104835738660e+00 6.257085785927923638e+01 2.222588044858087528e+02
1.389247002592471247e+00 5.910199754476775524e+01 2.107463870332977933e+02
1.405033900349204057e+00 5.591679452988828558e+01 1.925488701623042687e+02
1.420820798105936644e+00 5.302249889191438825e+01 1.629835509728999625e+02
1.436607695862669232e+00 5.077078521941150058e+01 1.063105315905177122e+02
1.452394593619401819e+00 4.966587190654759354e+01 5.241064513423559390e+01
1.468181491376134407e+00 4.911598222721435292e+01 3.105592272481418803e+01
1.483968389132867216e+00 4.868531855295233157e+01 1.101746403617237924e+01
1.499755286889599804e+00 4.876811907065928864e+01 -6.826486938274188176e+00
1.515542184646332391e+00 4.890085665561674233e+01 -9.722764263010846619e+00
1.531329082403064978e+00 4.907510364132522085e+01 -9.469394156794820328e-01
1.547115980159797566e+00 4.893075512709104657e+01 2.917496690386249369e+01
1.562902877916530375e+00 4.815393920219054991e+01 6.099016130567186167e+01
1.578689775673262963e+00 4.700506424569250186e+01 7.057120933418150344e+01
1.594476673429995550e+00 4.592573826953515237e+01 7.764406600076128484e+01
1.610263571186728138e+00 4.455354638295046499e+01 8.264469446184017443e+01
1.626050468943460725e+00 4.331633158632419622e+01 7.505824545614200360e+01
1.641837366700193535e+00 4.218367268931875458e+01 7.777041206224961911e+01
1.657624264456926122e+00 4.086082449887279466e+01 8.192420210071313136e+01
1.673411162213658709e+00 3.959701468458703744e+01 7.832035077250274924e+01
1.689198059970391297e+00 3.838795375903892193e+01 7.881068564390321285e+01
1.704984957727123884e+00 3.710866221179044544e+01 8.028938101804568817e+01
1.720771855483856472e+00 3.585291326087244812e+01 8.502180045626698757e+01
1.736558753240589281e+00 3.442420126999762431e+01 9.541659324892761163e+01
1.752345650997321869e+00 3.284024925703931785e+01 9.591197592956216056e+01
1.768132548754054456e+00 3.139589615470522688e+01 9.220252723254139937e+01
1.783919446510787044e+00 2.992906551637434376e+01 9.278659042888348552e+01
1.799706344267519631e+00 2.846627132211200717e+01 9.100733332339945036e+01
1.815493242024252440e+00 2.705561858379555673e+01 8.810923715805020606e+01
1.831280139780985028e+00 2.568432828523631528e+01 8.415950047483042340e+01
1.847067037537717615e+00 2.439838372528787858e+01 7.855565759965310235e+01
1.862853935294450203e+00 2.320402801575907503e+01 7.587975832218231176e+01
1.878640833051182790e+00 2.200257175241213048e+01 7.563074254815283837e+01
1.894427730807915378e+00 2.081607841601216080e+01 7.514570642397306699e+01
1.910214628564648187e+00 1.962993658406671216e+01 7.503937628075590283e+01
1.926001526321380775e+00 1.844680049386559872e+01 7.493051657568868507e+01
1.941788424078113362e+00 1.726409577598759881e+01 7.548255178023389078e+01
1.957575321834845949e+00 1.606352983912194077e+01 7.622603130251376058e+01
1.973362219591578537e+00 1.485735065083902740e+01 7.492633576865833334e+01
1.989149117348311346e+00 1.369782103498908477e+01 7.236893313024501140e+01
2.004936015105043712e+00 1.257238875465703032e+01 6.959345262087532547e+01
2.020722912861776521e+00 1.150049159286153433e+01 6.646699876809917384e+01
2.036509810618509331e+00 1.047377332715931963e+01 6.277510947091237625e+01
2.052296708375241696e+00 9.518443123091550717e+00 5.753317126562992456e+01
2.068083606131974506e+00 8.657232742377145129e+00 5.152113965803715701e+01
2.083870503888706871e+00 7.891725194908000063e+00 4.586106281426884124e+01
2.099657401645439680e+00 7.209224923049235123e+00 4.001960418915503936e+01
2.115444299402172490e+00 6.628154395709801250e+00 3.366283336912199076e+01
2.131231197158904855e+00 6.146361505848722651e+00 2.672755011976837736e+01
2.147018094915637665e+00 5.784264193652340680e+00 1.978691127656701809e+01
2.162804992672370030e+00 5.521613615359315830e+00 1.402155244014091195e+01
2.178591890429102840e+00 5.341550564126001710e+00 8.084408993822039591e+00
2.194378788185835649e+00 5.266358138941159339e+00 1.692362048689307397e+00
2.210165685942568015e+00 5.288116270865936386e+00 -3.974261929728719167e+00
2.225952583699300824e+00 5.391840672427363756e+00 -9.197975110853738201e+00
2.241739481456033189e+00 5.578531256153975271e+00 -1.381278274762872904e+01
2.257526379212765999e+00 5.827962650372914055e+00 -1.811239689085552840e+01
2.273313276969498808e+00 6.150408371844571676e+00 -2.251377218150713944e+01
2.289100174726231174e+00 6.538807889468563062e+00 -2.533404644383791293e+01
2.304887072482963983e+00 6.950300373790941677e+00 -2.600613983771414794e+01
2.320673970239696349e+00 7.359920430799132163e+00 -2.586512302409027697e+01
2.336460867996429158e+00 7.766960479084190183e+00 -2.502698335313056432e+01
2.352247765753161524e+00 8.150117285509775655e+00 -2.299325962734004847e+01
2.368034663509894333e+00 8.492944956745841267e+00 -1.993750017376968842e+01
2.383821561266627143e+00 8.779619839046057805e+00 -1.621051728603232434e+01
2.399608459023359508e+00 9.004772514702519715e+00 -1.277654977933109137e+01
2.415395356780092317e+00 9.183024009146267375e+00 -9.705346186712082712e+00
2.431182254536824683e+00 9.311207130589156833e+00 -6.096389935601697729e+00
2.446969152293557492e+00 9.375510178343303025e+00 -1.683794382102458798e+00
2.462756050050290302e+00 9.364370910096381451e+00 2.139754262754913317e+00
2.478542947807022667e+00 9.307950014802013783e+00 5.110513537372414206e+00
2.494329845563755477e+00 9.203012600698588841e+00 8.068427305234779467e+00
2.510116743320487842e+00 9.053199140951271318e+00 1.133919996783832040e+01
2.525903641077220652e+00 8.844991019627769901e+00 1.396253698480825989e+01
2.541690538833953461e+00 8.612348853343739563e+00 1.615720383647285985e+01
2.557477436590685826e+00 8.334846769625599450e+00 1.774521961722703622e+01
2.573264334347418636e+00 8.052064917807880917e+00 1.860792641846947504e+01
2.589051232104151001e+00 7.747323905959236257e+00 2.030177874507005598e+01
2.604838129860883811e+00 7.411060707151423621e+00 2.167285519328911647e+01
2.620625027617616620e+00 7.063029607893382078e+00 2.219511549151338059e+01
2.636411925374348986e+00 6.710276669224635171e+00 2.301399838420557131e+01
2.652198823131081795e+00 6.336390328963255492e+00 2.205540939489344865e+01
2.667985720887814161e+00 6.013903683024508950e+00 1.941895170818149907e+01
2.683772618644546970e+00 5.723260318643276001e+00 1.813092943639754040e+01
2.699559516401279780e+00 5.441441424530625071e+00 1.580007880694313727e+01
2.715346414158012145e+00 5.224391861296217243e+00 1.217858343581293923e+01
2.731133311914744954e+00 5.056917321484592165e+00 7.990863166336419354e+00
2.746920209671477320e+00 4.972089981706229622e+00 2.444300484068782975e+00
2.762707107428210129e+00 4.979741477827140272e+00 -2.402381719792847647e+00
2.778494005184942495e+00 5.047942290872255988e+00 -5.908089544045493469e+00
2.794280902941675304e+00 5.166282288966074887e+00 -1.286693312749338780e+01
2.810067800698408114e+00 5.454200206325164224e+00 -2.175172381471674754e+01
2.825854698455140479e+00 5.853066768757313909e+00 -2.941039982164237543e+01
2.841641596211873289e+00 6.382798156262955658e+00 -3.765851467011825093e+01
2.857428493968605654e+00 7.042089010292459150e+00 -4.569041691115584314e+01
2.873215391725338463e+00 7.825418036740765082e+00 -5.354173979831953289e+01
2.889002289482071273e+00 8.732604954119764784e+00 -6.251788341525541171e+01
2.904789187238803638e+00 9.799344903628700365e+00 -6.848516691772549336e+01
2.920576084995536448e+00 1.089494161008556539e+01 -7.113820793500289597e+01
2.936362982752268813e+00 1.204544813416285365e+01 -7.468287580165272743e+01
2.952149880509001623e+00 1.325296345900447115e+01 -7.740196056513401857e+01
2.967936778265734432e+00 1.448932180938769676e+01 -8.024321226891797210e+01
2.983723676022466798e+00 1.578654623452687389e+01 -8.202341127696688261e+01
2.999510573779199607e+00 1.707911222436350940e+01 -8.279112760783068836e+01
3.015297471535931972e+00 1.840057636794572815e+01 -8.512329785861547293e+01
3.031084369292664782e+00 1.976677782438322950e+01 -8.988887906263273919e+01
3.046871267049397591e+00 2.123870945440390301e+01 -9.573145759784996756e+01
3.062658164806129957e+00 2.278938329078371439e+01 -9.404331508421725516e+01
3.078445062562862766e+00 2.420801385428136143e+01 -7.571964026649550306e+01
3.094231960319595132e+00 2.518013972891119323e+01 -6.337116061849022941e+01
3.110018858076327941e+00 2.620888192110053438e+01 -5.624076858238348819e+01
3.125805755833060751e+00 2.695587425565149076e+01 -3.875815995741475462e+01
3.141592653589793116e+00 2.743262413807412514e+01 -3.019908596160478353e+01
