0.000000000000000000e+00 4.248692826771275008e+02 3.712147140396945133e+01
1.578689775673262907e-02 4.242832498034935611e+02 7.424294280793890266e+01
3.157379551346525814e-02 4.225251511825917419e+02 1.484858856158778053e+02
4.736069327019788722e-02 4.195949868144220432e+02 2.227288284238184985e+02
6.314759102693051629e-02 4.154927566989844081e+02 2.598502998277879215e+02
7.893448878366314536e-02 4.113905265835468299e+02 2.598502998277897404e+02
9.472138654039577443e-02 4.072882964681091380e+02 2.598502998277897404e+02
1.105082842971284035e-01 4.031860663526715598e+02 2.598502998277897404e+02
1.262951820538610326e-01 3.990838362372338679e+02 2.598502998277897404e+02
1.420820798105936755e-01 3.949816061217962897e+02 2.598502998277879215e+02
1.578689775673262907e-01 3.908793760063586546e+02 2.598502998277879215e+02
1.736558753240589059e-01 3.867771458909210764e+02 2.598502998277879215e+02
1.894427730807915489e-01 3.826749157754834414e+02 2.598502998277879215e+02
2.052296708375241918e-01 3.785726856600458632e+02 2.598502998277879215e+02
2.210165685942568070e-01 3.744704555446082281e+02 2.598502998277897404e+02
2.368034663509894222e-01 3.703682254291705931e+02 2.598502998277879215e+02
2.525903641077220652e-01 3.662659953137330149e+02 2.598502998277879215e+02
2.683772618644547081e-01 3.621637651982953798e+02 2.598502998277915594e+02
2.841641596211873511e-01 3.580615350828576879e+02 2.598502998277897404e+02
2.999510573779199385e-01 3.539593049674201097e+02 2.598502998277861593e+02
3.157379551346525814e-01 3.498570748519825315e+02 2.598502998277879215e+02
3.315248528913852244e-01 3.457548447365448965e+02 2.598502998277879215e+02
3.473117506481178118e-01 3.416526146211073183e+02 2.598502998277879215e+02
3.630986484048504548e-01 3.375503845056696832e+02 2.598502998277897404e+02
3.788855461615830977e-01 3.334481543902320482e+02 2.598502998277879215e+02
3.946724439183157407e-01 3.293459242747944700e+02 2.598502998277897404e+02
4.104593416750483836e-01 3.252436941593567781e+02 2.598502998277897404e+02
4.262462394317809711e-01 3.211414640439191999e+02 2.598502998277879215e+02
4.420331371885136140e-01 3.170392339284815648e+02 2.598502998277897404e+02
4.578200349452462570e-01 3.129370038130439298e+02 2.598502998277879215e+02
4.736069327019788444e-01 3.088347736976063516e+02 2.598502998277879215e+02
4.893938304587114874e-01 3.047325435821687165e+02 2.598502998277897404e+02
5.051807282154441303e-01 3.006303134667310815e+02 2.598502998277897404e+02
5.209676259721767178e-01 2.965280833512934464e+02 2.598502998277879215e+02
5.367545237289094162e-01 2.924258532358558682e+02 2.598502998277879215e+02
5.525414214856420037e-01 2.883236231204182332e+02 2.598502998277879215e+02
5.683283192423747021e-01 2.842213930049806550e+02 2.598502998277897404e+02
5.841152169991072896e-01 2.801191628895429631e+02 2.598502998277897404e+02
5.999021147558398770e-01 2.760169327741053849e+02 2.598502998277879215e+02
6.156890125125725755e-01 2.719147026586677498e+02 2.598502998277879215e+02
6.314759102693051629e-01 2.678124725432301716e+02 2.598502998277861593e+02
6.472628080260377503e-01 2.637102424277925934e+02 2.598502998277879215e+02
6.630497057827704488e-01 2.596080123123549583e+02 2.598502998277897404e+02
6.788366035395030362e-01 2.555057821969173233e+02 2.598502998277879215e+02
6.946235012962356237e-01 2.514035520814797451e+02 2.598502998277870688e+02
7.104103990529683221e-01 2.473013219660421385e+02 2.598502998277879215e+02
7.261972968097009096e-01 2.431990918506045318e+02 2.598502998277897404e+02
7.419841945664336080e-01 2.390968617351668684e+02 2.598502998277897404e+02
7.577710923231661955e-01 2.349946316197292617e+02 2.598502998277879215e+02
7.735579900798987829e-01 2.308924015042916551e+02 2.598502998277879215e+02
7.893448878366314814e-01 2.267901713888540485e+02 2.598502998277888310e+02
8.051317855933640688e-01 2.226879412734164134e+02 2.598502998277897404e+02
8.209186833500967673e-01 2.185857111579787784e+02 2.598502998277897404e+02
8.367055811068293547e-01 2.144834810425411433e+02 2.598502998277888310e+02
8.524924788635619421e-01 2.103812509271035367e+02 2.598502998277879215e+02
8.682793766202946406e-01 2.062790208116659301e+02 2.598502998277879215e+02
8.840662743770272280e-01 2.021767906962283234e+02 2.598502998277888310e+02
8.998531721337598155e-01 1.980745605807906884e+02 2.598502998277897404e+02
9.156400698904925139e-01 1.939723304653530533e+02 2.598502998277888310e+02
9.314269676472251014e-01 1.898701003499154467e+02 2.598502998277870688e+02
9.472138654039576888e-01 1.857678702344778685e+02 2.598502998277897404e+02
9.630007631606903873e-01 1.816656401190401766e+02 2.598502998277897404e+02
9.787876609174229747e-01 1.775634100036025984e+02 2.598502998277879215e+02
9.945745586741556732e-01 1.734611798881649634e+02 2.598502998277879215e+02
1.010361456430888261e+00 1.693589497727273852e+02 2.598502998277870688e+02
1.026148354187620848e+00 1.652567196572897785e+02 2.598502998277879215e+02
1.041935251944353436e+00 1.611544895418521719e+02 2.598502998277897404e+02
1.057722149701086245e+00 1.570522594264145084e+02 2.598502998277897404e+02
1.073509047457818832e+00 1.529500293109769018e+02 2.598502998277879215e+02
1.089295945214551420e+00 1.488477991955392952e+02 2.598502998277879215e+02
1.105082842971284007e+00 1.447455690801016885e+02 2.598502998277888310e+02
1.120869740728016595e+00 1.406433389646640535e+02 2.598502998277897404e+02
1.136656638484749404e+00 1.365411088492264184e+02 2.598502998277888310e+02
1.152443536241481992e+00 1.324388787337888118e+02 2.598502998277879215e+02
1.168230433998214579e+00 1.283366486183512052e+02 2.598502998277883762e+02
1.184017331754947167e+00 1.242344185029135843e+02 2.598502998277888310e+02
1.199804229511679754e+00 1.201321883874759635e+02 2.598502998277883762e+02
1.215591127268412341e+00 1.160299582720383569e+02 2.598502998277879215e+02
1.231378025025145151e+00 1.119277281566007503e+02 2.598502998277879215e+02
1.247164922781877738e+00 1.078254980411631436e+02 2.598502998277892857e+02
1.262951820538610326e+00 1.037232679257254944e+02 2.598502998277897404e+02
1.278738718295342913e+00 9.962103781028787353e+01 2.598502998277883762e+02
1.294525616052075501e+00 9.551880769485026690e+01 2.598502998277879215e+02
1.310312513808808310e+00 9.141657757941266027e+01 2.598502998277888310e+02
1.326099411565540898e+00 8.731434746397502522e+01 2.345577178393155293e+02
1.341886309322273485e+00 8.401070016024902998e+01 2.153806818965021819e+02
1.357673207079006072e+00 8.051396185622415658e+01 2.406732638849755119e+02
1.373460104835738660e+00 7.641173174078654995e+01 2.547289142441948400e+02
1.389247002592471247e+00 7.247120320651092129e+01 2.514295273647472015e+02
1.405033900349204057e+00 6.847314725772480415e+01 2.229580699187884250e+02
1.420820798105936644e+00 6.543157069881820576e+01 1.893181593138565120e+02
1.436607695862669232e+00 6.249565440856346044e+01 2.071827744063468515e+02
1.452394593619401819e+00 5.889002414579980638e+01 2.048443767363823440e+02
1.468181491376134407e+00 5.602793994540568434e+01 1.393079771329187224e+02
1.483968389132867216e+00 5.449154256241053673e+01 9.216149176063584036e+01
1.499755286889599804e+00 5.311805185033945520e+01 6.849980333197163418e+01
1.515542184646332391e+00 5.232874377929427823e+01 7.328933735424405427e+01
1.531329082403064978e+00 5.080402929939918266e+01 8.845942153148682507e+01
1.547115980159797566e+00 4.953574409261968725e+01 7.195391713497694752e+01
1.562902877916530375e+00 4.853217103338659655e+01 6.837666071038218263e+01
1.578689775673262963e+00 4.737683338945648615e+01 8.360855474001783705e+01
1.594476673429995550e+00 4.589233162284890710e+01 9.727883162629443348e+01
1.610263571186728138e+00 4.430537145189904891e+01 1.067311768496852693e+02
1.626050468943460725e+00 4.252242327008544720e+01 1.025052193673830345e+02
1.641837366700193535e+00 4.106889261653039824e+01 8.765548569807570800e+01
1.657624264456926122e+00 3.975480688902092652e+01 7.738346850891588247e+01
1.673411162213658709e+00 3.862560280570721005e+01 6.619935656990571715e+01
1.689198059970391297e+00 3.766464194155975065e+01 5.787635805406455347e+01
1.704984957727123884e+00 3.679822651144407786e+01 4.566095092734010308e+01
1.720771855483856472e+00 3.622295241402954247e+01 3.288618077552693109e+01
1.736558753240589281e+00 3.575988496441873821e+01 3.214186860155413683e+01
1.752345650997321869e+00 3.520811162738340272e+01 3.494498431404408478e+01
1.768132548754054456e+00 3.465653917546585916e+01 4.236420010288185267e+01
1.783919446510787044e+00 3.387051303624348719e+01 5.554224567843955640e+01
1.799706344267519631e+00 3.290285966805615914e+01 6.517186865396864448e+01
1.815493242024252440e+00 3.181278978213266484e+01 7.476386807079175867e+01
1.831280139780985028e+00 3.054228058579328575e+01 8.234550777475281791e+01
1.847067037537717615e+00 2.921282955820015559e+01 8.651749062592703865e+01
1.862853935294450203e+00 2.781059502843211817e+01 9.194162313251585772e+01
1.878640833051182790e+00 2.630988355023801262e+01 9.281063901386926318e+01
1.894427730807915378e+00 2.488021089073416903e+01 8.880745995007922033e+01
1.910214628564648187e+00 2.350589496970395587e+01 8.524409767028151919e+01
1.926001526321380775e+00 2.218873118216284013e+01 7.981931636639498606e+01
1.941788424078113362e+00 2.098569619672680986e+01 7.513632297310228125e+01
1.957575321834845949e+00 1.981639228497642691e+01 7.308113100513439520e+01
1.973362219591578537e+00 1.867824751047793086e+01 7.100920870759010484e+01
1.989149117348311346e+00 1.757436204967000037e+01 6.913776210992016047e+01
2.004936015105043712e+00 1.649530594736070555e+01 6.809083692477146599e+01
2.020722912861776521e+00 1.542447588826655647e+01 6.649053584161318042e+01
2.036509810618509331e+00 1.439594736511687856e+01 6.496066504747628301e+01
2.052296708375241696e+00 1.337342113363883023e+01 6.343962727108775113e+01
2.068083606131974506e+00 1.239291754620909991e+01 6.035720062224540783e+01
2.083870503888706871e+00 1.146771522342685579e+01 5.691461508922035506e+01
2.099657401645439680e+00 1.059590712765447229e+01 5.362394447523137586e+01
2.115444299402172490e+00 9.774603765940485189e+00 5.093581212006531445e+01
2.131231197158904855e+00 8.987670211463244740e+00 4.894685758211323900e+01
2.147018094915637665e+00 8.229165693616135258e+00 4.593386342482010321e+01
2.162804992672370030e+00 7.537363800544533810e+00 4.231604344456899724e+01
2.178591890429102840e+00 6.893087590958401734e+00 3.965466502878670241e+01
2.194378788185835649e+00 6.285315515770660610e+00 3.712407876091324255e+01
2.210165685942568015e+00 5.720939519535548357e+00 3.432286397200999062e+01
2.225952583699300824e+00 5.201612427281933293e+00 3.060257993309232916e+01
2.241739481456033189e+00 4.754699918543615844e+00 2.599546682602438352e+01
2.257526379212765999e+00 4.380836873439969636e+00 2.202282466318416354e+01
2.273313276969498808e+00 4.059355755999339621e+00 1.753349201509051625e+01
2.289100174726231174e+00 3.827237981918525822e+00 1.168994165389639583e+01
2.304887072482963983e+00 3.690259928654874955e+00 6.457571252782665638e+00
2.320673970239696349e+00 3.623347947669534275e+00 1.899146168382789268e+00
2.336460867996429158e+00 3.630296675884175706e+00 -2.534626577854905527e+00
2.352247765753161524e+00 3.703375728941719291e+00 -6.543779528152380287e+00
2.368034663509894333e+00 3.836908632591259138e+00 -1.015795089228114101e+01
2.383821561266627143e+00 4.024100793250426022e+00 -1.278124502920116079e+01
2.399608459023359508e+00 4.240461049550750872e+00 -1.406372645297353152e+01
2.415395356780092317e+00 4.468146016433924395e+00 -1.465722779256503472e+01
2.431182254536824683e+00 4.703245362667479057e+00 -1.538062319281287493e+01
2.446969152293557492e+00 4.953770667993459220e+00 -1.561887096457397917e+01
2.462756050050290302e+00 5.196392400654137766e+00 -1.466944179685864391e+01
2.478542947807022667e+00 5.416940623584154402e+00 -1.271408317124909004e+01
2.494329845563755477e+00 5.597824262844346421e+00 -1.063919003650255313e+01
2.510116743320487842e+00 5.752860234225583014e+00 -9.617180968631165783e+00
2.525903641077220652e+00 5.901475168163896612e+00 -9.337740184922751041e+00
2.541690538833953461e+00 6.047688133382201237e+00 -8.187754656266440279e+00
2.557477436590685826e+00 6.159993659395276211e+00 -6.197543521559010671e+00
2.573264334347418636e+00 6.243368105217706798e+00 -5.331572024049312297e+00
2.589051232104151001e+00 6.328331624247921283e+00 -5.447223316967349405e+00
2.604838129860883811e+00 6.415357620343813849e+00 -4.354530105075798296e+00
2.620625027617616620e+00 6.465820667342812911e+00 -1.907376206447686462e+00
2.636411925374348986e+00 6.475580726653442198e+00 1.434329886370782070e+00
2.652198823131081795e+00 6.420533428811689980e+00 3.944582246771807466e+00
2.667985720887814161e+00 6.351035293407823801e+00 5.302101188577212021e+00
2.683772618644546970e+00 6.253125970091852004e+00 8.360856624441469265e+00
2.699559516401279780e+00 6.087051316030307468e+00 1.170950636079067664e+01
2.715346414158012145e+00 5.883412410692626437e+00 1.339469161821186027e+01
2.731133311914744954e+00 5.664130061910959135e+00 1.531219119469637668e+01
2.746920209671477320e+00 5.399948417048199723e+00 1.626316068049560215e+01
2.762707107428210129e+00 5.150640352182362491e+00 1.709815789470061276e+01
2.778494005184942495e+00 4.860094676023980931e+00 1.763961671736663206e+01
2.794280902941675304e+00 4.593690701012325128e+00 1.541897536149495451e+01
2.810067800698408114e+00 4.373259100932980203e+00 1.336218574502596290e+01
2.825854698455140479e+00 4.171795780685934929e+00 1.100667245360859248e+01
2.841641596211873289e+00 4.025736675599051573e+00 7.526248740577123009e+00
2.857428493968605654e+00 3.934163541967477418e+00 4.796280048833975407e+00
2.873215391725338463e+00 3.874299910111854484e+00 1.667103059689514444e+00
2.889002289482071273e+00 3.881526770860968423e+00 1.162916381777639341e+00
2.904789187238803638e+00 3.837582226074348402e+00 2.597056820302868552e+00
2.920576084995536448e+00 3.799527829879875362e+00 8.662713488711685228e-01
2.936362982752268813e+00 3.810230751645916403e+00 3.464259204096539202e-01
2.952149880509001623e+00 3.788589848708296959e+00 -1.109680897350902445e-01
2.967936778265734432e+00 3.813734435419732005e+00 -2.601390432583238432e+00
2.983723676022466798e+00 3.870725618277365054e+00 -4.079285446666054860e+00
2.999510573779199607e+00 3.942532959953820804e+00 -1.141782505791339197e+01
3.015297471535931972e+00 4.231229691864442088e+00 -2.027393098670899008e+01
3.031084369292664782e+00 4.582657911182277388e+00 -2.256279575201265075e+01
3.046871267049397591e+00 4.943622791150572127e+00 -2.987795102220171017e+01
3.062658164806129957e+00 5.526018227118604464e+00 -4.258172913259339509e+01
3.078445062562862766e+00 6.288089599392842288e+00 -5.024017112450574274e+01
3.094231960319595132e+00 7.112291116765250720e+00 -5.436514011814693248e+01
3.110018858076327941e+00 8.004603416544100014e+00 -5.845229954756317881e+01
3.125805755833060751e+00 8.957852069971828257e+00 -6.486983805550099191e+01
3.141592653589793116e+00 1.005279041830009490e+01 -6.935741050589302858e+01
