0.000000000000000000e+00 1.095048195620196765e+02 5.698869524712964818e+00
1.578689775673262907e-02 1.094148520915040734e+02 1.139773904942548022e+01
3.157379551346525814e-02 1.091449496799572785e+02 2.279547809885096044e+01
4.736069327019788722e-02 1.086951123273792774e+02 3.419321714827643888e+01
6.314759102693051629e-02 1.080653400337700845e+02 3.989208667298940725e+01
7.893448878366314536e-02 1.074355677401608773e+02 3.989208667298985489e+01
9.472138654039577443e-02 1.068057954465516701e+02 3.989208667298940725e+01
1.105082842971284035e-01 1.061760231529424772e+02 3.989208667298895250e+01
1.262951820538610326e-01 1.055462508593332842e+02 3.989208667298895250e+01
1.420820798105936755e-01 1.049164785657240913e+02 3.989208667298940725e+01
1.578689775673262907e-01 1.042867062721148841e+02 3.989208667298940725e+01
1.736558753240589059e-01 1.036569339785056911e+02 3.989208667298940725e+01
1.894427730807915489e-01 1.030271616848964840e+02 3.989208667298940725e+01
2.052296708375241918e-01 1.023973893912872910e+02 3.989208667298940725e+01
2.210165685942568070e-01 1.017676170976780838e+02 3.989208667298940725e+01
2.368034663509894222e-01 1.011378448040688909e+02 3.989208667298895250e+01
2.525903641077220652e-01 1.005080725104596979e+02 3.989208667298895250e+01
2.683772618644547081e-01 9.987830021685050497e+01 3.989208667298940725e+01
2.841641596211873511e-01 9.924852792324129780e+01 3.989208667298985489e+01
2.999510573779199385e-01 9.861875562963209063e+01 3.989208667298940725e+01
3.157379551346525814e-01 9.798898333602289767e+01 3.989208667298940725e+01
3.315248528913852244e-01 9.735921104241369051e+01 3.989208667298940725e+01
3.473117506481178118e-01 9.672943874880449755e+01 3.989208667298940725e+01
3.630986484048504548e-01 9.609966645519529038e+01 3.989208667298985489e+01
3.788855461615830977e-01 9.546989416158608321e+01 3.989208667298940725e+01
3.946724439183157407e-01 9.484012186797689026e+01 3.989208667298895250e+01
4.104593416750483836e-01 9.421034957436769730e+01 3.989208667298940725e+01
4.262462394317809711e-01 9.358057728075849013e+01 3.989208667298940725e+01
4.420331371885136140e-01 9.295080498714929718e+01 3.989208667298895250e+01
4.578200349452462570e-01 9.232103269354010422e+01 3.989208667298940725e+01
4.736069327019788444e-01 9.169126039993089705e+01 3.989208667298985489e+01
4.893938304587114874e-01 9.106148810632168988e+01 3.989208667298940725e+01
5.051807282154441303e-01 9.043171581271249693e+01 3.989208667298940725e+01
5.209676259721767178e-01 8.980194351910328976e+01 3.989208667298940725e+01
5.367545237289094162e-01 8.917217122549409680e+01 3.989208667298895250e+01
5.525414214856420037e-01 8.854239893188490385e+01 3.989208667298940725e+01
5.683283192423747021e-01 8.791262663827569668e+01 3.989208667298940725e+01
5.841152169991072896e-01 8.728285434466650372e+01 3.989208667298895250e+01
5.999021147558398770e-01 8.665308205105731076e+01 3.989208667298940725e+01
6.156890125125725755e-01 8.602330975744810360e+01 3.989208667298940725e+01
6.314759102693051629e-01 8.539353746383891064e+01 3.989208667298940725e+01
6.472628080260377503e-01 8.476376517022970347e+01 3.989208667298985489e+01
6.630497057827704488e-01 8.413399287662049630e+01 3.989208667298940725e+01
6.788366035395030362e-01 8.350422058301130335e+01 3.989208667298895250e+01
6.946235012962356237e-01 8.287444828940211039e+01 3.989208667298940725e+01
7.104103990529683221e-01 8.224467599579290322e+01 3.989208667298940725e+01
7.261972968097009096e-01 8.161490370218371027e+01 3.989208667298895250e+01
7.419841945664336080e-01 8.098513140857451731e+01 3.989208667298940725e+01
7.577710923231661955e-01 8.035535911496531014e+01 3.989208667298985489e+01
7.735579900798987829e-01 7.972558682135610297e+01 3.989208667298940725e+01
7.893448878366314814e-01 7.909581452774691002e+01 3.989208667298940725e+01
8.051317855933640688e-01 7.846604223413770285e+01 3.989208667298940725e+01
8.209186833500967673e-01 7.783626994052850989e+01 3.989208667298895250e+01
8.367055811068293547e-01 7.720649764691931694e+01 3.989208667298940725e+01
8.524924788635619421e-01 7.657672535331010977e+01 3.989208667298940725e+01
8.682793766202946406e-01 7.594695305970091681e+01 3.989208667298895250e+01
8.840662743770272280e-01 7.531718076609172385e+01 3.989208667298940725e+01
8.998531721337598155e-01 7.468740847248251669e+01 3.989208667298985489e+01
9.156400698904925139e-01 7.405763617887330952e+01 3.989208667298940725e+01
9.314269676472251014e-01 7.342786388526411656e+01 3.989208667298940725e+01
9.472138654039576888e-01 7.279809159165490939e+01 3.989208667298940725e+01
9.630007631606903873e-01 7.216831929804571644e+01 3.989208667298895250e+01
9.787876609174229747e-01 7.153854700443652348e+01 3.989208667298940725e+01
9.945745586741556732e-01 7.090877471082731631e+01 3.989208667298940725e+01
1.010361456430888261e+00 7.027900241721812336e+01 3.989208667298895250e+01
1.026148354187620848e+00 6.964923012360893040e+01 3.989208667298985489e+01
1.041935251944353436e+00 6.901945782999970902e+01 3.989208667298985489e+01
1.057722149701086245e+00 6.838968553639051606e+01 3.989208667298895250e+01
1.073509047457818832e+00 6.775991324278132311e+01 3.989208667298940725e+01
1.089295945214551420e+00 6.713014094917211594e+01 3.989208667298940725e+01
1.105082842971284007e+00 6.650036865556292298e+01 3.989208667298895250e+01
1.120869740728016595e+00 6.587059636195373002e+01 3.989208667298940725e+01
1.136656638484749404e+00 6.524082406834452286e+01 3.989208667298940725e+01
1.152443536241481992e+00 6.461105177473532990e+01 3.989208667298917987e+01
1.168230433998214579e+00 6.398127948112612984e+01 3.989208667298963462e+01
1.184017331754947167e+00 6.335150718751692267e+01 3.989208667298963462e+01
1.199804229511679754e+00 6.272173489390772261e+01 3.989208667298940725e+01
1.215591127268412341e+00 6.209196260029852255e+01 3.989208667298940725e+01
1.231378025025145151e+00 6.146219030668932248e+01 3.989208667298940725e+01
1.247164922781877738e+00 6.083241801308012242e+01 3.989208667298917987e+01
1.262951820538610326e+00 6.020264571947092946e+01 3.989208667298917987e+01
1.278738718295342913e+00 5.957287342586172940e+01 3.989208667298963462e+01
1.294525616052075501e+00 5.894310113225252223e+01 3.989208667298963462e+01
1.310312513808808310e+00 5.831332883864332217e+01 3.989208667298940725e+01
1.326099411565540898e+00 5.768355654503412211e+01 3.989208667298917987e+01
1.341886309322273485e+00 5.705378425142492915e+01 3.989208667298895250e+01
1.357673207079006072e+00 5.642401195781573620e+01 3.989208667298917987e+01
1.373460104835738660e+00 5.579423966420653613e+01 3.989208667298940725e+01
1.389247002592471247e+00 5.516446737059733607e+01 3.989208667298940725e+01
1.405033900349204057e+00 5.453469507698813601e+01 3.989208667298940725e+01
1.420820798105936644e+00 5.390492278337893595e+01 3.989208667298963462e+01
1.436607695862669232e+00 5.327515048976972878e+01 3.989208667298963462e+01
1.452394593619401819e+00 5.264537819616052872e+01 3.989208667298940725e+01
1.468181491376134407e+00 5.201560590255132865e+01 3.989208667298940725e+01
1.483968389132867216e+00 5.138583360894212859e+01 3.989208667298917987e+01
1.499755286889599804e+00 5.075606131533293564e+01 3.989208667298895250e+01
1.515542184646332391e+00 5.012628902172374268e+01 3.989208667298940725e+01
1.531329082403064978e+00 4.949651672811453551e+01 3.989208667298940725e+01
1.547115980159797566e+00 4.886674443450534255e+01 3.989208667298917987e+01
1.562902877916530375e+00 4.823697214089614249e+01 3.989208667298940725e+01
1.578689775673262963e+00 4.760719984728694243e+01 3.989208667298940725e+01
1.594476673429995550e+00 4.697742755367774237e+01 3.989208667298963462e+01
1.610263571186728138e+00 4.634765526006853520e+01 3.226594877585559829e+01
1.626050468943460725e+00 4.595866908498093295e+01 2.581255217887774478e+01
1.641837366700193535e+00 4.553265501589199715e+01 3.343869007601177401e+01
1.657624264456926122e+00 4.490288272228279709e+01 4.583215326137406009e+01
1.673411162213658709e+00 4.408555998087557271e+01 6.178109514623835707e+01
1.689198059970391297e+00 4.295221905753752623e+01 7.717178051653472437e+01
1.704984957727123884e+00 4.164895396343648315e+01 8.987373202967768293e+01
1.720771855483856472e+00 4.011456422040050995e+01 1.084174507045524081e+02
1.736558753240589281e+00 3.822580354479974574e+01 1.239713247969305456e+02
1.752345650997321869e+00 3.620031896172883989e+01 1.266837371996183066e+02
1.768132548754054456e+00 3.422591713157742532e+01 1.227538670326710530e+02
1.783919446510787044e+00 3.232451346555217953e+01 1.135125138711744910e+02
1.799706344267519631e+00 3.064189623038957322e+01 1.047863804576320348e+02
1.815493242024252440e+00 2.901600971638673343e+01 9.889838974607286559e+01
1.831280139780985028e+00 2.751929869593607947e+01 9.537606567092724674e+01
1.847067037537717615e+00 2.600462532201404287e+01 9.407421878524669978e+01
1.862853935294450203e+00 2.454901854892170832e+01 9.125476724596992995e+01
1.878640833051182790e+00 2.312336596136092126e+01 9.002372369447155620e+01
1.894427730807915378e+00 2.170662790563176614e+01 8.895140104324701724e+01
1.910214628564648187e+00 2.031483261418519959e+01 8.746963988127495782e+01
1.926001526321380775e+00 1.894487938238394520e+01 8.665171498518589033e+01
1.941788424078113362e+00 1.757890908435186716e+01 8.463723527991518836e+01
1.957575321834845949e+00 1.627256062283085569e+01 8.154830767608889630e+01
1.973362219591578537e+00 1.500411949331788719e+01 7.820000253656841949e+01
1.989149117348311346e+00 1.380348973358877984e+01 7.452774036739594976e+01
2.004936015105043712e+00 1.265099585887709743e+01 7.213494734755794013e+01
2.020722912861776521e+00 1.152591565666240214e+01 6.967125807524431025e+01
2.036509810618509331e+00 1.045120980324346860e+01 6.480636308148091018e+01
2.052296708375241696e+00 9.479732800756339728e+00 5.972090869477241881e+01
2.068083606131974506e+00 8.565594044236394922e+00 5.515770509189711390e+01
2.083870503888706871e+00 7.738194699192758819e+00 4.979929002849619479e+01
2.099657401645439680e+00 6.993241444160906539e+00 4.419845750307636933e+01
2.115444299402172490e+00 6.342681639980041197e+00 3.826038732921946206e+01
2.131231197158904855e+00 5.785215798362154160e+00 3.176386696075321225e+01
2.147018094915637665e+00 5.339775799844304061e+00 2.631517976114388446e+01
2.162804992672370030e+00 4.954345693683717577e+00 2.094198681021014963e+01
2.178591890429102840e+00 4.678557790653042225e+00 1.425856901696317180e+01
2.194378788185835649e+00 4.504148551227491026e+00 8.483993446331911770e+00
2.210165685942568015e+00 4.410685916440979071e+00 3.073544469712979677e+00
2.225952583699300824e+00 4.407105086639231395e+00 -2.586461203461619895e+00
2.241739481456033189e+00 4.492350313582587518e+00 -7.522592526562140058e+00
2.257526379212765999e+00 4.644621884804026379e+00 -1.199084802601474209e+01
2.273313276969498808e+00 4.870946897189015523e+00 -1.595400255479496998e+01
2.289100174726231174e+00 5.148350299090425075e+00 -1.843154919880002041e+01
2.304887072482963983e+00 5.452900862588301756e+00 -2.037528225374584423e+01
2.320673970239696349e+00 5.791675294499333937e+00 -2.145084934266494869e+01
2.336460867996429158e+00 6.130185593323755455e+00 -2.071651194512946148e+01
2.352247765753161524e+00 6.445774206407111961e+00 -1.920472802568349380e+01
2.368034663509894333e+00 6.736551748898401470e+00 -1.728730172668009502e+01
2.383821561266627143e+00 6.991599936104884172e+00 -1.432133654757194741e+01
2.399608459023359508e+00 7.188730700530954643e+00 -1.051426225194195929e+01
2.415395356780092317e+00 7.323575102422646310e+00 -6.944140069373575308e+00
2.431182254536824683e+00 7.407983559098216375e+00 -3.634333575126827753e+00
2.446969152293557492e+00 7.438324807551421891e+00 -7.123399672008265959e-01
2.462756050050290302e+00 7.430474835558683822e+00 2.380545960331458488e+00
2.478542947807022667e+00 7.363161936189510648e+00 5.467654049856193410e+00
2.494329845563755477e+00 7.257840244650154204e+00 7.501682272948691832e+00
2.510116743320487842e+00 7.126305354096441391e+00 8.819290306616151653e+00
2.525903641077220652e+00 6.979381775935169507e+00 1.118510558234509666e+01
2.541690538833953461e+00 6.773149117642958572e+00 1.378793300007914091e+01
2.557477436590685826e+00 6.544044398837311149e+00 1.565625108699836510e+01
2.573264334347418636e+00 6.278821847314604021e+00 1.659767348062824865e+01
2.589051232104151001e+00 6.019992850360689651e+00 1.732949494871699159e+01
2.604838129860883811e+00 5.731663917452184620e+00 1.838735304056430309e+01
2.620625027617616620e+00 5.439434325424018724e+00 1.883776878874160943e+01
2.636411925374348986e+00 5.136884057786518909e+00 1.824569222808668556e+01
2.652198823131081795e+00 4.863348570012787420e+00 1.669479762843569404e+01
2.667985720887814161e+00 4.609765931327605593e+00 1.444908911449453370e+01
2.683772618644546970e+00 4.407135984955900199e+00 1.204451040357662883e+01
2.699559516401279780e+00 4.229475022785272209e+00 8.740912068460236384e+00
2.715346414158012145e+00 4.131152214705156034e+00 4.726477164004036169e+00
2.731133311914744954e+00 4.080242199309945583e+00 2.946293560989350357e-01
2.746920209671477320e+00 4.121849647663424321e+00 -5.479901414503985713e+00
2.762707107428210129e+00 4.253263486005443461e+00 -1.106588045786263486e+01
2.778494005184942495e+00 4.471241494416430484e+00 -1.581361268567705913e+01
2.794280902941675304e+00 4.752559259272151060e+00 -2.119124179948309461e+01
2.810067800698408114e+00 5.140329429669707295e+00 -2.775753017768807851e+01
2.825854698455140479e+00 5.628969841061315371e+00 -3.493822924631204785e+01
2.841641596211873289e+00 6.243461935495335347e+00 -4.122529361805293746e+01
2.857428493968605654e+00 6.930608831740283193e+00 -4.632613514748398131e+01
2.873215391725338463e+00 7.706153853571150236e+00 -5.225591197366208718e+01
2.889002289482071273e+00 8.580526310766330766e+00 -6.043226063144052063e+01
2.904789187238803638e+00 9.614229693164690005e+00 -6.927050861586801034e+01
2.920576084995536448e+00 1.076765918491748053e+01 -7.403600732532278528e+01
2.936362982752268813e+00 1.195182744908784755e+01 -7.590095373907580267e+01
2.952149880509001623e+00 1.316414037755204625e+01 -7.824106440142060137e+01
2.967936778265734432e+00 1.442219481725416763e+01 -7.802405189315990697e+01
2.983723676022466798e+00 1.562765583715867912e+01 -7.668332850854716298e+01
2.999510573779199607e+00 1.684337855087491675e+01 -7.515891922231536171e+01
3.015297471535931972e+00 1.800070818369711745e+01 -6.879918058483598031e+01
3.031084369292664782e+00 1.901562981015449694e+01 -6.646129146591479753e+01
3.046871267049397591e+00 2.009914341000272486e+01 -7.400019252980835915e+01
3.062658164806129957e+00 2.135209675704772536e+01 -8.197316285947007941e+01
3.078445062562862766e+00 2.268734729171961817e+01 -8.404142856906958059e+01
3.094231960319595132e+00 2.400560363734702563e+01 -8.050757985920236592e+01
3.110018858076327941e+00 2.522927715547804794e+01 -8.031994071523813261e+01
3.125805755833060751e+00 2.654160902114360709e+01 -9.136312574348670523e+01
3.141592653589793116e+00 2.811395780517391074e+01 -9.959833833469561171e+01
