0.000000000000000000e+00 2.496053783370793440e+02 1.980810519028710814e+01
1.578689775673262907e-02 2.492926698056856765e+02 3.961621038057151623e+01
3.157379551346525814e-02 2.483545442115047592e+02 7.923242076114033239e+01
4.736069327019788722e-02 2.467910015545365923e+02 1.188486311417109533e+02
6.314759102693051629e-02 2.446020418347811187e+02 1.386567363319962567e+02
7.893448878366314536e-02 2.424130821150256736e+02 1.386567363319962567e+02
9.472138654039577443e-02 2.402241223952702001e+02 1.386567363319971662e+02
1.105082842971284035e-01 2.380351626755147265e+02 1.386567363319971662e+02
1.262951820538610326e-01 2.358462029557592530e+02 1.386567363319962567e+02
1.420820798105936755e-01 2.336572432360038079e+02 1.386567363319962567e+02
1.578689775673262907e-01 2.314682835162483343e+02 1.386567363319962567e+02
1.736558753240589059e-01 2.292793237964928892e+02 1.386567363319944661e+02
1.894427730807915489e-01 2.270903640767374725e+02 1.386567363319944661e+02
2.052296708375241918e-01 2.249014043569820274e+02 1.386567363319962567e+02
2.210165685942568070e-01 2.227124446372265538e+02 1.386567363319971662e+02
2.368034663509894222e-01 2.205234849174710803e+02 1.386567363319971662e+02
2.525903641077220652e-01 2.183345251977156067e+02 1.386567363319953472e+02
2.683772618644547081e-01 2.161455654779601900e+02 1.386567363319953472e+02
2.841641596211873511e-01 2.139566057582047165e+02 1.386567363319971662e+02
2.999510573779199385e-01 2.117676460384492430e+02 1.386567363319971662e+02
3.157379551346525814e-01 2.095786863186937694e+02 1.386567363319953472e+02
3.315248528913852244e-01 2.073897265989383527e+02 1.386567363319953472e+02
3.473117506481178118e-01 2.052007668791828792e+02 1.386567363319971662e+02
3.630986484048504548e-01 2.030118071594274056e+02 1.386567363319962567e+02
3.788855461615830977e-01 2.008228474396719605e+02 1.386567363319953472e+02
3.946724439183157407e-01 1.986338877199165154e+02 1.386567363319953472e+02
4.104593416750483836e-01 1.964449280001610703e+02 1.386567363319953472e+02
4.262462394317809711e-01 1.942559682804056251e+02 1.386567363319962567e+02
4.420331371885136140e-01 1.920670085606501516e+02 1.386567363319971662e+02
4.578200349452462570e-01 1.898780488408946781e+02 1.386567363319962567e+02
4.736069327019788444e-01 1.876890891211392329e+02 1.386567363319962567e+02
4.893938304587114874e-01 1.855001294013837594e+02 1.386567363319971662e+02
5.051807282154441303e-01 1.833111696816282858e+02 1.386567363319962567e+02
5.209676259721767178e-01 1.811222099618728407e+02 1.386567363319944661e+02
5.367545237289094162e-01 1.789332502421174240e+02 1.386567363319944661e+02
5.525414214856420037e-01 1.767442905223619789e+02 1.386567363319962567e+02
5.683283192423747021e-01 1.745553308026065054e+02 1.386567363319971662e+02
5.841152169991072896e-01 1.723663710828510318e+02 1.386567363319971662e+02
5.999021147558398770e-01 1.701774113630955583e+02 1.386567363319962567e+02
6.156890125125725755e-01 1.679884516433401132e+02 1.386567363319953472e+02
6.314759102693051629e-01 1.657994919235846680e+02 1.386567363319962567e+02
6.472628080260377503e-01 1.636105322038291945e+02 1.386567363319962567e+02
6.630497057827704488e-01 1.614215724840737494e+02 1.386567363319962567e+02
6.788366035395030362e-01 1.592326127643182758e+02 1.386567363319971662e+02
6.946235012962356237e-01 1.570436530445628023e+02 1.386567363319953472e+02
7.104103990529683221e-01 1.548546933248073856e+02 1.386567363319953472e+02
7.261972968097009096e-01 1.526657336050519120e+02 1.386567363319962567e+02
7.419841945664336080e-01 1.504767738852964669e+02 1.386567363319953472e+02
7.577710923231661955e-01 1.482878141655410218e+02 1.386567363319962567e+02
7.735579900798987829e-01 1.460988544457855483e+02 1.386567363319962567e+02
7.893448878366314814e-01 1.439098947260301031e+02 1.386567363319953472e+02
8.051317855933640688e-01 1.417209350062746580e+02 1.386567363319962567e+02
8.209186833500967673e-01 1.395319752865191845e+02 1.386567363319962567e+02
8.367055811068293547e-01 1.373430155667637393e+02 1.386567363319962567e+02
8.524924788635619421e-01 1.351540558470082658e+02 1.386567363319971662e+02
8.682793766202946406e-01 1.329650961272527923e+02 1.386567363319962567e+02
8.840662743770272280e-01 1.307761364074973471e+02 1.386567363319944661e+02
8.998531721337598155e-01 1.285871766877419304e+02 1.386567363319958019e+02
9.156400698904925139e-01 1.263982169679864427e+02 1.386567363319971662e+02
9.314269676472251014e-01 1.242092572482309834e+02 1.386567363319967114e+02
9.472138654039576888e-01 1.220202975284755098e+02 1.386567363319962567e+02
9.630007631606903873e-01 1.198313378087200647e+02 1.386567363319958019e+02
9.787876609174229747e-01 1.176423780889646054e+02 1.386567363319962567e+02
9.945745586741556732e-01 1.154534183692091460e+02 1.386567363319958019e+02
1.010361456430888261e+00 1.132644586494537009e+02 1.386567363319958019e+02
1.026148354187620848e+00 1.110754989296982416e+02 1.386567363319962567e+02
1.041935251944353436e+00 1.088865392099427822e+02 1.386567363319962567e+02
1.057722149701086245e+00 1.066975794901873229e+02 1.386567363319953472e+02
1.073509047457818832e+00 1.045086197704318920e+02 1.386567363319958019e+02
1.089295945214551420e+00 1.023196600506764185e+02 1.386567363319967114e+02
1.105082842971284007e+00 1.001307003309209591e+02 1.386567363319962567e+02
1.120869740728016595e+00 9.794174061116549979e+01 1.386567363319967114e+02
1.136656638484749404e+00 9.575278089141002624e+01 1.386567363319962567e+02
1.152443536241481992e+00 9.356382117165458112e+01 1.386567363319953472e+02
1.168230433998214579e+00 9.137486145189913600e+01 1.386567363319958019e+02
1.184017331754947167e+00 8.918590173214367667e+01 1.386567363319962567e+02
1.199804229511679754e+00 8.699694201238821734e+01 1.386567363319962567e+02
1.215591127268412341e+00 8.480798229263275800e+01 1.386567363319962567e+02
1.231378025025145151e+00 8.261902257287729867e+01 1.386567363319958019e+02
1.247164922781877738e+00 8.043006285312185355e+01 1.386567363319958019e+02
1.262951820538610326e+00 7.824110313336639422e+01 1.386567363319962567e+02
1.278738718295342913e+00 7.605214341361093489e+01 1.386567363319962567e+02
1.294525616052075501e+00 7.386318369385547555e+01 1.386567363319962567e+02
1.310312513808808310e+00 7.167422397410001622e+01 1.386567363319962567e+02
1.326099411565540898e+00 6.948526425434455689e+01 1.386567363319962567e+02
1.341886309322273485e+00 6.729630453458909756e+01 1.362374363451060617e+02
1.357673207079006072e+00 6.518373129790543885e+01 1.340634893649988442e+02
1.373460104835738660e+00 6.306341133555699940e+01 1.364827893518890676e+02
1.389247002592471247e+00 6.087445161580154007e+01 1.312185164763846217e+02
1.405033900349204057e+00 5.892034472875135975e+01 1.110852103881879032e+02
1.420820798105936644e+00 5.736706989843462878e+01 9.291796110127749841e+01
1.436607695862669232e+00 5.598657202541150468e+01 8.194720427592068290e+01
1.452394593619401819e+00 5.477968562772654337e+01 6.996825059959847692e+01
1.468181491376134407e+00 5.377740878854488926e+01 5.763212866361195807e+01
1.483968389132867216e+00 5.296002058229593956e+01 3.875720572180739509e+01
1.499755286889599804e+00 5.255369670041123698e+01 3.297501335977320736e+01
1.515542184646332391e+00 5.191887425342067530e+01 5.458621899824642298e+01
1.531329082403064978e+00 5.083020258390737212e+01 7.029038935951516009e+01
1.547115980159797566e+00 4.969953987322148947e+01 7.100951260604337278e+01
1.562902877916530375e+00 4.858816275337332513e+01 7.772522591329519059e+01
1.578689775673262963e+00 4.724545948399721595e+01 8.455853474302173822e+01
1.594476673429995550e+00 4.591832886847890904e+01 9.480753404952756114e+01
1.610263571186728138e+00 4.425202579078153775e+01 1.014171194066140913e+02
1.626050468943460725e+00 4.271620547876978691e+01 8.475423207269604120e+01
1.641837366700193535e+00 4.157601299841745401e+01 7.294901421210182946e+01
1.657624264456926122e+00 4.041292822112801275e+01 7.544604965157716947e+01
1.673411162213658709e+00 3.919389485441980980e+01 7.468689714625459430e+01
1.689198059970391297e+00 3.805477940309695839e+01 7.372478016735983886e+01
1.704984957727123884e+00 3.686612372114041136e+01 7.130269500101611868e+01
1.720771855483856472e+00 3.580348269157589414e+01 6.699795857536288679e+01
1.736558753240589281e+00 3.475074387726228764e+01 7.564638898368278319e+01
1.752345650997321869e+00 3.341503907447304300e+01 8.329986457354225138e+01
1.768132548754054456e+00 3.212065098691791576e+01 8.447762733060950779e+01
1.783919446510787044e+00 3.074775974367365450e+01 8.764189942011121559e+01
1.799706344267519631e+00 2.935346357621563484e+01 8.764854657296791629e+01
1.815493242024252440e+00 2.798036245712632919e+01 8.741584487651195445e+01
1.831280139780985028e+00 2.659341356544784674e+01 8.913326823697764212e+01
1.847067037537717615e+00 2.516608687236514896e+01 8.862606290603739012e+01
1.862853935294450203e+00 2.379515237808911365e+01 8.813595502654364111e+01
1.878640833051182790e+00 2.238330025097308962e+01 8.605804136251046543e+01
1.894427730807915378e+00 2.107797337781987324e+01 8.144474757425767564e+01
1.910214628564648187e+00 1.981178044541768202e+01 8.083506090708863212e+01
1.926001526321380775e+00 1.852570369442094744e+01 8.069591669250725374e+01
1.941788424078113362e+00 1.726390407299683005e+01 7.855875131681357004e+01
1.957575321834845949e+00 1.604530574455070635e+01 7.556689885064346868e+01
1.973362219591578537e+00 1.487797026109990028e+01 7.194378677862854943e+01
1.989149117348311346e+00 1.377376733233794326e+01 6.999976066218923165e+01
2.004936015105043712e+00 1.266781213196042799e+01 6.881291471301629770e+01
2.020722912861776521e+00 1.160108243450364185e+01 6.631381921251735889e+01
2.036509810618509331e+00 1.057403316442750096e+01 6.275812000974754312e+01
2.052296708375241696e+00 9.619570386506360649e+00 5.783025943158040860e+01
2.068083606131974506e+00 8.748112378644135489e+00 5.283016059282975618e+01
2.083870503888706871e+00 7.951521699004823418e+00 4.739043737440469783e+01
2.099657401645439680e+00 7.251816399691000115e+00 4.071940866249038748e+01
2.115444299402172490e+00 6.665855416466126115e+00 3.410929435484577255e+01
2.131231197158904855e+00 6.174856514622504733e+00 2.709973811037706781e+01
2.147018094915637665e+00 5.810213826900619161e+00 1.942914097393724759e+01
2.162804992672370030e+00 5.561404790509120843e+00 1.289387635409776323e+01
2.178591890429102840e+00 5.403105211520431439e+00 6.735785815709093072e+00
2.194378788185835649e+00 5.348730466541422146e+00 1.090246403026556399e+00
2.210165685942568015e+00 5.368681994531979917e+00 -4.015724363248003748e+00
2.225952583699300824e+00 5.475522126425055092e+00 -9.802188781440150933e+00
2.241739481456033189e+00 5.678174298701554434e+00 -1.474524143447039570e+01
2.257526379212765999e+00 5.941085364273698488e+00 -1.777353278789334823e+01
2.273313276969498808e+00 6.239352188498369145e+00 -2.085644640414059481e+01
2.289100174726231174e+00 6.599602538175581401e+00 -2.345239523076992327e+01
2.304887072482963983e+00 6.979833319815666570e+00 -2.501630470431251752e+01
2.320673970239696349e+00 7.389462227412083806e+00 -2.587618297302847026e+01
2.336460867996429158e+00 7.796842629675079017e+00 -2.505289542034913097e+01
2.352247765753161524e+00 8.180477224434417494e+00 -2.317991676785198507e+01
2.368034663509894333e+00 8.528720581722382121e+00 -2.119272571184597709e+01
2.383821561266627143e+00 8.849612012433199837e+00 -1.834988516006482939e+01
2.399608459023359508e+00 9.108096103461839732e+00 -1.454373002708563689e+01
2.415395356780092317e+00 9.308812770311446272e+00 -1.006067950546687406e+01
2.431182254536824683e+00 9.425749940893961565e+00 -5.133149544401771180e+00
2.446969152293557492e+00 9.470885784366425142e+00 -7.655778235170935808e-01
2.462756050050290302e+00 9.449922138543334071e+00 2.889511426043015696e+00
2.478542947807022667e+00 9.379652941466721572e+00 6.199770618625339402e+00
2.494329845563755477e+00 9.254171848800467615e+00 9.673838895592160370e+00
2.510116743320487842e+00 9.074213130347088097e+00 1.269782224076656085e+01
2.525903641077220652e+00 8.853253405904172979e+00 1.428170869709123458e+01
2.541690538833953461e+00 8.623285380362251118e+00 1.535497338488028696e+01
2.557477436590685826e+00 8.368438616135261299e+00 1.706786614939149160e+01
2.573264334347418636e+00 8.084388064710168464e+00 1.879855260008447715e+01
2.589051232104151001e+00 7.774896960391073364e+00 2.053525771983375492e+01
2.604838129860883811e+00 7.436012036647828616e+00 2.144019329564944698e+01
2.620625027617616620e+00 7.097948681505068969e+00 2.144445724475906090e+01
2.636411925374348986e+00 6.758929128704557421e+00 2.207223450643232354e+01
2.652198823131081795e+00 6.401044462673723068e+00 2.212329720975126435e+01
2.667985720887814161e+00 6.060412666520254454e+00 2.068129213918678033e+01
2.683772618644546970e+00 5.748057573716803148e+00 1.845872303128799174e+01
2.699559516401279780e+00 5.477600720090675779e+00 1.523297574066770288e+01
2.715346414158012145e+00 5.267094712619384111e+00 1.171837779248538958e+01
2.731133311914744954e+00 5.107607055921209671e+00 7.726662989395470582e+00
2.746920209671477320e+00 5.023134635390751335e+00 1.881395856458696558e+00
2.762707107428210129e+00 5.048204247869501948e+00 -4.185416385281047980e+00
2.778494005184942495e+00 5.155284116478322076e+00 -1.032915191968567648e+01
2.794280902941675304e+00 5.374334778409174618e+00 -1.726450400348980807e+01
2.810067800698408114e+00 5.700390035525911614e+00 -2.444186299828220399e+01
2.825854698455140479e+00 6.146057162685069741e+00 -3.183864769547492202e+01
2.841641596211873289e+00 6.705656987288098669e+00 -3.915379993448088669e+01
2.857428493968605654e+00 7.382291235391498674e+00 -4.533524599943038424e+01
2.873215391725338463e+00 8.137062774026757594e+00 -5.170812900286946245e+01
2.889002289482071273e+00 9.014913126911981323e+00 -5.778791613110774250e+01
2.904789187238803638e+00 9.961646621099633947e+00 -6.280881857641781352e+01
2.920576084995536448e+00 1.099802592108613553e+01 -6.849573685083768737e+01
2.936362982752268813e+00 1.212431700997210982e+01 -7.491628507380008273e+01
2.952149880509001623e+00 1.336341738663476875e+01 -8.016395574128854662e+01
2.967936778265734432e+00 1.465539735609803351e+01 -8.386256967689543274e+01
2.983723676022466798e+00 1.601127701284679716e+01 -8.923337530881511270e+01
2.999510573779199607e+00 1.747283370107486178e+01 -9.408812279637217557e+01
3.015297471535931972e+00 1.898199616226526132e+01 -9.812920487203538755e+01
3.031084369292664782e+00 2.057114514960344565e+01 -9.597831412690301534e+01
3.046871267049397591e+00 2.201239582623523106e+01 -8.964900388487158978e+01
3.062658164806129957e+00 2.340170446625023359e+01 -8.483894256229169173e+01
3.078445062562862766e+00 2.469108325027565343e+01 -8.052507123754350005e+01
3.094231960319595132e+00 2.594418659921165471e+01 -7.566245158892476752e+01
3.110018858076327941e+00 2.708003402479182853e+01 -6.866574399285518382e+01
3.125805755833060751e+00 2.811222475882201977e+01 -6.271079899129861701e+01
3.141592653589793116e+00 2.906005196862911433e+01 -6.003885148384363646e+01
