0.000000000000000000e+00 1.184218817464075784e+02 6.076061857423311174e+00
1.578689775673262907e-02 1.183259595791008536e+02 1.215212371484617115e+01
3.157379551346525814e-02 1.180381930771806935e+02 2.430424742969279350e+01
4.736069327019788722e-02 1.175585822406470697e+02 3.645637114453896288e+01
6.314759102693051629e-02 1.168871270695000248e+02 4.253243300196227494e+01
7.893448878366314536e-02 1.162156718983529515e+02 4.253243300196227494e+01
9.472138654039577443e-02 1.155442167272059066e+02 4.253243300196182730e+01
1.105082842971284035e-01 1.148727615560588475e+02 4.253243300196227494e+01
1.262951820538610326e-01 1.142013063849117884e+02 4.253243300196227494e+01
1.420820798105936755e-01 1.135298512137647293e+02 4.253243300196227494e+01
1.578689775673262907e-01 1.128583960426176702e+02 4.253243300196137966e+01
1.736558753240589059e-01 1.121869408714706395e+02 4.253243300196182730e+01
1.894427730807915489e-01 1.115154857003235662e+02 4.253243300196272969e+01
2.052296708375241918e-01 1.108440305291765071e+02 4.253243300196227494e+01
2.210165685942568070e-01 1.101725753580294480e+02 4.253243300196182730e+01
2.368034663509894222e-01 1.095011201868824031e+02 4.253243300196182730e+01
2.525903641077220652e-01 1.088296650157353440e+02 4.253243300196227494e+01
2.683772618644547081e-01 1.081582098445882849e+02 4.253243300196227494e+01
2.841641596211873511e-01 1.074867546734412258e+02 4.253243300196182730e+01
2.999510573779199385e-01 1.068152995022941809e+02 4.253243300196182730e+01
3.157379551346525814e-01 1.061438443311471218e+02 4.253243300196227494e+01
3.315248528913852244e-01 1.054723891600000627e+02 4.253243300196182730e+01
3.473117506481178118e-01 1.048009339888530178e+02 4.253243300196227494e+01
3.630986484048504548e-01 1.041294788177059445e+02 4.253243300196272969e+01
3.788855461615830977e-01 1.034580236465588854e+02 4.253243300196227494e+01
3.946724439183157407e-01 1.027865684754118263e+02 4.253243300196182730e+01
4.104593416750483836e-01 1.021151133042647814e+02 4.253243300196137966e+01
4.262462394317809711e-01 1.014436581331177365e+02 4.253243300196182730e+01
4.420331371885136140e-01 1.007722029619706774e+02 4.253243300196272969e+01
4.578200349452462570e-01 1.001007477908236041e+02 4.253243300196272969e+01
4.736069327019788444e-01 9.942929261967654497e+01 4.253243300196182730e+01
4.893938304587114874e-01 9.875783744852950008e+01 4.253243300196182730e+01
5.051807282154441303e-01 9.808638227738244098e+01 4.253243300196227494e+01
5.209676259721767178e-01 9.741492710623538187e+01 4.253243300196182730e+01
5.367545237289094162e-01 9.674347193508833698e+01 4.253243300196227494e+01
5.525414214856420037e-01 9.607201676394126366e+01 4.253243300196272969e+01
5.683283192423747021e-01 9.540056159279420456e+01 4.253243300196227494e+01
5.841152169991072896e-01 9.472910642164714545e+01 4.253243300196182730e+01
5.999021147558398770e-01 9.405765125050010056e+01 4.253243300196137966e+01
6.156890125125725755e-01 9.338619607935305567e+01 4.253243300196182730e+01
6.314759102693051629e-01 9.271474090820599656e+01 4.253243300196227494e+01
6.472628080260377503e-01 9.204328573705893746e+01 4.253243300196272969e+01
6.630497057827704488e-01 9.137183056591186414e+01 4.253243300196227494e+01
6.788366035395030362e-01 9.070037539476481925e+01 4.253243300196182730e+01
6.946235012962356237e-01 9.002892022361776014e+01 4.253243300196182730e+01
7.104103990529683221e-01 8.935746505247071525e+01 4.253243300196182730e+01
7.261972968097009096e-01 8.868600988132365615e+01 4.253243300196227494e+01
7.419841945664336080e-01 8.801455471017659704e+01 4.253243300196227494e+01
7.577710923231661955e-01 8.734309953902953794e+01 4.253243300196182730e+01
7.735579900798987829e-01 8.667164436788249304e+01 4.253243300196182730e+01
7.893448878366314814e-01 8.600018919673543394e+01 4.253243300196227494e+01
8.051317855933640688e-01 8.532873402558837483e+01 4.253243300196227494e+01
8.209186833500967673e-01 8.465727885444131573e+01 4.253243300196227494e+01
8.367055811068293547e-01 8.398582368329425663e+01 4.253243300196182730e+01
8.524924788635619421e-01 8.331436851214721173e+01 4.253243300196182730e+01
8.682793766202946406e-01 8.264291334100015263e+01 4.253243300196227494e+01
8.840662743770272280e-01 8.197145816985309352e+01 4.253243300196227494e+01
8.998531721337598155e-01 8.130000299870603442e+01 4.253243300196182730e+01
9.156400698904925139e-01 8.062854782755898952e+01 4.253243300196182730e+01
9.314269676472251014e-01 7.995709265641193042e+01 4.253243300196272969e+01
9.472138654039576888e-01 7.928563748526485710e+01 4.253243300196182730e+01
9.630007631606903873e-01 7.861418231411782642e+01 4.253243300196137966e+01
9.787876609174229747e-01 7.794272714297076732e+01 4.253243300196227494e+01
9.945745586741556732e-01 7.727127197182370821e+01 4.253243300196227494e+01
1.010361456430888261e+00 7.659981680067664911e+01 4.253243300196227494e+01
1.026148354187620848e+00 7.592836162952959000e+01 4.253243300196227494e+01
1.041935251944353436e+00 7.525690645838253090e+01 4.253243300196182730e+01
1.057722149701086245e+00 7.458545128723548601e+01 4.253243300196227494e+01
1.073509047457818832e+00 7.391399611608841269e+01 4.253243300196227494e+01
1.089295945214551420e+00 7.324254094494136780e+01 4.253243300196182730e+01
1.105082842971284007e+00 7.257108577379430869e+01 4.253243300196227494e+01
1.120869740728016595e+00 7.189963060264724959e+01 4.253243300196227494e+01
1.136656638484749404e+00 7.122817543150019048e+01 4.253243300196182730e+01
1.152443536241481992e+00 7.055672026035314559e+01 4.253243300196182730e+01
1.168230433998214579e+00 6.988526508920608649e+01 4.253243300196182730e+01
1.184017331754947167e+00 6.921380991805904159e+01 4.253243300196227494e+01
1.199804229511679754e+00 6.854235474691196828e+01 4.253243300196272969e+01
1.215591127268412341e+00 6.787089957576490917e+01 4.253243300196182730e+01
1.231378025025145151e+00 6.719944440461786428e+01 4.253243300196182730e+01
1.247164922781877738e+00 6.652798923347080517e+01 4.253243300196227494e+01
1.262951820538610326e+00 6.585653406232374607e+01 4.253243300196182730e+01
1.278738718295342913e+00 6.518507889117670118e+01 4.253243300196182730e+01
1.294525616052075501e+00 6.451362372002964207e+01 4.253243300196227494e+01
1.310312513808808310e+00 6.384216854888258297e+01 4.253243300196227494e+01
1.326099411565540898e+00 6.317071337773552386e+01 4.253243300196205468e+01
1.341886309322273485e+00 6.249925820658847186e+01 4.253243300196205468e+01
1.357673207079006072e+00 6.182780303544141276e+01 4.253243300196227494e+01
1.373460104835738660e+00 6.115634786429435366e+01 4.253243300196205468e+01
1.389247002592471247e+00 6.048489269314730166e+01 4.253243300196205468e+01
1.405033900349204057e+00 5.981343752200024255e+01 4.253243300196227494e+01
1.420820798105936644e+00 5.914198235085318345e+01 4.253243300196182730e+01
1.436607695862669232e+00 5.847052717970613855e+01 5.123149430835381679e+01
1.452394593619401819e+00 5.752440962571196081e+01 4.848394711842786364e+01
1.468181491376134407e+00 5.693970494770323398e+01 3.978488581203587415e+01
1.483968389132867216e+00 5.626824977655617488e+01 5.199563095883018349e+01
1.499755286889599804e+00 5.529800552821552628e+01 6.454588537302666396e+01
1.515542184646332391e+00 5.423029119055266278e+01 7.456801067707492336e+01
1.531329082403064978e+00 5.294361040725166845e+01 8.393368719095957431e+01
1.547115980159797566e+00 5.158018611449414692e+01 7.856242105644180640e+01
1.562902877916530375e+00 5.046309658977281742e+01 9.290598043227298319e+01
1.578689775673262963e+00 4.864679168634755513e+01 1.127640404850311313e+02
1.594476673429995550e+00 4.690270783422632661e+01 9.811751113580933747e+01
1.610263571186728138e+00 4.554884945345536096e+01 8.737252352967553293e+01
1.626050468943460725e+00 4.414402564280491958e+01 8.337452280356305323e+01
1.641837366700193535e+00 4.291639931942291497e+01 8.218177043474268828e+01
1.657624264456926122e+00 4.154923522816380910e+01 8.543049201014352434e+01
1.673411162213658709e+00 4.021903443407991574e+01 7.144945926167763162e+01
1.689198059970391297e+00 3.929330461188793322e+01 5.838055831285437591e+01
1.704984957727123884e+00 3.837573862394791746e+01 6.294929041372025580e+01
1.720771855483856472e+00 3.730575658864739097e+01 6.199843199089787760e+01
1.736558753240589281e+00 3.641821281011182521e+01 5.829681557586109619e+01
1.752345650997321869e+00 3.546510485456895623e+01 5.452010736716619022e+01
1.768132548754054456e+00 3.469680608872874927e+01 5.262505518128536863e+01
1.783919446510787044e+00 3.380353212339022662e+01 6.352626026073898657e+01
1.799706344267519631e+00 3.269104093752100226e+01 7.334340666492083471e+01
1.815493242024252440e+00 3.148780239909109113e+01 7.806575470702847497e+01
1.831280139780985028e+00 3.022620876179694704e+01 8.209735158765511187e+01
1.847067037537717615e+00 2.889567740786540639e+01 8.419703287730887098e+01
1.862853935294450203e+00 2.756778886288828545e+01 8.658848307074923412e+01
1.878640833051182790e+00 2.616175034956842183e+01 8.766377589087765898e+01
1.894427730807915378e+00 2.479991072897146864e+01 8.300757327459895407e+01
1.910214628564648187e+00 2.354088620492725070e+01 7.926928154729833409e+01
1.926001526321380775e+00 2.229707864289776609e+01 7.679959883066644011e+01
1.941788424078113362e+00 2.111603137593162316e+01 7.595239988068236414e+01
1.957575321834845949e+00 1.989897310030815802e+01 7.548379411316223297e+01
1.973362219591578537e+00 1.873272149602212622e+01 7.258081363318825652e+01
1.989149117348311346e+00 1.760732133245294051e+01 7.047135392643663465e+01
2.004936015105043712e+00 1.650767337759177877e+01 6.969141829762263285e+01
2.020722912861776521e+00 1.540689874208043264e+01 6.823245703954297881e+01
2.036509810618509331e+00 1.435331573164394570e+01 6.563197830846671366e+01
2.052296708375241696e+00 1.333464807982471712e+01 6.332775072222746360e+01
2.068083606131974506e+00 1.235381828001263393e+01 6.124342641822860855e+01
2.083870503888706871e+00 1.140096065755161092e+01 5.868648666051593210e+01
2.099657401645439680e+00 1.050086315078979737e+01 5.538730247724473799e+01
2.115444299402172490e+00 9.652173295092637773e+00 5.209647004810624082e+01
2.131231197158904855e+00 8.855979858517523340e+00 4.847242920212706707e+01
2.147018094915637665e+00 8.121714727423755775e+00 4.500753503083295470e+01
2.162804992672370030e+00 7.434921150888879282e+00 4.185555267975444593e+01
2.178591890429102840e+00 6.800176066010116038e+00 3.806199311373688943e+01
2.194378788185835649e+00 6.233159563480827892e+00 3.376615898759549594e+01
2.210165685942568015e+00 5.734050266860618805e+00 3.016014155435191668e+01
2.225952583699300824e+00 5.280889421386554261e+00 2.692035384920006180e+01
2.241739481456033189e+00 4.884072519275848734e+00 2.414451727042304086e+01
2.257526379212765999e+00 4.518555370318886766e+00 2.160119479193616954e+01
2.273313276969498808e+00 4.202040812068725373e+00 1.728900022979552631e+01
2.289100174726231174e+00 3.972676012431068937e+00 1.261553745068511390e+01
2.304887072482963983e+00 3.803720412308330800e+00 8.419224068213855716e+00
2.320673970239696349e+00 3.706849153319239587e+00 3.746755067161910535e+00
2.336460867996429158e+00 3.685421133978720842e+00 -1.524492754738247191e+00
2.352247765753161524e+00 3.754983175819104346e+00 -7.074560816899261084e+00
2.368034663509894333e+00 3.908791870559071846e+00 -1.183851066069096447e+01
2.383821561266627143e+00 4.128769890603739334e+00 -1.470758334907302256e+01
2.399608459023359508e+00 4.373166099719949962e+00 -1.644167413647226894e+01
2.415395356780092317e+00 4.647895947687745277e+00 -1.711249784189786993e+01
2.431182254536824683e+00 4.913472607304648854e+00 -1.659359941237359237e+01
2.446969152293557492e+00 5.171818862366386327e+00 -1.521651840070073014e+01
2.462756050050290302e+00 5.393915847715255119e+00 -1.346226713615453541e+01
2.478542947807022667e+00 5.596873732070973162e+00 -1.225513062392128738e+01
2.494329845563755477e+00 5.780856836025751733e+00 -1.120725228598236711e+01
2.510116743320487842e+00 5.950729224016396479e+00 -1.016768141771828660e+01
2.525903641077220652e+00 6.101889129954849444e+00 -9.853026443861471861e+00
2.541690538833953461e+00 6.261826666143644360e+00 -9.595862793622250919e+00
2.557477436590685826e+00 6.404866939575947882e+00 -8.879561441671835809e+00
2.573264334347418636e+00 6.542188123352241647e+00 -7.596743430549973475e+00
2.589051232104151001e+00 6.644724963220393299e+00 -5.172138631416472343e+00
2.604838129860883811e+00 6.705492170867879409e+00 -2.699738125420886536e+00
2.620625027617616620e+00 6.729965942732338391e+00 -8.109956705603769134e-01
2.636411925374348986e+00 6.731098382332458385e+00 1.571824893774276477e+00
2.652198823131081795e+00 6.680337464953335136e+00 4.031239769526600014e+00
2.667985720887814161e+00 6.603816842183676705e+00 6.938190464842636018e+00
2.683772618644546970e+00 6.461272457982919271e+00 1.095299857107717401e+01
2.699559516401279780e+00 6.257989105041208866e+00 1.431328740545674627e+01
2.715346414158012145e+00 6.009347648317570290e+00 1.634496489626795324e+01
2.731133311914744954e+00 5.741916525731676657e+00 1.786444818561118808e+01
2.746920209671477320e+00 5.445299214344187178e+00 1.922080088774198003e+01
2.762707107428210129e+00 5.135042888897079827e+00 2.079214340255360582e+01
2.778494005184942495e+00 4.788812330265313832e+00 2.021955499027455971e+01
2.794280902941675304e+00 4.496634794260884860e+00 1.545629559242981443e+01
2.810067800698408114e+00 4.300798413834260536e+00 1.099421590391978576e+01
2.825854698455140479e+00 4.149505669479633951e+00 8.518861253656021759e+00
2.841641596211873289e+00 4.031825630603742994e+00 7.249871281706421478e+00
2.857428493968605654e+00 3.920599716132091128e+00 6.737876887511446533e+00
2.873215391725338463e+00 3.819085283562552835e+00 4.111995130511990837e+00
2.889002289482071273e+00 3.790768422728940656e+00 3.128035490061653601e+00
2.904789187238803638e+00 3.720321330640484092e+00 6.088509694339156120e+00
2.920576084995536448e+00 3.598531062658125279e+00 6.113014909265338304e+00
2.936362982752268813e+00 3.527310247924575926e+00 4.918563821059143137e+00
2.952149880509001623e+00 3.443233334352075570e+00 3.298917205353513626e+00
2.967936778265734432e+00 3.423150910666891811e+00 -1.490950014960434222e+00
2.983723676022466798e+00 3.490308285245234288e+00 -4.331282400893417872e+00
2.999510573779199607e+00 3.559905935503771435e+00 -9.194901368121723095e+00
3.015297471535931972e+00 3.780626220808791516e+00 -1.667048543326135501e+01
3.031084369292664782e+00 4.086256433683766787e+00 -2.016257833329883198e+01
3.046871267049397591e+00 4.417235346128594031e+00 -2.456111208416895408e+01
3.062658164806129957e+00 4.861743964212617897e+00 -3.005519767910801576e+01
3.078445062562862766e+00 5.366192011765526182e+00 -3.598539059861748513e+01
3.094231960319595132e+00 5.997939328445541562e+00 -4.527903947129863838e+01
3.110018858076327941e+00 6.795823145078431438e+00 -5.015083544150207473e+01
3.125805755833060751e+00 7.581391551504974124e+00 -5.095116861574529565e+01
3.141592653589793116e+00 8.404544924124062177e+00 -5.214155341368688568e+01
