0.000000000000000000e+00 2.339639207168131065e+02 1.759387535361788935e+01
1.578689775673262907e-02 2.336861680054608428e+02 3.518775070723668108e+01
3.157379551346525814e-02 2.328529098714040231e+02 7.037550141447516694e+01
4.736069327019788722e-02 2.314641463146426190e+02 1.055632521217118409e+02
6.314759102693051629e-02 2.295198773351767159e+02 1.231571274753288350e+02
7.893448878366314536e-02 2.275756083557108127e+02 1.231571274753297303e+02
9.472138654039577443e-02 2.256313393762448811e+02 1.231571274753297303e+02
1.105082842971284035e-01 2.236870703967789780e+02 1.231571274753297303e+02
1.262951820538610326e-01 2.217428014173130464e+02 1.231571274753297303e+02
1.420820798105936755e-01 2.197985324378471432e+02 1.231571274753288350e+02
1.578689775673262907e-01 2.178542634583812401e+02 1.231571274753288350e+02
1.736558753240589059e-01 2.159099944789153369e+02 1.231571274753306255e+02
1.894427730807915489e-01 2.139657254994493769e+02 1.231571274753297303e+02
2.052296708375241918e-01 2.120214565199835022e+02 1.231571274753288350e+02
2.210165685942568070e-01 2.100771875405175706e+02 1.231571274753297303e+02
2.368034663509894222e-01 2.081329185610516674e+02 1.231571274753288350e+02
2.525903641077220652e-01 2.061886495815857643e+02 1.231571274753297303e+02
2.683772618644547081e-01 2.042443806021198327e+02 1.231571274753297303e+02
2.841641596211873511e-01 2.023001116226539295e+02 1.231571274753297303e+02
2.999510573779199385e-01 2.003558426431879980e+02 1.231571274753306255e+02
3.157379551346525814e-01 1.984115736637220664e+02 1.231571274753288350e+02
3.315248528913852244e-01 1.964673046842561916e+02 1.231571274753279255e+02
3.473117506481178118e-01 1.945230357047902885e+02 1.231571274753306255e+02
3.630986484048504548e-01 1.925787667253243285e+02 1.231571274753306255e+02
3.788855461615830977e-01 1.906344977458584253e+02 1.231571274753288350e+02
3.946724439183157407e-01 1.886902287663925222e+02 1.231571274753306255e+02
4.104593416750483836e-01 1.867459597869265622e+02 1.231571274753306255e+02
4.262462394317809711e-01 1.848016908074606590e+02 1.231571274753279255e+02
4.420331371885136140e-01 1.828574218279947843e+02 1.231571274753297303e+02
4.578200349452462570e-01 1.809131528485288243e+02 1.231571274753306255e+02
4.736069327019788444e-01 1.789688838690629211e+02 1.231571274753297303e+02
4.893938304587114874e-01 1.770246148895969895e+02 1.231571274753297303e+02
5.051807282154441303e-01 1.750803459101310864e+02 1.231571274753279255e+02
5.209676259721767178e-01 1.731360769306652116e+02 1.231571274753297303e+02
5.367545237289094162e-01 1.711918079511992516e+02 1.231571274753306255e+02
5.525414214856420037e-01 1.692475389717333485e+02 1.231571274753288350e+02
5.683283192423747021e-01 1.673032699922674453e+02 1.231571274753297303e+02
5.841152169991072896e-01 1.653590010128015138e+02 1.231571274753297303e+02
5.999021147558398770e-01 1.634147320333356106e+02 1.231571274753288350e+02
6.156890125125725755e-01 1.614704630538697074e+02 1.231571274753297303e+02
6.314759102693051629e-01 1.595261940744037759e+02 1.231571274753297303e+02
6.472628080260377503e-01 1.575819250949378727e+02 1.231571274753297303e+02
6.630497057827704488e-01 1.556376561154719411e+02 1.231571274753306255e+02
6.788366035395030362e-01 1.536933871360060095e+02 1.231571274753288350e+02
6.946235012962356237e-01 1.517491181565401348e+02 1.231571274753279255e+02
7.104103990529683221e-01 1.498048491770742316e+02 1.231571274753297303e+02
7.261972968097009096e-01 1.478605801976083001e+02 1.231571274753297303e+02
7.419841945664336080e-01 1.459163112181423969e+02 1.231571274753297303e+02
7.577710923231661955e-01 1.439720422386764653e+02 1.231571274753297303e+02
7.735579900798987829e-01 1.420277732592105622e+02 1.231571274753297303e+02
7.893448878366314814e-01 1.400835042797446306e+02 1.231571274753297303e+02
8.051317855933640688e-01 1.381392353002787274e+02 1.231571274753297303e+02
8.209186833500967673e-01 1.361949663208127959e+02 1.231571274753297303e+02
8.367055811068293547e-01 1.342506973413468927e+02 1.231571274753297303e+02
8.524924788635619421e-01 1.323064283618809611e+02 1.231571274753306255e+02
8.682793766202946406e-01 1.303621593824150295e+02 1.231571274753297303e+02
8.840662743770272280e-01 1.284178904029491264e+02 1.231571274753292755e+02
8.998531721337598155e-01 1.264736214234832090e+02 1.231571274753297303e+02
9.156400698904925139e-01 1.245293524440172916e+02 1.231571274753297303e+02
9.314269676472251014e-01 1.225850834645513743e+02 1.231571274753297303e+02
9.472138654039576888e-01 1.206408144850854569e+02 1.231571274753292755e+02
9.630007631606903873e-01 1.186965455056195538e+02 1.231571274753292755e+02
9.787876609174229747e-01 1.167522765261536364e+02 1.231571274753297303e+02
9.945745586741556732e-01 1.148080075466877190e+02 1.231571274753292755e+02
1.010361456430888261e+00 1.128637385672218159e+02 1.231571274753292755e+02
1.026148354187620848e+00 1.109194695877558985e+02 1.231571274753297303e+02
1.041935251944353436e+00 1.089752006082899811e+02 1.231571274753292755e+02
1.057722149701086245e+00 1.070309316288240780e+02 1.231571274753292755e+02
1.073509047457818832e+00 1.050866626493581606e+02 1.231571274753301850e+02
1.089295945214551420e+00 1.031423936698922290e+02 1.231571274753301850e+02
1.105082842971284007e+00 1.011981246904263116e+02 1.231571274753292755e+02
1.120869740728016595e+00 9.925385571096040849e+01 1.231571274753292755e+02
1.136656638484749404e+00 9.730958673149449112e+01 1.231571274753297303e+02
1.152443536241481992e+00 9.536531775202857375e+01 1.231571274753297303e+02
1.168230433998214579e+00 9.342104877256265638e+01 1.231571274753297303e+02
1.184017331754947167e+00 9.147677979309673901e+01 1.231571274753292755e+02
1.199804229511679754e+00 8.953251081363083586e+01 1.231571274753292755e+02
1.215591127268412341e+00 8.758824183416491849e+01 1.231571274753301850e+02
1.231378025025145151e+00 8.564397285469898691e+01 1.231571274753301850e+02
1.247164922781877738e+00 8.369970387523306954e+01 1.231571274753288350e+02
1.262951820538610326e+00 8.175543489576718059e+01 1.231571274753292755e+02
1.278738718295342913e+00 7.981116591630124901e+01 1.231571274753301850e+02
1.294525616052075501e+00 7.786689693683533164e+01 1.231571274753292755e+02
1.310312513808808310e+00 7.592262795736942849e+01 1.231571274753292755e+02
1.326099411565540898e+00 7.397835897790351112e+01 1.231571274753301850e+02
1.341886309322273485e+00 7.203408999843757954e+01 1.231571274753297303e+02
1.357673207079006072e+00 7.008982101897167638e+01 1.334299939242138180e+02
1.373460104835738660e+00 6.782119865491154087e+01 1.403212025489785049e+02
1.389247002592471247e+00 6.565934806348668928e+01 1.300483361000937350e+02
1.405033900349204057e+00 6.371507908402077902e+01 1.119795484276488367e+02
1.420820798105936644e+00 6.212372869974192469e+01 1.065836752063955686e+02
1.436607695862669232e+00 6.034982791798044843e+01 1.073635239391258409e+02
1.452394593619401819e+00 5.873385474928293348e+01 1.025442136971403500e+02
1.468181491376134407e+00 5.711211788361785580e+01 9.118637861747592410e+01
1.483968389132867216e+00 5.585475467720132770e+01 8.243568195892950712e+01
1.499755286889599804e+00 5.450931051843355846e+01 9.609097940578068631e+01
1.515542184646332391e+00 5.282079774275460693e+01 1.195036812953391063e+02
1.531329082403064978e+00 5.073612572210819849e+01 1.221068212081529794e+02
1.547115980159797566e+00 4.896542193912912211e+01 1.169225108678695335e+02
1.562902877916530375e+00 4.704443827304516645e+01 1.173914587480725373e+02
1.578689775673262963e+00 4.525892802559008743e+01 1.075822861389839176e+02
1.594476673429995550e+00 4.364765716962178033e+01 9.992627888437878880e+01
1.610263571186728138e+00 4.210387612967321047e+01 8.139445727192101288e+01
1.626050468943460725e+00 4.107772521978866109e+01 6.076904148421021290e+01
1.641837366700193535e+00 4.018516684030146990e+01 5.416501209111648762e+01
1.657624264456926122e+00 3.936753020403937597e+01 5.034069745437483334e+01
1.673411162213658709e+00 3.859571995287181778e+01 5.081885364148419626e+01
1.689198059970391297e+00 3.776298611093443469e+01 5.665972999518107400e+01
1.704984957727123884e+00 3.680675722415581674e+01 6.131979563651949405e+01
1.720771855483856472e+00 3.582688742257948888e+01 7.424616264541081989e+01
1.736558753240589281e+00 3.446252406713013272e+01 8.567134523118284051e+01
1.752345650997321869e+00 3.312191788688663507e+01 8.938183578986898681e+01
1.768132548754054456e+00 3.164040026128267868e+01 9.367586097136354795e+01
1.783919446510787044e+00 3.016421540802900125e+01 9.233469123303068216e+01
1.799706344267519631e+00 2.872504360149201474e+01 9.122637749331350676e+01
1.815493242024252440e+00 2.728385241962093133e+01 8.955449595566035725e+01
1.831280139780985028e+00 2.589746825887654325e+01 8.544930976275588819e+01
1.847067037537717615e+00 2.458589338640492628e+01 8.389240670526281463e+01
1.862853935294450203e+00 2.324866656443211355e+01 8.293719467932474743e+01
1.878640833051182790e+00 2.196725136113946775e+01 7.886451414876911770e+01
1.894427730807915378e+00 2.075861452143008989e+01 7.732582907470737155e+01
1.910214628564648187e+00 1.952578144602549060e+01 7.769865130744052806e+01
1.926001526321380775e+00 1.830537319337692281e+01 7.823574054826046620e+01
1.941788424078113362e+00 1.705558217211019212e+01 7.851101892299001861e+01
1.957575321834845949e+00 1.582648233634863466e+01 7.673529717815300444e+01
1.973362219591578537e+00 1.463275759034220158e+01 7.571535976832625181e+01
1.989149117348311346e+00 1.343586104979504725e+01 7.579196719921363012e+01
2.004936015105043712e+00 1.223971751643096439e+01 7.344375379087603051e+01
2.020722912861776521e+00 1.111696298586063847e+01 6.916148983124647032e+01
2.036509810618509331e+00 1.005602677909258169e+01 6.438239940270069894e+01
2.052296708375241696e+00 9.084166272453519042e+00 5.854643035017426911e+01
2.068083606131974506e+00 8.207493759172843184e+00 5.315463365891462644e+01
2.083870503888706871e+00 7.405872738713791037e+00 4.716989902047287586e+01
2.099657401645439680e+00 6.718161013109627433e+00 4.038844544182099128e+01
2.115444299402172490e+00 6.130656221226987057e+00 3.411062543752401410e+01
2.131231197158904855e+00 5.641159100708837748e+00 2.785935068661272496e+01
2.147018094915637665e+00 5.251030779509958890e+00 2.119382182591819586e+01
2.162804992672370030e+00 4.971989704228479745e+00 1.446764837142919369e+01
2.178591890429102840e+00 4.794232208269734841e+00 7.560924113318618467e+00
2.194378788185835649e+00 4.733262632381729063e+00 1.231412915144249887e+00
2.210165685942568015e+00 4.755351828694330152e+00 -4.522848019928358276e+00
2.225952583699300824e+00 4.876066110901428274e+00 -1.020806354268489535e+01
2.241739481456033189e+00 5.077659139579522751e+00 -1.539566632498309673e+01
2.257526379212765999e+00 5.362165731239987743e+00 -1.999238036050918410e+01
2.273313276969498808e+00 5.708894468909658571e+00 -2.312793493764970165e+01
2.289100174726231174e+00 6.092402419610068343e+00 -2.475420716879674643e+01
2.304887072482963983e+00 6.490478744155202762e+00 -2.586850217197584456e+01
2.320673970239696349e+00 6.909169217427665544e+00 -2.619177017532659235e+01
2.336460867996429158e+00 7.317452339806642669e+00 -2.549544362593295688e+01
2.352247765753161524e+00 7.714157140997953910e+00 -2.392768462648031047e+01
2.368034663509894333e+00 8.072940161313818308e+00 -2.057251427170632851e+01
2.383821561266627143e+00 8.363709499810655146e+00 -1.695092979739055750e+01
2.399608459023359508e+00 8.608145352499732894e+00 -1.439149955123897229e+01
2.415395356780092317e+00 8.818103763773601500e+00 -1.098627250608295114e+01
2.431182254536824683e+00 8.955023674062001504e+00 -7.042230523494802163e+00
2.446969152293557492e+00 9.040453710281109778e+00 -2.892421678598064538e+00
2.462756050050290302e+00 9.046348404680770727e+00 1.407408850437911196e+00
2.478542947807022667e+00 8.996016471033541961e+00 4.367469661590678953e+00
2.494329845563755477e+00 8.908450810674443332e+00 7.396015560732044136e+00
2.510116743320487842e+00 8.762496188104581307e+00 1.144229747586554069e+01
2.525903641077220652e+00 8.547174049967225073e+00 1.482260518871455623e+01
2.541690538833953461e+00 8.294490282899278810e+00 1.743347728338747515e+01
2.557477436590685826e+00 7.996733003132907136e+00 1.917525297960922970e+01
2.573264334347418636e+00 7.689054766402131591e+00 2.033453336540571144e+01
2.589051232104151001e+00 7.354694604791850665e+00 2.174435038077740856e+01
2.604838129860883811e+00 7.002503093906325304e+00 2.208234899626458514e+01
2.620625027617616620e+00 6.657471033126817872e+00 2.210646595327050434e+01
2.636411925374348986e+00 6.304518058372380551e+00 2.213349777918809025e+01
2.652198823131081795e+00 5.958632500248995711e+00 2.134509609184420142e+01
2.667985720887814161e+00 5.630572359153225293e+00 2.020814804847118396e+01
2.683772618644546970e+00 5.320584566060734488e+00 1.872901606369539707e+01
2.699559516401279780e+00 5.039226235789700858e+00 1.662710198009901674e+01
2.715346414158012145e+00 4.795603848159554872e+00 1.435808017175414797e+01
2.731133311914744954e+00 4.585887148480795261e+00 1.047734262705324504e+01
2.746920209671477320e+00 4.464794374528462839e+00 4.946999152823944534e+00
2.762707107428210129e+00 4.429691608824246174e+00 -3.909185041411760708e-01
2.778494005184942495e+00 4.477137155440646055e+00 -6.316838388679237859e+00
2.794280902941675304e+00 4.629138172400011797e+00 -1.353819183450238661e+01
2.810067800698408114e+00 4.904589256045289503e+00 -2.120066897407432549e+01
2.825854698455140479e+00 5.298523759336101868e+00 -2.921194757654487617e+01
2.841641596211873289e+00 5.826921315377184385e+00 -3.730164602656583384e+01
2.857428493968605654e+00 6.476278303294555450e+00 -4.572815458882224249e+01
2.873215391725338463e+00 7.270732717572785830e+00 -5.599487851597391597e+01
2.889002289482071273e+00 8.244249147359244745e+00 -6.476502777973853142e+01
2.904789187238803638e+00 9.315610461114147256e+00 -7.115364239235533717e+01
2.920576084995536448e+00 1.049083970229370522e+01 -7.845413988812484263e+01
2.936362982752268813e+00 1.179270543112659908e+01 -8.602641087585492130e+01
2.952149880509001623e+00 1.320702000804529241e+01 -9.228622515647869307e+01
2.967936778265734432e+00 1.470653183292687061e+01 -9.203358562377849239e+01
2.983723676022466798e+00 1.611286962090147057e+01 -8.518572663913582232e+01
2.999510573779199607e+00 1.739616854649689515e+01 -8.118425324698917223e+01
3.015297471535931972e+00 1.867616463183528452e+01 -7.998906432307335024e+01
3.031084369292664782e+00 1.992172690674703261e+01 -7.132962977407058247e+01
3.046871267049397591e+00 2.092831177637297202e+01 -5.610612057809733955e+01
3.062658164806129957e+00 2.169321008493370329e+01 -3.824421869250871708e+01
3.078445062562862766e+00 2.213582691694248794e+01 -6.067636231958605464e+00
3.094231960319595132e+00 2.188478839057165715e+01 1.185653035238943415e-01
3.110018858076327941e+00 2.213208336029403256e+01 -1.295721689451794845e+01
3.125805755833060751e+00 2.229389690722278417e+01 -4.915772271607582233e+00
3.141592653589793116e+00 2.228729294878853295e+01 4.183189462562285077e-01
