0.000000000000000000e+00 2.173187354559173343e+02 1.625231483614559735e+01
1.578689775673262907e-02 2.170621618232888750e+02 3.250462967229208999e+01
3.157379551346525814e-02 2.162924409254034686e+02 6.500925934458598476e+01
4.736069327019788722e-02 2.150095727622610866e+02 9.751388901687897715e+01
6.314759102693051629e-02 2.132135573338617860e+02 1.137662038530254733e+02
7.893448878366314536e-02 2.114175419054624570e+02 1.137662038530245781e+02
9.472138654039577443e-02 2.096215264770631848e+02 1.137662038530236686e+02
1.105082842971284035e-01 2.078255110486638841e+02 1.137662038530254733e+02
1.262951820538610326e-01 2.060294956202645551e+02 1.137662038530254733e+02
1.420820798105936755e-01 2.042334801918652545e+02 1.137662038530245781e+02
1.578689775673262907e-01 2.024374647634659539e+02 1.137662038530245781e+02
1.736558753240589059e-01 2.006414493350666532e+02 1.137662038530254733e+02
1.894427730807915489e-01 1.988454339066673242e+02 1.137662038530254733e+02
2.052296708375241918e-01 1.970494184782680236e+02 1.137662038530254733e+02
2.210165685942568070e-01 1.952534030498686946e+02 1.137662038530254733e+02
2.368034663509894222e-01 1.934573876214693939e+02 1.137662038530245781e+02
2.525903641077220652e-01 1.916613721930700933e+02 1.137662038530254733e+02
2.683772618644547081e-01 1.898653567646707643e+02 1.137662038530254733e+02
2.841641596211873511e-01 1.880693413362714637e+02 1.137662038530245781e+02
2.999510573779199385e-01 1.862733259078721630e+02 1.137662038530254733e+02
3.157379551346525814e-01 1.844773104794728340e+02 1.137662038530245781e+02
3.315248528913852244e-01 1.826812950510735618e+02 1.137662038530236686e+02
3.473117506481178118e-01 1.808852796226742612e+02 1.137662038530263686e+02
3.630986484048504548e-01 1.790892641942749037e+02 1.137662038530254733e+02
3.788855461615830977e-01 1.772932487658756315e+02 1.137662038530236686e+02
3.946724439183157407e-01 1.754972333374763309e+02 1.137662038530254733e+02
4.104593416750483836e-01 1.737012179090770019e+02 1.137662038530254733e+02
4.262462394317809711e-01 1.719052024806777013e+02 1.137662038530254733e+02
4.420331371885136140e-01 1.701091870522783722e+02 1.137662038530245781e+02
4.578200349452462570e-01 1.683131716238791000e+02 1.137662038530254733e+02
4.736069327019788444e-01 1.665171561954797426e+02 1.137662038530263686e+02
4.893938304587114874e-01 1.647211407670804419e+02 1.137662038530245781e+02
5.051807282154441303e-01 1.629251253386811413e+02 1.137662038530245781e+02
5.209676259721767178e-01 1.611291099102818407e+02 1.137662038530254733e+02
5.367545237289094162e-01 1.593330944818825117e+02 1.137662038530245781e+02
5.525414214856420037e-01 1.575370790534832395e+02 1.137662038530245781e+02
5.683283192423747021e-01 1.557410636250839104e+02 1.137662038530254733e+02
5.841152169991072896e-01 1.539450481966846098e+02 1.137662038530254733e+02
5.999021147558398770e-01 1.521490327682852808e+02 1.137662038530245781e+02
6.156890125125725755e-01 1.503530173398860086e+02 1.137662038530236686e+02
6.314759102693051629e-01 1.485570019114867080e+02 1.137662038530254733e+02
6.472628080260377503e-01 1.467609864830873789e+02 1.137662038530254733e+02
6.630497057827704488e-01 1.449649710546880783e+02 1.137662038530254733e+02
6.788366035395030362e-01 1.431689556262887493e+02 1.137662038530254733e+02
6.946235012962356237e-01 1.413729401978894487e+02 1.137662038530245781e+02
7.104103990529683221e-01 1.395769247694901480e+02 1.137662038530254733e+02
7.261972968097009096e-01 1.377809093410908190e+02 1.137662038530254733e+02
7.419841945664336080e-01 1.359848939126915184e+02 1.137662038530245781e+02
7.577710923231661955e-01 1.341888784842922178e+02 1.137662038530254733e+02
7.735579900798987829e-01 1.323928630558928887e+02 1.137662038530254733e+02
7.893448878366314814e-01 1.305968476274935881e+02 1.137662038530245781e+02
8.051317855933640688e-01 1.288008321990942875e+02 1.137662038530245781e+02
8.209186833500967673e-01 1.270048167706949869e+02 1.137662038530250186e+02
8.367055811068293547e-01 1.252088013422956720e+02 1.137662038530250186e+02
8.524924788635619421e-01 1.234127859138963714e+02 1.137662038530250186e+02
8.682793766202946406e-01 1.216167704854970566e+02 1.137662038530254733e+02
8.840662743770272280e-01 1.198207550570977418e+02 1.137662038530254733e+02
8.998531721337598155e-01 1.180247396286984269e+02 1.137662038530254733e+02
9.156400698904925139e-01 1.162287242002991121e+02 1.137662038530254733e+02
9.314269676472251014e-01 1.144327087718997973e+02 1.137662038530254733e+02
9.472138654039576888e-01 1.126366933435004825e+02 1.137662038530250186e+02
9.630007631606903873e-01 1.108406779151011818e+02 1.137662038530241233e+02
9.787876609174229747e-01 1.090446624867018954e+02 1.137662038530241233e+02
9.945745586741556732e-01 1.072486470583025948e+02 1.137662038530254733e+02
1.010361456430888261e+00 1.054526316299032658e+02 1.137662038530254733e+02
1.026148354187620848e+00 1.036566162015039652e+02 1.137662038530250186e+02
1.041935251944353436e+00 1.018606007731046503e+02 1.137662038530250186e+02
1.057722149701086245e+00 1.000645853447053497e+02 1.137662038530250186e+02
1.073509047457818832e+00 9.826856991630603488e+01 1.137662038530250186e+02
1.089295945214551420e+00 9.647255448790673427e+01 1.137662038530250186e+02
1.105082842971284007e+00 9.467653905950741944e+01 1.137662038530254733e+02
1.120869740728016595e+00 9.288052363110810461e+01 1.137662038530250186e+02
1.136656638484749404e+00 9.108450820270880399e+01 1.137662038530250186e+02
1.152443536241481992e+00 8.928849277430948916e+01 1.137662038530254733e+02
1.168230433998214579e+00 8.749247734591017434e+01 1.137662038530254733e+02
1.184017331754947167e+00 8.569646191751085951e+01 1.137662038530245781e+02
1.199804229511679754e+00 8.390044648911157310e+01 1.137662038530241233e+02
1.215591127268412341e+00 8.210443106071227248e+01 1.137662038530254733e+02
1.231378025025145151e+00 8.030841563231294344e+01 1.137662038530250186e+02
1.247164922781877738e+00 7.851240020391365704e+01 1.137662038530245781e+02
1.262951820538610326e+00 7.671638477551434221e+01 1.137662038530254733e+02
1.278738718295342913e+00 7.492036934711502738e+01 1.137662038530254733e+02
1.294525616052075501e+00 7.312435391871571255e+01 1.137662038530254733e+02
1.310312513808808310e+00 7.132833849031639772e+01 1.137662038530250186e+02
1.326099411565540898e+00 6.953232306191709711e+01 1.037250078126691619e+02
1.341886309322273485e+00 6.805334630400659535e+01 1.016656208862597452e+02
1.357673207079006072e+00 6.632235353730484917e+01 1.117068169266151614e+02
1.373460104835738660e+00 6.452633810890554855e+01 1.096474300002048494e+02
1.389247002592471247e+00 6.286036800390138524e+01 1.256110482280964078e+02
1.405033900349204057e+00 6.056032055791961000e+01 1.372366175097729979e+02
1.420820798105936644e+00 5.852728710568816695e+01 1.263088354187502205e+02
1.436607695862669232e+00 5.657227121686405269e+01 1.368673395925413558e+02
1.452394593619401819e+00 5.420586571292125910e+01 1.341635657841845273e+02
1.468181491376134407e+00 5.233621822543686619e+01 1.127234757465576820e+02
1.483968389132867216e+00 5.064675774013238652e+01 1.162041980588843444e+02
1.499755286889599804e+00 4.866721063811943537e+01 9.601216843147622626e+01
1.515542184646332391e+00 4.761528916727257155e+01 6.979391001988194887e+01
1.531329082403064978e+00 4.646355199506648859e+01 6.931069185519062614e+01
1.547115980159797566e+00 4.542688755573998094e+01 5.414943121738667031e+01
1.562902877916530375e+00 4.475384892663826975e+01 4.976618644206727282e+01
1.578689775673262963e+00 4.385558016153316174e+01 5.467860074723830621e+01
1.594476673429995550e+00 4.302743796768255891e+01 4.312336858467655532e+01
1.610263571186728138e+00 4.249401173998879244e+01 4.095434411156918486e+01
1.626050468943460725e+00 4.173435388131578350e+01 4.738384240892750654e+01
1.641837366700193535e+00 4.099792398912705238e+01 5.244381319794552354e+01
1.657624264456926122e+00 4.007850364745748095e+01 5.664472461785791779e+01
1.673411162213658709e+00 3.920943503712625500e+01 4.879146406255118507e+01
1.689198059970391297e+00 3.853797193834390100e+01 4.411594206839733801e+01
1.704984957727123884e+00 3.781652730337479795e+01 3.764050424979771492e+01
1.720771855483856472e+00 3.734951835413706789e+01 2.600001685646400063e+01
1.736558753240589281e+00 3.699560808780215382e+01 2.498089074915570862e+01
1.752345650997321869e+00 3.656077681787900957e+01 2.232720751645058144e+01
1.768132548754054456e+00 3.629065340329103861e+01 2.957421444867949134e+01
1.783919446510787044e+00 3.562700661840503358e+01 5.079637740733459594e+01
1.799706344267519631e+00 3.468681897020704952e+01 6.294517069262416697e+01
1.815493242024252440e+00 3.363958867039595191e+01 8.091208618810577491e+01
1.831280139780985028e+00 3.213211730633592111e+01 9.903130218082675640e+01
1.847067037537717615e+00 3.051279458590634164e+01 1.062761140465284626e+02
1.862853935294450203e+00 2.877657701346511843e+01 1.117890693353669889e+02
1.878640833051182790e+00 2.698318937007087470e+01 1.082336689361452926e+02
1.894427730807915378e+00 2.535922928280317024e+01 9.676231768199257033e+01
1.910214628564648187e+00 2.392803573817067786e+01 8.810040940332507375e+01
1.926001526321380775e+00 2.257756497165001264e+01 8.028511979753605488e+01
1.941788424078113362e+00 2.139312978290921308e+01 7.405630182856198473e+01
1.957575321834845949e+00 2.023932644123153324e+01 6.958941809646853471e+01
1.973362219591578537e+00 1.919592772603027697e+01 6.706814797657516181e+01
1.989149117348311346e+00 1.812173045155232032e+01 6.669269489572177179e+01
2.004936015105043712e+00 1.709018621515082970e+01 6.636467815430594896e+01
2.020722912861776521e+00 1.602634567419132949e+01 6.716817946038118237e+01
2.036509810618509331e+00 1.496943185185701708e+01 6.623717311881287628e+01
2.052296708375241696e+00 1.393498671474793404e+01 6.458644811752479598e+01
2.068083606131974506e+00 1.293019254605325585e+01 6.143243555237889808e+01
2.083870503888706871e+00 1.199533155672298967e+01 5.768935778594852337e+01
2.099657401645439680e+00 1.110872056001658237e+01 5.592723403760034273e+01
2.115444299402172490e+00 1.022949650558608248e+01 5.448864731512885129e+01
2.131231197158904855e+00 9.388307151883376278e+00 5.238393834334854660e+01
2.147018094915637665e+00 8.575536748143223420e+00 4.956921695736546241e+01
2.162804992672370030e+00 7.823218831908924642e+00 4.584842919459210009e+01
2.178591890429102840e+00 7.127927820139581705e+00 4.376897358441499364e+01
2.194378788185835649e+00 6.441266210120343061e+00 4.159210727668020269e+01
2.210165685942568015e+00 5.814707130011570690e+00 3.773298467928515265e+01
2.225952583699300824e+00 5.249892667743876196e+00 3.295505670383931829e+01
2.241739481456033189e+00 4.774190908509895692e+00 2.729775899793653338e+01
2.257526379212765999e+00 4.387998807167171833e+00 2.253286282964324272e+01
2.273313276969498808e+00 4.062742905193777787e+00 1.894568561846417865e+01
2.289100174726231174e+00 3.789811603587384337e+00 1.511348860282476991e+01
2.304887072482963983e+00 3.585552706553100766e+00 1.042333386150836283e+01
2.320673970239696349e+00 3.460707391675541089e+00 5.782836297792576019e+00
2.336460867996429158e+00 3.402966615798753480e+00 1.934465751967821223e+00
2.352247765753161524e+00 3.399628965595107299e+00 -1.635118074463994375e+00
2.368034663509894333e+00 3.454593499522250699e+00 -5.041372076306006811e+00
2.383821561266627143e+00 3.558804216639686935e+00 -8.303616630564645718e+00
2.399608459023359508e+00 3.716770193037908232e+00 -1.093617480657916197e+01
2.415395356780092317e+00 3.904100763682127884e+00 -1.230777872760367053e+01
2.431182254536824683e+00 4.105373481808244129e+00 -1.256498097347781417e+01
2.446969152293557492e+00 4.300824903569298030e+00 -1.265176201256532629e+01
2.462756050050290302e+00 4.504837628478009393e+00 -1.243403843229068428e+01
2.478542947807022667e+00 4.693414690437012204e+00 -1.157393787083052850e+01
2.494329845563755477e+00 4.870270776097163967e+00 -1.101909850745894559e+01
2.510116743320487842e+00 5.041329453454251208e+00 -1.087642907255235158e+01
2.525903641077220652e+00 5.213680923550640500e+00 -1.048559434960655423e+01
2.541690538833953461e+00 5.372399465285875308e+00 -1.057320092263780609e+01
2.557477436590685826e+00 5.547517007404788814e+00 -9.810928725904773273e+00
2.573264334347418636e+00 5.682167722674774879e+00 -8.469914528897612982e+00
2.589051232104151001e+00 5.814944356756730492e+00 -7.262999851821393626e+00
2.604838129860883811e+00 5.911488194810512020e+00 -4.713723970632836213e+00
2.620625027617616620e+00 5.963774513512411168e+00 -2.459231522003094028e+00
2.636411925374348986e+00 5.989135468006505647e+00 -6.056939741933444754e-01
2.652198823131081795e+00 5.982898571197329929e+00 2.278779377087052360e+00
2.667985720887814161e+00 5.917185753934057324e+00 4.747507440373124332e+00
2.683772618644546970e+00 5.833001742076334040e+00 7.429658913866072467e+00
2.699559516401279780e+00 5.682603222652855557e+00 8.843309951802771351e+00
2.715346414158012145e+00 5.553784881995921019e+00 8.625153465989331636e+00
2.731133311914744954e+00 5.410274390845452253e+00 9.927148635420897094e+00
2.746920209671477320e+00 5.240347120949365944e+00 1.119389703700404759e+01
2.762707107428210129e+00 5.056840574800301802e+00 1.084229455693828115e+01
2.778494005184942495e+00 4.898014729711839266e+00 9.281760038085380415e+00
2.794280902941675304e+00 4.763780181352740506e+00 7.176497900829937215e+00
2.810067800698408114e+00 4.671425452488222163e+00 6.829476099676720757e+00
2.825854698455140479e+00 4.548147699517449460e+00 6.250468935672849113e+00
2.841641596211873289e+00 4.474074424450020793e+00 4.065711688598597995e+00
2.857428493968605654e+00 4.419777750044931786e+00 2.647038928731389351e+00
2.873215391725338463e+00 4.390497358598073774e+00 1.499548539402406400e+00
2.889002289482071273e+00 4.372431311099324702e+00 4.511309527745150927e-01
2.904789187238803638e+00 4.376253442145376482e+00 -1.307132031503996483e+00
2.920576084995536448e+00 4.413702430571132318e+00 -4.073674600839384929e+00
2.936362982752268813e+00 4.504874810980676436e+00 -4.809098725979512601e+00
2.952149880509001623e+00 4.565543930349275747e+00 -7.130690983032835106e+00
2.967936778265734432e+00 4.730017789948665730e+00 -1.342945846208596095e+01
2.983723676022466798e+00 4.989562905687753513e+00 -2.145000734419244282e+01
2.999510573779199607e+00 5.407275935596525862e+00 -2.635542398002357700e+01
3.015297471535931972e+00 5.821703673103696630e+00 -3.022716837396500722e+01
3.031084369292664782e+00 6.361662368787181165e+00 -3.906149973773618456e+01
3.046871267049397591e+00 7.055023478272255844e+00 -5.134019947595073319e+01
3.062658164806129957e+00 7.982667328661365858e+00 -6.364980609986928073e+01
3.078445062562862766e+00 9.064689440541242149e+00 -7.633164566611830537e+01
3.094231960319595132e+00 1.039274710012967162e+01 -8.970701701806970618e+01
3.110018858076327941e+00 1.189708045199272313e+01 -1.025780005514347266e+02
3.125805755833060751e+00 1.363152391372079819e+01 -1.120998256573771812e+02
3.141592653589793116e+00 1.543649742439385619e+01 -1.143336416366725388e+02
