0.000000000000000000e+00 7.059495677596352436e+01 1.747360835651244892e+00
1.578689775673262907e-02 7.056737136910697927e+01 3.494721671303840260e+00
3.157379551346525814e-02 7.048461514853730137e+01 6.989443342607230214e+00
4.736069327019788722e-02 7.034668811425454749e+01 1.048416501391016986e+01
6.314759102693051629e-02 7.015359026625867500e+01 1.223152584956231514e+01
7.893448878366314536e-02 6.996049241826280252e+01 1.223152584956231514e+01
9.472138654039577443e-02 6.976739457026693003e+01 1.223152584956186573e+01
1.105082842971284035e-01 6.957429672227107176e+01 1.223152584956186573e+01
1.262951820538610326e-01 6.938119887427519927e+01 1.223152584956276634e+01
1.420820798105936755e-01 6.918810102627931258e+01 1.223152584956276634e+01
1.578689775673262907e-01 6.899500317828344009e+01 1.223152584956231514e+01
1.736558753240589059e-01 6.880190533028756761e+01 1.223152584956186573e+01
1.894427730807915489e-01 6.860880748229170933e+01 1.223152584956186573e+01
2.052296708375241918e-01 6.841570963429583685e+01 1.223152584956231514e+01
2.210165685942568070e-01 6.822261178629996436e+01 1.223152584956231514e+01
2.368034663509894222e-01 6.802951393830409188e+01 1.223152584956231514e+01
2.525903641077220652e-01 6.783641609030821940e+01 1.223152584956231514e+01
2.683772618644547081e-01 6.764331824231234691e+01 1.223152584956231514e+01
2.841641596211873511e-01 6.745022039431647443e+01 1.223152584956231514e+01
2.999510573779199385e-01 6.725712254632060194e+01 1.223152584956231514e+01
3.157379551346525814e-01 6.706402469832472946e+01 1.223152584956231514e+01
3.315248528913852244e-01 6.687092685032885697e+01 1.223152584956231514e+01
3.473117506481178118e-01 6.667782900233298449e+01 1.223152584956231514e+01
3.630986484048504548e-01 6.648473115433711200e+01 1.223152584956231514e+01
3.788855461615830977e-01 6.629163330634123952e+01 1.223152584956231514e+01
3.946724439183157407e-01 6.609853545834536703e+01 1.223152584956231514e+01
4.104593416750483836e-01 6.590543761034949455e+01 1.223152584956231514e+01
4.262462394317809711e-01 6.571233976235362206e+01 1.223152584956231514e+01
4.420331371885136140e-01 6.551924191435774958e+01 1.223152584956231514e+01
4.578200349452462570e-01 6.532614406636187709e+01 1.223152584956231514e+01
4.736069327019788444e-01 6.513304621836600461e+01 1.223152584956231514e+01
4.893938304587114874e-01 6.493994837037013212e+01 1.223152584956231514e+01
5.051807282154441303e-01 6.474685052237425964e+01 1.223152584956231514e+01
5.209676259721767178e-01 6.455375267437838716e+01 1.223152584956231514e+01
5.367545237289094162e-01 6.436065482638251467e+01 1.223152584956231514e+01
5.525414214856420037e-01 6.416755697838664219e+01 1.223152584956231514e+01
5.683283192423747021e-01 6.397445913039076970e+01 1.223152584956209132e+01
5.841152169991072896e-01 6.378136128239490432e+01 1.223152584956209132e+01
5.999021147558398770e-01 6.358826343439903184e+01 1.223152584956231514e+01
6.156890125125725755e-01 6.339516558640315935e+01 1.223152584956231514e+01
6.314759102693051629e-01 6.320206773840728687e+01 1.223152584956231514e+01
6.472628080260377503e-01 6.300896989041141438e+01 1.223152584956209132e+01
6.630497057827704488e-01 6.281587204241554900e+01 1.223152584956254074e+01
6.788366035395030362e-01 6.262277419441966231e+01 1.223152584956254074e+01
6.946235012962356237e-01 6.242967634642379693e+01 1.223152584956209132e+01
7.104103990529683221e-01 6.223657849842792444e+01 1.223152584956231514e+01
7.261972968097009096e-01 6.204348065043205196e+01 1.223152584956231514e+01
7.419841945664336080e-01 6.185038280243617947e+01 1.223152584956231514e+01
7.577710923231661955e-01 6.165728495444030699e+01 1.223152584956209132e+01
7.735579900798987829e-01 6.146418710644444161e+01 1.223152584956254074e+01
7.893448878366314814e-01 6.127108925844855492e+01 1.223152584956254074e+01
8.051317855933640688e-01 6.107799141045268954e+01 1.223152584956209132e+01
8.209186833500967673e-01 6.088489356245681705e+01 1.223152584956231514e+01
8.367055811068293547e-01 6.069179571446094457e+01 1.223152584956231514e+01
8.524924788635619421e-01 6.049869786646507208e+01 1.223152584956231514e+01
8.682793766202946406e-01 6.030560001846919960e+01 1.223152584956209132e+01
8.840662743770272280e-01 6.011250217047333422e+01 1.223152584956209132e+01
8.998531721337598155e-01 5.991940432247746173e+01 1.223152584956254074e+01
9.156400698904925139e-01 5.972630647448158214e+01 1.223152584956254074e+01
9.314269676472251014e-01 5.953320862648570966e+01 1.223152584956209132e+01
9.472138654039576888e-01 5.934011077848984428e+01 1.223152584956209132e+01
9.630007631606903873e-01 5.914701293049397179e+01 1.223152584956231514e+01
9.787876609174229747e-01 5.895391508249809931e+01 1.223152584956231514e+01
9.945745586741556732e-01 5.876081723450222682e+01 1.223152584956231514e+01
1.010361456430888261e+00 5.856771938650635434e+01 1.223152584956254074e+01
1.026148354187620848e+00 5.837462153851047475e+01 1.223152584956254074e+01
1.041935251944353436e+00 5.818152369051460227e+01 1.223152584956209132e+01
1.057722149701086245e+00 5.798842584251873689e+01 1.223152584956209132e+01
1.073509047457818832e+00 5.779532799452286440e+01 1.223152584956231514e+01
1.089295945214551420e+00 5.760223014652699192e+01 1.223152584956231514e+01
1.105082842971284007e+00 5.740913229853111943e+01 1.223152584956209132e+01
1.120869740728016595e+00 5.721603445053525405e+01 1.223152584956186573e+01
1.136656638484749404e+00 5.702293660253938867e+01 1.223152584956254074e+01
1.152443536241481992e+00 5.682983875454350198e+01 1.223152584956254074e+01
1.168230433998214579e+00 5.663674090654763660e+01 1.223152584956209132e+01
1.184017331754947167e+00 5.644364305855176411e+01 1.223152584956231514e+01
1.199804229511679754e+00 5.625054521055589163e+01 1.223152584956254074e+01
1.215591127268412341e+00 5.605744736256001204e+01 1.223152584956231514e+01
1.231378025025145151e+00 5.586434951456414666e+01 1.223152584956186573e+01
1.247164922781877738e+00 5.567125166656828128e+01 1.223152584956254074e+01
1.262951820538610326e+00 5.547815381857239458e+01 1.223152584956276634e+01
1.278738718295342913e+00 5.528505597057652210e+01 1.223152584956231514e+01
1.294525616052075501e+00 5.509195812258064961e+01 1.223152584956209132e+01
1.310312513808808310e+00 5.489886027458478424e+01 1.223152584956209132e+01
1.326099411565540898e+00 5.470576242658891175e+01 1.223152584956231514e+01
1.341886309322273485e+00 5.451266457859303927e+01 1.223152584956209132e+01
1.357673207079006072e+00 5.431956673059717389e+01 1.223152584956254074e+01
1.373460104835738660e+00 5.412646888260128719e+01 1.223152584956254074e+01
1.389247002592471247e+00 5.393337103460542181e+01 1.223152584956209132e+01
1.405033900349204057e+00 5.374027318660954933e+01 1.223152584956231514e+01
1.420820798105936644e+00 5.354717533861367684e+01 9.581615869304112465e+00
1.436607695862669232e+00 5.343774520646356763e+01 1.033683265788947025e+01
1.452394593619401819e+00 5.322080229801656515e+01 1.298674263814767293e+01
1.468181491376134407e+00 5.302770445002069266e+01 1.354069886538842837e+01
1.483968389132867216e+00 5.279327104093137990e+01 2.037702366663792475e+01
1.499755286889599804e+00 5.238432447159722471e+01 2.688031614593305108e+01
1.515542184646332391e+00 5.194455743560239114e+01 3.610725111898803164e+01
1.531329082403064978e+00 5.124428150821295702e+01 5.221974362887767285e+01
1.547115980159797566e+00 5.029578192849862717e+01 6.249952086964310638e+01
1.562902877916530375e+00 4.927093441658529116e+01 6.133671211198220163e+01
1.578689775673262963e+00 4.835914912280661326e+01 5.929152443629632785e+01
1.594476673429995550e+00 4.739887594835204254e+01 6.471250169079171144e+01
1.610263571186728138e+00 4.631592982725678098e+01 7.610231438342451327e+01
1.626050468943460725e+00 4.499603703590835124e+01 8.184228144104108083e+01
1.641837366700193535e+00 4.373185836868187693e+01 7.972526019372156725e+01
1.657624264456926122e+00 4.247880797329397495e+01 8.096952703440180699e+01
1.673411162213658709e+00 4.117534307927567738e+01 9.239426545425338588e+01
1.689198059970391297e+00 3.956157032922455130e+01 1.025266285758715270e+02
1.704984957727123884e+00 3.793818827393610604e+01 9.360569555928269381e+01
1.720771855483856472e+00 3.660608323874007652e+01 7.613715980984378007e+01
1.736558753240589281e+00 3.553424915912407300e+01 6.237557040659751806e+01
1.752345650997321869e+00 3.463664973368641142e+01 5.661905804173105849e+01
1.768132548754054456e+00 3.374657059834943595e+01 5.213598957983531079e+01
1.783919446510787044e+00 3.299051865980053577e+01 5.070452448485185215e+01
1.799706344267519631e+00 3.214563631065723115e+01 5.623802088679189382e+01
1.815493242024252440e+00 3.121487088823898048e+01 6.428661244721338619e+01
1.831280139780985028e+00 3.011586395499552538e+01 7.521897651029080123e+01
1.847067037537717615e+00 2.883992230517091215e+01 8.430053477745208568e+01
1.862853935294450203e+00 2.745417610825648680e+01 8.763598380362560647e+01
1.878640833051182790e+00 2.607292167293388374e+01 8.956493778555883978e+01
1.894427730807915378e+00 2.462627107743901433e+01 8.650392353915952981e+01
1.910214628564648187e+00 2.334166447999602667e+01 7.864705782556893610e+01
1.926001526321380775e+00 2.214308495591882320e+01 7.491995074330395710e+01
1.941788424078113362e+00 2.097615727534805785e+01 7.212776037536362139e+01
1.957575321834845949e+00 1.986573779898287029e+01 6.963921015124465441e+01
1.973362219591578537e+00 1.877738309431342500e+01 6.837905682291484766e+01
1.989149117348311346e+00 1.770675144145253554e+01 6.527852927150037488e+01
2.004936015105043712e+00 1.671629215967531579e+01 6.264950187484521393e+01
2.020722912861776521e+00 1.572866888023571441e+01 6.254268034437324530e+01
2.036509810618509331e+00 1.474158235961805197e+01 6.119862271194706693e+01
2.052296708375241696e+00 1.379639608102298709e+01 5.899888831345767670e+01
2.068083606131974506e+00 1.287876352448716410e+01 5.643885270055296388e+01
2.083870503888706871e+00 1.201440728684114134e+01 5.347988187505203683e+01
2.099657401645439680e+00 1.119020067007999408e+01 5.169421141411996956e+01
2.115444299402172490e+00 1.038222482642187572e+01 5.084750058496820202e+01
2.131231197158904855e+00 9.584752084239402947e+00 4.977584848381011540e+01
2.147018094915637665e+00 8.810612364884825354e+00 4.756215138713076840e+01
2.162804992672370030e+00 8.083034442161658006e+00 4.394074969075126091e+01
2.178591890429102840e+00 7.423236119440683289e+00 4.134697263837605874e+01
2.194378788185835649e+00 6.777553582976729274e+00 3.926766851222799914e+01
2.210165685942568015e+00 6.183406783545057905e+00 3.574338169069687865e+01
2.225952583699300824e+00 5.648999358514927849e+00 3.096558895821592472e+01
2.241739481456033189e+00 5.205705609824330615e+00 2.511094441186138937e+01
2.257526379212765999e+00 4.856151534504823175e+00 1.987322680146322895e+01
2.273313276969498808e+00 4.578232410602213420e+00 1.577553537869343181e+01
2.289100174726231174e+00 4.358058006342520052e+00 1.107391222523630603e+01
2.304887072482963983e+00 4.228586970468539263e+00 5.163152483486761035e+00
2.320673970239696349e+00 4.195037685624068757e+00 3.724223894857233708e-01
2.336460867996429158e+00 4.216828182098280919e+00 -3.304460393043240352e+00
2.352247765753161524e+00 4.299372042356361057e+00 -6.445638955623744337e+00
2.368034663509894333e+00 4.420341468436770782e+00 -1.003669336459006445e+01
2.383821561266627143e+00 4.616268546281281360e+00 -1.417026112686793660e+01
2.399608459023359508e+00 4.867750395628904769e+00 -1.672124585404818120e+01
2.415395356780092317e+00 5.144221743607377384e+00 -1.722523806270589120e+01
2.431182254536824683e+00 5.411616539891539013e+00 -1.725074053311383082e+01
2.446969152293557492e+00 5.688893097655760123e+00 -1.743288105197348870e+01
2.462756050050290302e+00 5.962038761437113088e+00 -1.750051595021462703e+01
2.478542947807022667e+00 6.241450809647973941e+00 -1.534934967278839224e+01
2.494329845563755477e+00 6.446675989270408635e+00 -1.134331276296279434e+01
2.510116743320487842e+00 6.599602247271041833e+00 -9.099991236167975117e+00
2.525903641077220652e+00 6.733997251735502232e+00 -7.767941480317619884e+00
2.541690538833953461e+00 6.844865643131154975e+00 -6.076687397963548953e+00
2.557477436590685826e+00 6.925861337038054621e+00 -3.900233088014340321e+00
2.573264334347418636e+00 6.968010805106970906e+00 -1.111733048264944124e+00
2.589051232104151001e+00 6.960962968969533371e+00 3.199652692657945496e-01
2.604838129860883811e+00 6.957908287123761859e+00 4.243962447214820743e-01
2.620625027617616620e+00 6.947563168722014737e+00 1.310033245483200215e+00
2.636411925374348986e+00 6.916545565315034061e+00 2.831086863869140213e+00
2.652198823131081795e+00 6.858175011001352850e+00 4.387058578898381356e+00
2.667985720887814161e+00 6.778029474839303070e+00 6.468899446370661721e+00
2.683772618644546970e+00 6.653927302684476963e+00 8.910048679833369789e+00
2.699559516401279780e+00 6.496705419807223159e+00 1.084879893055084032e+01
2.715346414158012145e+00 6.311389543684564174e+00 1.327296120254342959e+01
2.731133311914744954e+00 6.077627656939958989e+00 1.653476711968215795e+01
2.746920209671477320e+00 5.789324187784950837e+00 1.843109615950071145e+01
2.762707107428210129e+00 5.495687995710868634e+00 1.941989985861996360e+01
2.778494005184942495e+00 5.176164240756911283e+00 1.941611478768470533e+01
2.794280902941675304e+00 4.882647557738542865e+00 1.761567173023146893e+01
2.810067800698408114e+00 4.619970623714252156e+00 1.612718270193595060e+01
2.825854698455140479e+00 4.373451188899323050e+00 1.438357561325182488e+01
2.841641596211873289e+00 4.165826548548973385e+00 1.238960606758052485e+01
2.857428493968605654e+00 3.982264300429147141e+00 1.106786167694857781e+01
2.873215391725338463e+00 3.816372147189680319e+00 8.359902051356135289e+00
2.889002289482071273e+00 3.718310462547029793e+00 5.445961480861387649e+00
2.904789187238803638e+00 3.644422473018754438e+00 3.315438883106954115e+00
2.920576084995536448e+00 3.613629473214419185e+00 2.253001609600930433e+00
2.936362982752268813e+00 3.573286660905706569e+00 1.983648268250612690e+00
2.952149880509001623e+00 3.550998168422034862e+00 -4.141557888425539402e-01
2.967936778265734432e+00 3.586363131093339263e+00 -3.103274724758423364e+00
2.983723676022466798e+00 3.648980330003662509e+00 -3.519523676406655532e+00
2.999510573779199607e+00 3.697487851957002469e+00 -3.773036312274642867e+00
3.015297471535931972e+00 3.768109406992301125e+00 -2.448149915911525198e+00
3.031084369292664782e+00 3.774785236788300136e+00 -3.060594571561457311e+00
3.046871267049397591e+00 3.864743994144404393e+00 -7.126341913199438771e+00
3.062658164806129957e+00 3.999790899114695986e+00 -8.493089962079789501e+00
3.078445062562862766e+00 4.132903079884576059e+00 -1.037114420832947559e+01
3.094231960319595132e+00 4.327247285589150394e+00 -1.461854771895534810e+01
3.110018858076327941e+00 4.594466116266706202e+00 -1.694057810597774250e+01
3.125805755833060751e+00 4.862125634587178169e+00 -1.961583592546086408e+01
3.141592653589793116e+00 5.213812508602893026e+00 -2.227713635921478996e+01
