0.000000000000000000e+00 8.133701701584101329e+01 3.384341488945373566e+00
1.578689775673262907e-02 8.128358876278116441e+01 6.768682977889847407e+00
3.157379551346525814e-02 8.112330400360164617e+01 1.353736595577879420e+01
4.736069327019788722e-02 8.085616273830245859e+01 2.030604893366773922e+01
6.314759102693051629e-02 8.048216496688360166e+01 2.369039042261266559e+01
7.893448878366314536e-02 8.010816719546473053e+01 2.369039042261311323e+01
9.472138654039577443e-02 7.973416942404585939e+01 2.369039042261266559e+01
1.105082842971284035e-01 7.936017165262700246e+01 2.369039042261266559e+01
1.262951820538610326e-01 7.898617388120813132e+01 2.369039042261356443e+01
1.420820798105936755e-01 7.861217610978924597e+01 2.369039042261356443e+01
1.578689775673262907e-01 7.823817833837037483e+01 2.369039042261311323e+01
1.736558753240589059e-01 7.786418056695150369e+01 2.369039042261311323e+01
1.894427730807915489e-01 7.749018279553263255e+01 2.369039042261311323e+01
2.052296708375241918e-01 7.711618502411376141e+01 2.369039042261311323e+01
2.210165685942568070e-01 7.674218725269489028e+01 2.369039042261266559e+01
2.368034663509894222e-01 7.636818948127603335e+01 2.369039042261266559e+01
2.525903641077220652e-01 7.599419170985716221e+01 2.369039042261311323e+01
2.683772618644547081e-01 7.562019393843829107e+01 2.369039042261311323e+01
2.841641596211873511e-01 7.524619616701941993e+01 2.369039042261311323e+01
2.999510573779199385e-01 7.487219839560054879e+01 2.369039042261311323e+01
3.157379551346525814e-01 7.449820062418167765e+01 2.369039042261266559e+01
3.315248528913852244e-01 7.412420285276282073e+01 2.369039042261311323e+01
3.473117506481178118e-01 7.375020508134393538e+01 2.369039042261356443e+01
3.630986484048504548e-01 7.337620730992506424e+01 2.369039042261266559e+01
3.788855461615830977e-01 7.300220953850620731e+01 2.369039042261266559e+01
3.946724439183157407e-01 7.262821176708733617e+01 2.369039042261311323e+01
4.104593416750483836e-01 7.225421399566846503e+01 2.369039042261311323e+01
4.262462394317809711e-01 7.188021622424959389e+01 2.369039042261311323e+01
4.420331371885136140e-01 7.150621845283072275e+01 2.369039042261311323e+01
4.578200349452462570e-01 7.113222068141185161e+01 2.369039042261266559e+01
4.736069327019788444e-01 7.075822290999299469e+01 2.369039042261311323e+01
4.893938304587114874e-01 7.038422513857410934e+01 2.369039042261356443e+01
5.051807282154441303e-01 7.001022736715523820e+01 2.369039042261311323e+01
5.209676259721767178e-01 6.963622959573636706e+01 2.369039042261311323e+01
5.367545237289094162e-01 6.926223182431749592e+01 2.369039042261266559e+01
5.525414214856420037e-01 6.888823405289863899e+01 2.369039042261266559e+01
5.683283192423747021e-01 6.851423628147976785e+01 2.369039042261311323e+01
5.841152169991072896e-01 6.814023851006089672e+01 2.369039042261311323e+01
5.999021147558398770e-01 6.776624073864202558e+01 2.369039042261311323e+01
6.156890125125725755e-01 6.739224296722315444e+01 2.369039042261311323e+01
6.314759102693051629e-01 6.701824519580428330e+01 2.369039042261266559e+01
6.472628080260377503e-01 6.664424742438542637e+01 2.369039042261311323e+01
6.630497057827704488e-01 6.627024965296654102e+01 2.369039042261356443e+01
6.788366035395030362e-01 6.589625188154766988e+01 2.369039042261266559e+01
6.946235012962356237e-01 6.552225411012881295e+01 2.369039042261266559e+01
7.104103990529683221e-01 6.514825633870994182e+01 2.369039042261311323e+01
7.261972968097009096e-01 6.477425856729107068e+01 2.369039042261311323e+01
7.419841945664336080e-01 6.440026079587219954e+01 2.369039042261311323e+01
7.577710923231661955e-01 6.402626302445332840e+01 2.369039042261288941e+01
7.735579900798987829e-01 6.365226525303446437e+01 2.369039042261288941e+01
7.893448878366314814e-01 6.327826748161559323e+01 2.369039042261311323e+01
8.051317855933640688e-01 6.290426971019672209e+01 2.369039042261311323e+01
8.209186833500967673e-01 6.253027193877785095e+01 2.369039042261311323e+01
8.367055811068293547e-01 6.215627416735897981e+01 2.369039042261311323e+01
8.524924788635619421e-01 6.178227639594010867e+01 2.369039042261288941e+01
8.682793766202946406e-01 6.140827862452124464e+01 2.369039042261288941e+01
8.840662743770272280e-01 6.103428085310237350e+01 2.369039042261311323e+01
8.998531721337598155e-01 6.066028308168350236e+01 2.369039042261311323e+01
9.156400698904925139e-01 6.028628531026463122e+01 2.369039042261311323e+01
9.314269676472251014e-01 5.991228753884576008e+01 2.369039042261288941e+01
9.472138654039576888e-01 5.953828976742689605e+01 2.369039042261288941e+01
9.630007631606903873e-01 5.916429199600802491e+01 2.369039042261311323e+01
9.787876609174229747e-01 5.879029422458915377e+01 2.369039042261311323e+01
9.945745586741556732e-01 5.841629645317028263e+01 2.369039042261311323e+01
1.010361456430888261e+00 5.804229868175141149e+01 2.369039042261311323e+01
1.026148354187620848e+00 5.766830091033254035e+01 2.369039042261288941e+01
1.041935251944353436e+00 5.729430313891367632e+01 2.369039042261288941e+01
1.057722149701086245e+00 5.692030536749480518e+01 2.369039042261311323e+01
1.073509047457818832e+00 5.654630759607593404e+01 2.369039042261311323e+01
1.089295945214551420e+00 5.617230982465706290e+01 2.369039042261311323e+01
1.105082842971284007e+00 5.579831205323819177e+01 2.369039042261288941e+01
1.120869740728016595e+00 5.542431428181932773e+01 2.369039042261311323e+01
1.136656638484749404e+00 5.505031651040044949e+01 2.369039042261334060e+01
1.152443536241481992e+00 5.467631873898157835e+01 2.369039042261288941e+01
1.168230433998214579e+00 5.430232096756271432e+01 2.369039042261288941e+01
1.184017331754947167e+00 5.392832319614384318e+01 2.369039042261311323e+01
1.199804229511679754e+00 5.355432542472497204e+01 2.369039042261288941e+01
1.215591127268412341e+00 5.318032765330610800e+01 2.369039042261288941e+01
1.231378025025145151e+00 5.280632988188723687e+01 2.369039042261311323e+01
1.247164922781877738e+00 5.243233211046836573e+01 2.369039042261288941e+01
1.262951820538610326e+00 5.205833433904950169e+01 2.369039042261311323e+01
1.278738718295342913e+00 5.168433656763062345e+01 2.369039042261311323e+01
1.294525616052075501e+00 5.131033879621175942e+01 2.369039042261311323e+01
1.310312513808808310e+00 5.093634102479288117e+01 2.369039042261334060e+01
1.326099411565540898e+00 5.056234325337401003e+01 2.369039042261288941e+01
1.341886309322273485e+00 5.018834548195514600e+01 2.369039042261266559e+01
1.357673207079006072e+00 4.981434771053628197e+01 2.369039042261311323e+01
1.373460104835738660e+00 4.944034993911740372e+01 2.369039042261311323e+01
1.389247002592471247e+00 4.906635216769853969e+01 2.369039042261288941e+01
1.405033900349204057e+00 4.869235439627966855e+01 2.369039042261311323e+01
1.420820798105936644e+00 4.831835662486079741e+01 2.369039042261288941e+01
1.436607695862669232e+00 4.794435885344193338e+01 2.369039042261311323e+01
1.452394593619401819e+00 4.757036108202305513e+01 2.369039042261311323e+01
1.468181491376134407e+00 4.719636331060419110e+01 2.369039042261311323e+01
1.483968389132867216e+00 4.682236553918531285e+01 2.369039042261334060e+01
1.499755286889599804e+00 4.644836776776644172e+01 2.369039042261288941e+01
1.515542184646332391e+00 4.607436999634757768e+01 2.369039042261266559e+01
1.531329082403064978e+00 4.570037222492871365e+01 3.130696356047177531e+01
1.547115980159797566e+00 4.508589033074173358e+01 4.278021751427939989e+01
1.562902877916530375e+00 4.434963838511129097e+01 3.516364437642050689e+01
1.578689775673262963e+00 4.397564061369241983e+01 2.240013681491877762e+01
1.594476673429995550e+00 4.364238104584340050e+01 2.457327168782250126e+01
1.610263571186728138e+00 4.319976915832428688e+01 3.502189014847517257e+01
1.626050468943460725e+00 4.253660704780040192e+01 5.032341321834651637e+01
1.641837366700193535e+00 4.161086799982859930e+01 5.916513234298552248e+01
1.657624264456926122e+00 4.066853925767586730e+01 6.057430140780882510e+01
1.673411162213658709e+00 3.969830739380743267e+01 7.608596900702494281e+01
1.689198059970391297e+00 3.826621643080420654e+01 9.212130645415123809e+01
1.704984957727123884e+00 3.678968810139079437e+01 8.948450603834083950e+01
1.720771855483856472e+00 3.544085093552618559e+01 7.842841063595835749e+01
1.736558753240589281e+00 3.431340550152496149e+01 6.665984507486767541e+01
1.752345650997321869e+00 3.333614661817303926e+01 5.277865866044106014e+01
1.768132548754054456e+00 3.264698292550521330e+01 4.056159666886929926e+01
1.783919446510787044e+00 3.205546305925050632e+01 4.251832316971096049e+01
1.799706344267519631e+00 3.130451808416932735e+01 5.431840888427223746e+01
1.815493242024252440e+00 3.034042472452170003e+01 6.376015380516920317e+01
1.831280139780985028e+00 2.929136802601782108e+01 6.997649269381723514e+01
1.847067037537717615e+00 2.813100125345761882e+01 7.335811160236907824e+01
1.862853935294450203e+00 2.697517401103065637e+01 7.807589595324081699e+01
1.878640833051182790e+00 2.566584888009940357e+01 8.432843442381950183e+01
1.894427730807915378e+00 2.431260526656231491e+01 8.020836988454310301e+01
1.910214628564648187e+00 2.313336621089645462e+01 6.997546837997552416e+01
1.926001526321380775e+00 2.210321413697401383e+01 6.704579616647437490e+01
1.941788424078113362e+00 2.101647595269871971e+01 6.820134012994650163e+01
1.957575321834845949e+00 1.994983896996679107e+01 6.699103737767431710e+01
1.973362219591578537e+00 1.890131463730112316e+01 6.633228837241391318e+01
1.989149117348311346e+00 1.785547686095598507e+01 6.579673205501815403e+01
2.004936015105043712e+00 1.682386207394171507e+01 6.501710345077101749e+01
2.020722912861776521e+00 1.580264013172352477e+01 6.518263826377945236e+01
2.036509810618509331e+00 1.476579878237296661e+01 6.404589457191438839e+01
2.052296708375241696e+00 1.378046815303294537e+01 6.213968394351726943e+01
2.068083606131974506e+00 1.280381310826899188e+01 6.117225655821670216e+01
2.083870503888706871e+00 1.184902783336657706e+01 5.806636457921967320e+01
2.099657401645439680e+00 1.097043758683438774e+01 5.500223362715885145e+01
2.115444299402172490e+00 1.011239855603882098e+01 5.299801083966054449e+01
2.131231197158904855e+00 9.297089229962530510e+00 5.022464011300829867e+01
2.147018094915637665e+00 8.526616039373312361e+00 4.728598901690546086e+01
2.162804992672370030e+00 7.804091082090793385e+00 4.376031371420030069e+01
2.178591890429102840e+00 7.144936842556062651e+00 3.987452302024783535e+01
2.194378788185835649e+00 6.545101046052525184e+00 3.634200890494149405e+01
2.210165685942568015e+00 5.997481684842906446e+00 3.222473889699915617e+01
2.225952583699300824e+00 5.527643729643863857e+00 2.826241389170855101e+01
2.241739481456033189e+00 5.105130007909180812e+00 2.437808259812209144e+01
2.257526379212765999e+00 4.757935134680391087e+00 2.025202816734034883e+01
2.273313276969498808e+00 4.465696611820638040e+00 1.625162924672340381e+01
2.289100174726231174e+00 4.244809516083694945e+00 1.150961605741858484e+01
2.304887072482963983e+00 4.102294347985207423e+00 7.311229160359139279e+00
2.320673970239696349e+00 4.013966261622431198e+00 3.629677493757815565e+00
2.336460867996429158e+00 3.987691653017471083e+00 -7.872842920906311104e-01
2.352247765753161524e+00 4.038823814871864037e+00 -5.213771481350538473e+00
2.368034663509894333e+00 4.152310207623569838e+00 -9.480728784759349992e+00
2.383821561266627143e+00 4.338166406840479716e+00 -1.338672917349182256e+01
2.399608459023359508e+00 4.574980057141540435e+00 -1.604716531915081035e+01
2.415395356780092317e+00 4.844836323198118855e+00 -1.842912021967563518e+01
2.431182254536824683e+00 5.156857330450646870e+00 -2.033029836634181819e+01
2.446969152293557492e+00 5.486741006544732180e+00 -2.042283666631364270e+01
2.462756050050290302e+00 5.801683799157734356e+00 -1.921889811394007808e+01
2.478542947807022667e+00 6.093554565588399363e+00 -1.795792734848441441e+01
2.494329845563755477e+00 6.368683725104446580e+00 -1.622125406667317904e+01
2.510116743320487842e+00 6.605721124461505056e+00 -1.344658519381467698e+01
2.525903641077220652e+00 6.793243456368340816e+00 -1.080626882575990777e+01
2.541690538833953461e+00 6.946916046629582731e+00 -7.841492800514405559e+00
2.557477436590685826e+00 7.040829146572092689e+00 -5.023608664926920930e+00
2.573264334347418636e+00 7.105530439355657535e+00 -2.494991265193716057e+00
2.589051232104151001e+00 7.119605490587201047e+00 7.446700901909042436e-01
2.604838129860883811e+00 7.082018378202976194e+00 2.434006087519794193e+00
2.620625027617616620e+00 7.042754680101321441e+00 3.068127204556854615e+00
2.636411925374348986e+00 6.985145957236998271e+00 5.341586930719643078e+00
2.652198823131081795e+00 6.874100506633380903e+00 7.106186151460235578e+00
2.667985720887814161e+00 6.760776688810174129e+00 8.070321510790643416e+00
2.683772618644546970e+00 6.619289825523757109e+00 8.909857504101166725e+00
2.699559516401279780e+00 6.479458669921569935e+00 9.129867410449312715e+00
2.715346414158012145e+00 6.331025258841179948e+00 1.199921754208929947e+01
2.731133311914744954e+00 6.100597828926057176e+00 1.535495767576864523e+01
2.746920209671477320e+00 5.846210965068546983e+00 1.662174090265206772e+01
2.762707107428210129e+00 5.575786380587919311e+00 1.828205377691872613e+01
2.778494005184942495e+00 5.268977137549939904e+00 1.893505296798678117e+01
2.794280902941675304e+00 4.977934890140071289e+00 1.867563621894441894e+01
2.810067800698408114e+00 4.679316418489123386e+00 1.918961768167767801e+01
2.825854698455140479e+00 4.372045825477202996e+00 1.752971705525558832e+01
2.841641596211873289e+00 4.125836716777579127e+00 1.477761811416932325e+01
2.857428493968605654e+00 3.905460332964340697e+00 1.196615736529314766e+01
2.873215391725338463e+00 3.748019711043867108e+00 6.981531839797973760e+00
2.889002289482071273e+00 3.685026874283812592e+00 4.069427453105519454e+00
2.904789187238803638e+00 3.619532440782631699e+00 2.695827917722957601e+00
2.920576084995536448e+00 3.599909354870137079e+00 -6.122329847015647863e-02
2.936362982752268813e+00 3.621465492689188270e+00 -2.423779036149484423e+00
2.952149880509001623e+00 3.676437258527344820e+00 -4.551120211368587576e+00
2.967936778265734432e+00 3.765161631600138836e+00 -4.959292832938103857e+00
2.983723676022466798e+00 3.833020956325926321e+00 -2.180566504139142658e+00
2.999510573779199607e+00 3.834010392505339926e+00 -1.866346953835573474e+00
3.015297471535931972e+00 3.891948613403509505e+00 -4.843242012086603765e+00
3.031084369292664782e+00 3.986929925417186382e+00 -7.659963041901138858e+00
3.046871267049397591e+00 4.133802720129197361e+00 -1.182721226704172501e+01
3.062658164806129957e+00 4.360359907031109650e+00 -1.648598307477839953e+01
3.078445062562862766e+00 4.654327778570699792e+00 -1.962584516372343657e+01
3.094231960319595132e+00 4.980022329009444526e+00 -2.220690643032003919e+01
3.110018858076327941e+00 5.355484101188281443e+00 -2.528166305647816614e+01
3.125805755833060751e+00 5.778260388595015229e+00 -2.848927790797078075e+01
3.141592653589793116e+00 6.254998736180834129e+00 -3.019835530273860158e+01
