0.000000000000000000e+00 2.592967950931273435e+02 2.047296050997351102e+01
1.578689775673262907e-02 2.589735905587787670e+02 4.094592101994882682e+01
3.157379551346525814e-02 2.580039769557329805e+02 8.189184203989765365e+01
4.736069327019788722e-02 2.563879542839900409e+02 1.228377630598464805e+02
6.314759102693051629e-02 2.541255225435498915e+02 1.433107235698217892e+02
7.893448878366314536e-02 2.518630908031097420e+02 1.433107235698217892e+02
9.472138654039577443e-02 2.496006590626695925e+02 1.433107235698217892e+02
1.105082842971284035e-01 2.473382273222294430e+02 1.433107235698226987e+02
1.262951820538610326e-01 2.450757955817892650e+02 1.433107235698217892e+02
1.420820798105936755e-01 2.428133638413491440e+02 1.433107235698208797e+02
1.578689775673262907e-01 2.405509321009089945e+02 1.433107235698217892e+02
1.736558753240589059e-01 2.382885003604688450e+02 1.433107235698217892e+02
1.894427730807915489e-01 2.360260686200286955e+02 1.433107235698217892e+02
2.052296708375241918e-01 2.337636368795885460e+02 1.433107235698217892e+02
2.210165685942568070e-01 2.315012051391483965e+02 1.433107235698226987e+02
2.368034663509894222e-01 2.292387733987082186e+02 1.433107235698217892e+02
2.525903641077220652e-01 2.269763416582680975e+02 1.433107235698208797e+02
2.683772618644547081e-01 2.247139099178279480e+02 1.433107235698217892e+02
2.841641596211873511e-01 2.224514781773877985e+02 1.433107235698208797e+02
2.999510573779199385e-01 2.201890464369476774e+02 1.433107235698208797e+02
3.157379551346525814e-01 2.179266146965075279e+02 1.433107235698217892e+02
3.315248528913852244e-01 2.156641829560673784e+02 1.433107235698226987e+02
3.473117506481178118e-01 2.134017512156272005e+02 1.433107235698217892e+02
3.630986484048504548e-01 2.111393194751870794e+02 1.433107235698208797e+02
3.788855461615830977e-01 2.088768877347469299e+02 1.433107235698226987e+02
3.946724439183157407e-01 2.066144559943067520e+02 1.433107235698217892e+02
4.104593416750483836e-01 2.043520242538666309e+02 1.433107235698199986e+02
4.262462394317809711e-01 2.020895925134265099e+02 1.433107235698217892e+02
4.420331371885136140e-01 1.998271607729863319e+02 1.433107235698217892e+02
4.578200349452462570e-01 1.975647290325462109e+02 1.433107235698208797e+02
4.736069327019788444e-01 1.953022972921060614e+02 1.433107235698217892e+02
4.893938304587114874e-01 1.930398655516659119e+02 1.433107235698217892e+02
5.051807282154441303e-01 1.907774338112257624e+02 1.433107235698226987e+02
5.209676259721767178e-01 1.885150020707855845e+02 1.433107235698217892e+02
5.367545237289094162e-01 1.862525703303454634e+02 1.433107235698208797e+02
5.525414214856420037e-01 1.839901385899053139e+02 1.433107235698217892e+02
5.683283192423747021e-01 1.817277068494651644e+02 1.433107235698217892e+02
5.841152169991072896e-01 1.794652751090250149e+02 1.433107235698217892e+02
5.999021147558398770e-01 1.772028433685848654e+02 1.433107235698217892e+02
6.156890125125725755e-01 1.749404116281447159e+02 1.433107235698226987e+02
6.314759102693051629e-01 1.726779798877045380e+02 1.433107235698217892e+02
6.472628080260377503e-01 1.704155481472644169e+02 1.433107235698208797e+02
6.630497057827704488e-01 1.681531164068242674e+02 1.433107235698208797e+02
6.788366035395030362e-01 1.658906846663841463e+02 1.433107235698217892e+02
6.946235012962356237e-01 1.636282529259439684e+02 1.433107235698217892e+02
7.104103990529683221e-01 1.613658211855038473e+02 1.433107235698208797e+02
7.261972968097009096e-01 1.591033894450636978e+02 1.433107235698226987e+02
7.419841945664336080e-01 1.568409577046235199e+02 1.433107235698217892e+02
7.577710923231661955e-01 1.545785259641833989e+02 1.433107235698217892e+02
7.735579900798987829e-01 1.523160942237432209e+02 1.433107235698217892e+02
7.893448878366314814e-01 1.500536624833030999e+02 1.433107235698208797e+02
8.051317855933640688e-01 1.477912307428629504e+02 1.433107235698208797e+02
8.209186833500967673e-01 1.455287990024228293e+02 1.433107235698217892e+02
8.367055811068293547e-01 1.432663672619826514e+02 1.433107235698226987e+02
8.524924788635619421e-01 1.410039355215425019e+02 1.433107235698217892e+02
8.682793766202946406e-01 1.387415037811023524e+02 1.433107235698217892e+02
8.840662743770272280e-01 1.364790720406622029e+02 1.433107235698217892e+02
8.998531721337598155e-01 1.342166403002220534e+02 1.433107235698217892e+02
9.156400698904925139e-01 1.319542085597819039e+02 1.433107235698208797e+02
9.314269676472251014e-01 1.296917768193417828e+02 1.433107235698208797e+02
9.472138654039576888e-01 1.274293450789016333e+02 1.433107235698222439e+02
9.630007631606903873e-01 1.251669133384614696e+02 1.433107235698222439e+02
9.787876609174229747e-01 1.229044815980213201e+02 1.433107235698213344e+02
9.945745586741556732e-01 1.206420498575811848e+02 1.433107235698213344e+02
1.010361456430888261e+00 1.183796181171410353e+02 1.433107235698217892e+02
1.026148354187620848e+00 1.161171863767008858e+02 1.433107235698217892e+02
1.041935251944353436e+00 1.138547546362607363e+02 1.433107235698213344e+02
1.057722149701086245e+00 1.115923228958206010e+02 1.433107235698208797e+02
1.073509047457818832e+00 1.093298911553804658e+02 1.433107235698222439e+02
1.089295945214551420e+00 1.070674594149402878e+02 1.433107235698226987e+02
1.105082842971284007e+00 1.048050276745001383e+02 1.433107235698217892e+02
1.120869740728016595e+00 1.025425959340599888e+02 1.433107235698217892e+02
1.136656638484749404e+00 1.002801641936198394e+02 1.433107235698213344e+02
1.152443536241481992e+00 9.801773245317970407e+01 1.433107235698213344e+02
1.168230433998214579e+00 9.575530071273955457e+01 1.433107235698213344e+02
1.184017331754947167e+00 9.349286897229941928e+01 1.433107235698213344e+02
1.199804229511679754e+00 9.123043723185926979e+01 1.433107235698222439e+02
1.215591127268412341e+00 8.896800549141910608e+01 1.433107235698222439e+02
1.231378025025145151e+00 8.670557375097895658e+01 1.433107235698213344e+02
1.247164922781877738e+00 8.444314201053882130e+01 1.433107235698213344e+02
1.262951820538610326e+00 8.218071027009867180e+01 1.433107235698213344e+02
1.278738718295342913e+00 7.991827852965853651e+01 1.433107235698213344e+02
1.294525616052075501e+00 7.765584678921838702e+01 1.433107235698217892e+02
1.310312513808808310e+00 7.539341504877823752e+01 1.433107235698213344e+02
1.326099411565540898e+00 7.313098330833810223e+01 1.433107235698213344e+02
1.341886309322273485e+00 7.086855156789795274e+01 1.433107235698222439e+02
1.357673207079006072e+00 6.860611982745778903e+01 1.433107235698222439e+02
1.373460104835738660e+00 6.634368808701763953e+01 1.433107235698217892e+02
1.389247002592471247e+00 6.408125634657749004e+01 1.433107235698217892e+02
1.405033900349204057e+00 6.181882460613734054e+01 1.433107235698213344e+02
1.420820798105936644e+00 5.955639286569720525e+01 1.436713373607150857e+02
1.436607695862669232e+00 5.728257517916404140e+01 1.422383277760634712e+02
1.452394593619401819e+00 5.506538899031853163e+01 1.418777139851695210e+02
1.468181491376134407e+00 5.280295724987838923e+01 1.271407053891347516e+02
1.483968389132867216e+00 5.105107435692426066e+01 9.828317239136264050e+01
1.499755286889599804e+00 4.969978446237885095e+01 8.266858334458420643e+01
1.515542184646332391e+00 4.844091341101449899e+01 7.975267955914274864e+01
1.531329082403064978e+00 4.718168966632755712e+01 7.167860496773916168e+01
1.547115980159797566e+00 4.617774779507264782e+01 6.124715314434361346e+01
1.562902877916530375e+00 4.524788457716616108e+01 4.900918832110901491e+01
1.578689775673262963e+00 4.463034170474104201e+01 4.690609513516879758e+01
1.594476673429995550e+00 4.376688112103319384e+01 6.346890033040894963e+01
1.610263571186728138e+00 4.262638762424420236e+01 6.849492595226800518e+01
1.626050468943460725e+00 4.160423633530633936e+01 5.667206747299039193e+01
1.641837366700193535e+00 4.083703535452669797e+01 5.020740949691290922e+01
1.657624264456926122e+00 4.001899785458999759e+01 5.037842243744493231e+01
1.673411162213658709e+00 3.924639734619584175e+01 5.771649895649063211e+01
1.689198059970391297e+00 3.819666891878463133e+01 7.185540972624369260e+01
1.704984957727123884e+00 3.697764933296316059e+01 7.624231722347160201e+01
1.720771855483856472e+00 3.578940958529798877e+01 7.836841108034515457e+01
1.736558753240589281e+00 3.450326114679715772e+01 8.488315939925249154e+01
1.752345650997321869e+00 3.310932606788911414e+01 9.180958153025024160e+01
1.768132548754054456e+00 3.160448419338421999e+01 9.595909865343601552e+01
1.783919446510787044e+00 3.007953310934908586e+01 9.146875830672098573e+01
1.799706344267519631e+00 2.871646832273723504e+01 8.527807650165273401e+01
1.815493242024252440e+00 2.738698056010425574e+01 8.533273901166032260e+01
1.831280139780985028e+00 2.602218987057917232e+01 8.554371597007114758e+01
1.847067037537717615e+00 2.468604076460327690e+01 8.495897398005361367e+01
1.862853935294450203e+00 2.333971259909914409e+01 8.321333691337443383e+01
1.878640833051182790e+00 2.205867988090730236e+01 8.224419450433711631e+01
1.894427730807915378e+00 2.074295121964954092e+01 8.351958530954931348e+01
1.910214628564648187e+00 1.942164957297417516e+01 8.282835226474657020e+01
1.926001526321380775e+00 1.812774576252516567e+01 8.057524874577306662e+01
1.941788424078113362e+00 1.687758314562853812e+01 7.848983674044492886e+01
1.957575321834845949e+00 1.564952370739708520e+01 7.728312335229621510e+01
1.973362219591578537e+00 1.443746161226122560e+01 7.603120863054185463e+01
1.989149117348311346e+00 1.324892987345474182e+01 7.298230369757105507e+01
2.004936015105043712e+00 1.213313327921249751e+01 6.907700447258606857e+01
2.020722912861776521e+00 1.106790665955458408e+01 6.608880323376071431e+01
2.036509810618509331e+00 1.004645892018009512e+01 6.294285496588742745e+01
2.052296708375241696e+00 9.080561827827953181e+00 5.861120333976239039e+01
2.068083606131974506e+00 8.195880771132305398e+00 5.285900351858595059e+01
2.083870503888706871e+00 7.411602459686579714e+00 4.649810104600536675e+01
2.099657401645439680e+00 6.727759236941286858e+00 4.053966921578130211e+01
2.115444299402172490e+00 6.131611233683978313e+00 3.453279516248844772e+01
2.131231197158904855e+00 5.637427823972494423e+00 2.745165350219234668e+01
2.147018094915637665e+00 5.264858339499254747e+00 2.011497572204345730e+01
2.162804992672370030e+00 5.002321693766376143e+00 1.382283605429206652e+01
2.178591890429102840e+00 4.828418940504882073e+00 7.459541650026613624e+00
2.194378788185835649e+00 4.766795651084258623e+00 6.390722311896145369e-01
2.210165685942568015e+00 4.808241004558967191e+00 -5.599251893854831685e+00
2.225952583699300824e+00 4.943585285409214158e+00 -1.155421841372650427e+01
2.241739481456033189e+00 5.173051534071882784e+00 -1.653247090477371373e+01
2.257526379212765999e+00 5.465578141088853314e+00 -2.069671524685586661e+01
2.273313276969498808e+00 5.826525389076528505e+00 -2.473884319461447490e+01
2.289100174726231174e+00 6.246677317355292303e+00 -2.715751026684660729e+01
2.304887072482963983e+00 6.683991064896776635e+00 -2.734513988156041364e+01
2.320673970239696349e+00 7.110067172262784396e+00 -2.698634057338279035e+01
2.336460867996429158e+00 7.536052263817495600e+00 -2.562496842632043226e+01
2.352247765753161524e+00 7.919144685394429395e+00 -2.316229080283441988e+01
2.368034663509894333e+00 8.267373697249606579e+00 -2.011371140375877431e+01
2.383821561266627143e+00 8.554210896273563236e+00 -1.646950217546963557e+01
2.399608459023359508e+00 8.787378391146456025e+00 -1.269934568283609089e+01
2.415395356780092317e+00 8.955177440018237789e+00 -9.155355855155832501e+00
2.431182254536824683e+00 9.076447724770153158e+00 -5.532016370278562967e+00
2.446969152293557492e+00 9.129844193670555441e+00 -1.933595002256530249e+00
2.462756050050290302e+00 9.137498657977259242e+00 1.090512813072201492e+00
2.478542947807022667e+00 9.095412565105799985e+00 3.888956788783675123e+00
2.494329845563755477e+00 9.014709531567500989e+00 7.465083707557454318e+00
2.510116743320487842e+00 8.859711538632479844e+00 1.089324313674141465e+01
2.525903641077220652e+00 8.670768500289568692e+00 1.318393525885541173e+01
2.541690538833953461e+00 8.443444662706614423e+00 1.567202834553120816e+01
2.557477436590685826e+00 8.175943082026535080e+00 1.805441445948901347e+01
2.573264334347418636e+00 7.873398272447357904e+00 2.033897870811311748e+01
2.589051232104151001e+00 7.533764327343847711e+00 2.248086524499653649e+01
2.604838129860883811e+00 7.163592030236069164e+00 2.286771383622825837e+01
2.620625027617616620e+00 6.811743806818336466e+00 2.242226824790582995e+01
2.636411925374348986e+00 6.455635917628625542e+00 2.258359730975712409e+01
2.652198823131081795e+00 6.098693923401620864e+00 2.222570862263172486e+01
2.667985720887814161e+00 5.753885938435789882e+00 2.162143076982030721e+01
2.683772618644546970e+00 5.416023289566768817e+00 2.008415885996845063e+01
2.699559516401279780e+00 5.119752813531194491e+00 1.706145952315377556e+01
2.715346414158012145e+00 4.877328255421446990e+00 1.402930569093916269e+01
2.731133311914744954e+00 4.676794384449586950e+00 1.123209074785437522e+01
2.746920209671477320e+00 4.522688518960007897e+00 6.807162107127697759e+00
2.762707107428210129e+00 4.461866440052127736e+00 3.292186116405500518e-01
2.778494005184942495e+00 4.512293837836842236e+00 -7.991879445754054068e+00
2.794280902941675304e+00 4.714200407440632290e+00 -1.673653865446713240e+01
2.810067800698408114e+00 5.040729886916194502e+00 -2.403492556417304726e+01
2.825854698455140479e+00 5.473074232385190641e+00 -3.164573629352189954e+01
2.841641596211873289e+00 6.039905893520900904e+00 -4.173648229558998679e+01
2.857428493968605654e+00 6.790853389837511855e+00 -5.061772917864060162e+01
2.873215391725338463e+00 7.638099723963263088e+00 -5.727001165980919950e+01
2.889002289482071273e+00 8.599085027038098517e+00 -6.336698274328933422e+01
2.904789187238803638e+00 9.638835879405162288e+00 -6.874411671205851349e+01
2.920576084995536448e+00 1.076959771085842377e+01 -7.587215418391501487e+01
2.936362982752268813e+00 1.203440776077420260e+01 -8.410220800344029612e+01
2.952149880509001623e+00 1.342502362858996889e+01 -8.717804202263232582e+01
2.967936778265734432e+00 1.478694943286107666e+01 -8.983098291975345262e+01
2.983723676022466798e+00 1.626132871407185476e+01 -9.193252442234646082e+01
2.999510573779199607e+00 1.768960816000889480e+01 -8.735108135571272214e+01
3.015297471535931972e+00 1.901933389467719593e+01 -8.378238694685457233e+01
3.031084369292664782e+00 2.033493611309890170e+01 -7.410159897985070643e+01
3.046871267049397591e+00 2.135900262808780781e+01 -5.562892198551434575e+01
3.062658164806129957e+00 2.209135232050404340e+01 -4.187623231173184024e+01
3.078445062562862766e+00 2.268119422397279550e+01 -3.042778388250086863e+01
3.094231960319595132e+00 2.305207294673803986e+01 -2.038968925523762721e+01
3.110018858076327941e+00 2.332497410310076802e+01 -1.508128044266959300e+01
3.125805755833060751e+00 2.352824621151611240e+01 -6.139423778090657535e+00
3.141592653589793116e+00 2.351881901404070874e+01 5.971532609301436478e-01
