0.000000000000000000e+00 1.653038866251888521e+02 1.055979693577528167e+01
1.578689775673262907e-02 1.651371801906319092e+02 2.111959387155056334e+01
3.157379551346525814e-02 1.646370608869610805e+02 4.223918774310112667e+01
4.736069327019788722e-02 1.638035287141763661e+02 6.335878161465169711e+01
6.314759102693051629e-02 1.626365836722777658e+02 7.391857855042697167e+01
7.893448878366314536e-02 1.614696386303791655e+02 7.391857855042697167e+01
9.472138654039577443e-02 1.603026935884805653e+02 7.391857855042697167e+01
1.105082842971284035e-01 1.591357485465819650e+02 7.391857855042697167e+01
1.262951820538610326e-01 1.579688035046833647e+02 7.391857855042697167e+01
1.420820798105936755e-01 1.568018584627847645e+02 7.391857855042697167e+01
1.578689775673262907e-01 1.556349134208861642e+02 7.391857855042697167e+01
1.736558753240589059e-01 1.544679683789875639e+02 7.391857855042697167e+01
1.894427730807915489e-01 1.533010233370889637e+02 7.391857855042697167e+01
2.052296708375241918e-01 1.521340782951903634e+02 7.391857855042697167e+01
2.210165685942568070e-01 1.509671332532917631e+02 7.391857855042697167e+01
2.368034663509894222e-01 1.498001882113931629e+02 7.391857855042697167e+01
2.525903641077220652e-01 1.486332431694945626e+02 7.391857855042697167e+01
2.683772618644547081e-01 1.474662981275959623e+02 7.391857855042697167e+01
2.841641596211873511e-01 1.462993530856973621e+02 7.391857855042697167e+01
2.999510573779199385e-01 1.451324080437987618e+02 7.391857855042697167e+01
3.157379551346525814e-01 1.439654630019001615e+02 7.391857855042697167e+01
3.315248528913852244e-01 1.427985179600015613e+02 7.391857855042607639e+01
3.473117506481178118e-01 1.416315729181029894e+02 7.391857855042697167e+01
3.630986484048504548e-01 1.404646278762043607e+02 7.391857855042697167e+01
3.788855461615830977e-01 1.392976828343057889e+02 7.391857855042607639e+01
3.946724439183157407e-01 1.381307377924071886e+02 7.391857855042697167e+01
4.104593416750483836e-01 1.369637927505085884e+02 7.391857855042697167e+01
4.262462394317809711e-01 1.357968477086099881e+02 7.391857855042697167e+01
4.420331371885136140e-01 1.346299026667113878e+02 7.391857855042697167e+01
4.578200349452462570e-01 1.334629576248127876e+02 7.391857855042697167e+01
4.736069327019788444e-01 1.322960125829141873e+02 7.391857855042697167e+01
4.893938304587114874e-01 1.311290675410155870e+02 7.391857855042697167e+01
5.051807282154441303e-01 1.299621224991169868e+02 7.391857855042697167e+01
5.209676259721767178e-01 1.287951774572183865e+02 7.391857855042697167e+01
5.367545237289094162e-01 1.276282324153197862e+02 7.391857855042697167e+01
5.525414214856420037e-01 1.264612873734211860e+02 7.391857855042697167e+01
5.683283192423747021e-01 1.252943423315225857e+02 7.391857855042697167e+01
5.841152169991072896e-01 1.241273972896239854e+02 7.391857855042697167e+01
5.999021147558398770e-01 1.229604522477253852e+02 7.391857855042697167e+01
6.156890125125725755e-01 1.217935072058267849e+02 7.391857855042697167e+01
6.314759102693051629e-01 1.206265621639281846e+02 7.391857855042697167e+01
6.472628080260377503e-01 1.194596171220295844e+02 7.391857855042697167e+01
6.630497057827704488e-01 1.182926720801309841e+02 7.391857855042697167e+01
6.788366035395030362e-01 1.171257270382323838e+02 7.391857855042697167e+01
6.946235012962356237e-01 1.159587819963337836e+02 7.391857855042697167e+01
7.104103990529683221e-01 1.147918369544351833e+02 7.391857855042653114e+01
7.261972968097009096e-01 1.136248919125365973e+02 7.391857855042607639e+01
7.419841945664336080e-01 1.124579468706380112e+02 7.391857855042607639e+01
7.577710923231661955e-01 1.112910018287394252e+02 7.391857855042697167e+01
7.735579900798987829e-01 1.101240567868408107e+02 7.391857855042697167e+01
7.893448878366314814e-01 1.089571117449422246e+02 7.391857855042653114e+01
8.051317855933640688e-01 1.077901667030436244e+02 7.391857855042697167e+01
8.209186833500967673e-01 1.066232216611450241e+02 7.391857855042697167e+01
8.367055811068293547e-01 1.054562766192464238e+02 7.391857855042653114e+01
8.524924788635619421e-01 1.042893315773478378e+02 7.391857855042697167e+01
8.682793766202946406e-01 1.031223865354492233e+02 7.391857855042697167e+01
8.840662743770272280e-01 1.019554414935506372e+02 7.391857855042653114e+01
8.998531721337598155e-01 1.007884964516520370e+02 7.391857855042697167e+01
9.156400698904925139e-01 9.962155140975343670e+01 7.391857855042697167e+01
9.314269676472251014e-01 9.845460636785483644e+01 7.391857855042697167e+01
9.472138654039576888e-01 9.728766132595623617e+01 7.391857855042697167e+01
9.630007631606903873e-01 9.612071628405763590e+01 7.391857855042697167e+01
9.787876609174229747e-01 9.495377124215903564e+01 7.391857855042697167e+01
9.945745586741556732e-01 9.378682620026043537e+01 7.391857855042697167e+01
1.010361456430888261e+00 9.261988115836183511e+01 7.391857855042697167e+01
1.026148354187620848e+00 9.145293611646323484e+01 7.391857855042653114e+01
1.041935251944353436e+00 9.028599107456464878e+01 7.391857855042653114e+01
1.057722149701086245e+00 8.911904603266604852e+01 7.391857855042697167e+01
1.073509047457818832e+00 8.795210099076744825e+01 7.391857855042697167e+01
1.089295945214551420e+00 8.678515594886884799e+01 7.391857855042697167e+01
1.105082842971284007e+00 8.561821090697024772e+01 7.391857855042697167e+01
1.120869740728016595e+00 8.445126586507164745e+01 7.391857855042697167e+01
1.136656638484749404e+00 8.328432082317304719e+01 7.391857855042697167e+01
1.152443536241481992e+00 8.211737578127444692e+01 7.391857855042697167e+01
1.168230433998214579e+00 8.095043073937584666e+01 7.391857855042697167e+01
1.184017331754947167e+00 7.978348569747724639e+01 7.391857855042653114e+01
1.199804229511679754e+00 7.861654065557866033e+01 7.391857855042653114e+01
1.215591127268412341e+00 7.744959561368006007e+01 7.391857855042697167e+01
1.231378025025145151e+00 7.628265057178145980e+01 7.391857855042697167e+01
1.247164922781877738e+00 7.511570552988285954e+01 7.391857855042697167e+01
1.262951820538610326e+00 7.394876048798425927e+01 7.391857855042697167e+01
1.278738718295342913e+00 7.278181544608565900e+01 7.391857855042697167e+01
1.294525616052075501e+00 7.161487040418705874e+01 7.391857855042697167e+01
1.310312513808808310e+00 7.044792536228845847e+01 7.391857855042697167e+01
1.326099411565540898e+00 6.928098032038985821e+01 7.391857855042653114e+01
1.341886309322273485e+00 6.811403527849127215e+01 7.391857855042653114e+01
1.357673207079006072e+00 6.694709023659267189e+01 7.194443782124841391e+01
1.373460104835738660e+00 6.584247631039195880e+01 7.258994390079990922e+01
1.389247002592471247e+00 6.465515019153490073e+01 7.456408462997870856e+01
1.405033900349204057e+00 6.348820514963629336e+01 7.436920088604989587e+01
1.420820798105936644e+00 6.230703225025894199e+01 7.449349705332565463e+01
1.436607695862669232e+00 6.113616270659166219e+01 7.705231605509224835e+01
1.452394593619401819e+00 5.987419817929656318e+01 8.598826275560080035e+01
1.468181491376134407e+00 5.842118688178820207e+01 9.927318431275102739e+01
1.483968389132867216e+00 5.673976695783521507e+01 1.083070359825090065e+02
1.499755286889599804e+00 5.500152267500693881e+01 1.104686674225317233e+02
1.515542184646332391e+00 5.325185184199119703e+01 1.056200508428392197e+02
1.531329082403064978e+00 5.166669678757332917e+01 1.119978810545772205e+02
1.547115980159797566e+00 4.971565364763257122e+01 1.081825144641488805e+02
1.562902877916530375e+00 4.825096419774979495e+01 9.187169200007191705e+01
1.578689775673262963e+00 4.681491563094623842e+01 7.939811807911814867e+01
1.594476673429995550e+00 4.574406425336574955e+01 6.222060619471878340e+01
1.610263571186728138e+00 4.485037493423033794e+01 5.662463319339442336e+01
1.626050468943460725e+00 4.395620966389253681e+01 5.526506499258688621e+01
1.641837366700193535e+00 4.310544707311603219e+01 4.389420605477192083e+01
1.657624264456926122e+00 4.257030297769325955e+01 4.413392524783386506e+01
1.673411162213658709e+00 4.171197154213436420e+01 4.760415749442680777e+01
1.689198059970391297e+00 4.106725904337343280e+01 4.734435497108108848e+01
1.704984957727123884e+00 4.021713055956053751e+01 5.825360069521781270e+01
1.720771855483856472e+00 3.922797176709956801e+01 6.215525741925983993e+01
1.736558753240589281e+00 3.825465317171803292e+01 7.014265439156424975e+01
1.752345650997321869e+00 3.701330194056865253e+01 7.507282516128753969e+01
1.768132548754054456e+00 3.588431914145741075e+01 7.723872150069009024e+01
1.783919446510787044e+00 3.457458234218437099e+01 8.520761374638193786e+01
1.799706344267519631e+00 3.319399136883881596e+01 9.100919623482411680e+01
1.815493242024252440e+00 3.170107659042120218e+01 9.072080398680643043e+01
1.831280139780985028e+00 3.032959125494222619e+01 8.603184303063990512e+01
1.847067037537717615e+00 2.898472477092523647e+01 8.387997880255501570e+01
1.862853935294450203e+00 2.768118195655655356e+01 8.548163088739707405e+01
1.878640833051182790e+00 2.628574523712904565e+01 8.221800717832610417e+01
1.894427730807915378e+00 2.508524741038346662e+01 7.642332849314412613e+01
1.910214628564648187e+00 2.387277069082812986e+01 7.125541845468940494e+01
1.926001526321380775e+00 2.283544339886870489e+01 6.654591321527067294e+01
1.941788424078113362e+00 2.177166363471236821e+01 6.980976468376537980e+01
1.957575321834845949e+00 2.063128416390036790e+01 7.080498559044360718e+01
1.973362219591578537e+00 1.953608149834584751e+01 6.927457546148259837e+01
1.989149117348311346e+00 1.844402288399739831e+01 7.236806406335266217e+01
2.004936015105043712e+00 1.725114704190419701e+01 7.326082877524960679e+01
2.020722912861776521e+00 1.613090045710067599e+01 7.260302788704703403e+01
2.036509810618509331e+00 1.495879388574015856e+01 7.339556583636425557e+01
2.052296708375241696e+00 1.381352386978823432e+01 7.008150961116737676e+01
2.068083606131974506e+00 1.274605463200220967e+01 6.690800700373080190e+01
2.083870503888706871e+00 1.170098413843893681e+01 6.387023250056295609e+01
2.099657401645439680e+00 1.072942897163195219e+01 5.882440536307806411e+01
2.115444299402172490e+00 9.843674392303920939e+00 5.519152920945602148e+01
2.131231197158904855e+00 8.986822914297142972e+00 5.168230727062289986e+01
2.147018094915637665e+00 8.211867790877194651e+00 4.669120004386324752e+01
2.162804992672370030e+00 7.512604511833904652e+00 4.291043634639869708e+01
2.178591890429102840e+00 6.857022448282434901e+00 3.892147611671012442e+01
2.194378788185835649e+00 6.283705783842677306e+00 3.417266470567057013e+01
2.210165685942568015e+00 5.778061720715380822e+00 3.015778382745703112e+01
2.225952583699300824e+00 5.331510084135259397e+00 2.633698324377369815e+01
2.241739481456033189e+00 4.946503197334909174e+00 2.259198796744220417e+01
2.257526379212765999e+00 4.618195275808571587e+00 1.912304517946077809e+01
2.273313276969498808e+00 4.342716079243857052e+00 1.536431670587247567e+01
2.289100174726231174e+00 4.133085481933235883e+00 1.108886352611334303e+01
2.304887072482963983e+00 3.992598569793631036e+00 6.907562005321499221e+00
2.320673970239696349e+00 3.914987531680632848e+00 3.359378453455635238e+00
2.336460867996429158e+00 3.886530241451881640e+00 -5.159655506647263801e-01
2.352247765753161524e+00 3.931278522469313419e+00 -5.031291679108407244e+00
2.368034663509894333e+00 4.045387216096649752e+00 -9.318161164371225880e+00
2.383821561266627143e+00 4.225488237634683841e+00 -1.321224402935508557e+01
2.399608459023359508e+00 4.462547907353509480e+00 -1.502636092472872953e+01
2.415395356780092317e+00 4.699927484783593457e+00 -1.505847904048285280e+01
2.431182254536824683e+00 4.938001245321517629e+00 -1.585220223239075388e+01
2.446969152293557492e+00 5.200441676507196576e+00 -1.643918239223102162e+01
2.462756050050290302e+00 5.457048628582378491e+00 -1.498486493880269066e+01
2.478542947807022667e+00 5.673570737881847847e+00 -1.366387823443022320e+01
2.494329845563755477e+00 5.888469125877167087e+00 -1.248350169193272130e+01
2.510116743320487842e+00 6.067722267594929164e+00 -1.113185074217784454e+01
2.525903641077220652e+00 6.239943904897106819e+00 -1.100544220008899110e+01
2.541690538833953461e+00 6.415205849155800166e+00 -1.037349415653752516e+01
2.557477436590685826e+00 6.567474488155749412e+00 -8.138021555553569542e+00
2.573264334347418636e+00 6.672154077635020997e+00 -6.926006388858077401e+00
2.589051232104151001e+00 6.786154797602508282e+00 -4.480901836491929302e+00
2.604838129860883811e+00 6.813633155936328123e+00 -5.047483688961023063e-01
2.620625027617616620e+00 6.802091619387788946e+00 1.748089046998231089e+00
2.636411925374348986e+00 6.758439349827077613e+00 4.371794141992248584e+00
2.652198823131081795e+00 6.664057485121560376e+00 7.133213945553313451e+00
2.667985720887814161e+00 6.533216711356378603e+00 8.382336393852385825e+00
2.683772618644546970e+00 6.399395309896987349e+00 1.058938662795839036e+01
2.699559516401279780e+00 6.198869583352196955e+00 1.220534946065085613e+01
2.715346414158012145e+00 6.014026101856013717e+00 1.337260649725924289e+01
2.731133311914744954e+00 5.776645640325696718e+00 1.578403899435457092e+01
2.746920209671477320e+00 5.515664082271700686e+00 1.683183929165298309e+01
2.762707107428210129e+00 5.245200588415535492e+00 1.831474478161920061e+01
2.778494005184942495e+00 4.937398075655551111e+00 2.026200266406507922e+01
2.794280902941675304e+00 4.605452259607056398e+00 2.006278708782155462e+01
2.810067800698408114e+00 4.303939738714482210e+00 1.918142829023316409e+01
2.825854698455140479e+00 3.999821765115036953e+00 1.576232714152842540e+01
2.841641596211873289e+00 3.806263244731520334e+00 1.086561589390888116e+01
2.857428493968605654e+00 3.656753030752899924e+00 8.973269228983037138e+00
2.873215391725338463e+00 3.522943077008339863e+00 5.643693752439475020e+00
2.889002289482071273e+00 3.478560198272754533e+00 1.451525320624990512e+00
2.904789187238803638e+00 3.477112913352309320e+00 -1.153567127967960682e+00
2.920576084995536448e+00 3.514982690882270333e+00 -3.371548262534478813e+00
2.936362982752268813e+00 3.583565488757352036e+00 -2.649686850621115308e+00
2.952149880509001623e+00 3.598643361678499186e+00 -1.483566040175875012e+00
2.967936778265734432e+00 3.630407299540586497e+00 -3.554925302744839311e+00
2.983723676022466798e+00 3.710885846253008324e+00 -4.377305012149190766e+00
2.999510573779199607e+00 3.768615432894251605e+00 -5.046930965174762029e+00
3.015297471535931972e+00 3.870236612518012098e+00 -6.104219766543894643e+00
3.031084369292664782e+00 3.961348819572361180e+00 -7.039459831412296253e+00
3.046871267049397591e+00 4.092499077760276549e+00 -1.244449943908290557e+01
3.062658164806129957e+00 4.354268900129397935e+00 -1.736166630585924153e+01
3.078445062562862766e+00 4.640672779474495968e+00 -2.098677806415584968e+01
3.094231960319595132e+00 5.016901139213532979e+00 -2.737066654478574890e+01
3.110018858076327941e+00 5.504868608026805887e+00 -3.084528808119950227e+01
3.125805755833060751e+00 5.990803957643253241e+00 -3.409699093806732861e+01
3.141592653589793116e+00 6.581440027529821712e+00 -3.741305473614537647e+01
