0.000000000000000000e+00 6.241191814082252165e+01 1.155295802557641638e+00
1.578689775673262907e-02 6.239367960410876179e+01 2.310591605115283276e+00
3.157379551346525814e-02 6.233896399396748222e+01 4.621183210230341842e+00
4.736069327019788722e-02 6.224777131039869005e+01 6.931774815345399965e+00
6.314759102693051629e-02 6.212010155340237816e+01 8.087070617903266978e+00
7.893448878366314536e-02 6.199243179640605916e+01 8.087070617902817560e+00
9.472138654039577443e-02 6.186476203940976148e+01 8.087070617902817560e+00
1.105082842971284035e-01 6.173709228241344249e+01 8.087070617903266978e+00
1.262951820538610326e-01 6.160942252541713060e+01 8.087070617903266978e+00
1.420820798105936755e-01 6.148175276842081161e+01 8.087070617903041381e+00
1.578689775673262907e-01 6.135408301142450682e+01 8.087070617902817560e+00
1.736558753240589059e-01 6.122641325442819493e+01 8.087070617903266978e+00
1.894427730807915489e-01 6.109874349743187594e+01 8.087070617902817560e+00
2.052296708375241918e-01 6.097107374043557826e+01 8.087070617902817560e+00
2.210165685942568070e-01 6.084340398343925926e+01 8.087070617903266978e+00
2.368034663509894222e-01 6.071573422644294737e+01 8.087070617903266978e+00
2.525903641077220652e-01 6.058806446944662838e+01 8.087070617903041381e+00
2.683772618644547081e-01 6.046039471245032360e+01 8.087070617902817560e+00
2.841641596211873511e-01 6.033272495545401171e+01 8.087070617903266978e+00
2.999510573779199385e-01 6.020505519845769271e+01 8.087070617902817560e+00
3.157379551346525814e-01 6.007738544146139503e+01 8.087070617902817560e+00
3.315248528913852244e-01 5.994971568446507604e+01 8.087070617903266978e+00
3.473117506481178118e-01 5.982204592746876415e+01 8.087070617903266978e+00
3.630986484048504548e-01 5.969437617047244515e+01 8.087070617903041381e+00
3.788855461615830977e-01 5.956670641347614037e+01 8.087070617902817560e+00
3.946724439183157407e-01 5.943903665647982848e+01 8.087070617903266978e+00
4.104593416750483836e-01 5.931136689948350948e+01 8.087070617902817560e+00
4.262462394317809711e-01 5.918369714248721181e+01 8.087070617902817560e+00
4.420331371885136140e-01 5.905602738549089281e+01 8.087070617903266978e+00
4.578200349452462570e-01 5.892835762849458092e+01 8.087070617903041381e+00
4.736069327019788444e-01 5.880068787149826903e+01 8.087070617903041381e+00
4.893938304587114874e-01 5.867301811450195714e+01 8.087070617903041381e+00
5.051807282154441303e-01 5.854534835750564525e+01 8.087070617903266978e+00
5.209676259721767178e-01 5.841767860050932626e+01 8.087070617902817560e+00
5.367545237289094162e-01 5.829000884351302858e+01 8.087070617902817560e+00
5.525414214856420037e-01 5.816233908651670959e+01 8.087070617903266978e+00
5.683283192423747021e-01 5.803466932952039770e+01 8.087070617903041381e+00
5.841152169991072896e-01 5.790699957252408581e+01 8.087070617902817560e+00
5.999021147558398770e-01 5.777932981552778102e+01 8.087070617902817560e+00
6.156890125125725755e-01 5.765166005853146913e+01 8.087070617902817560e+00
6.314759102693051629e-01 5.752399030153516435e+01 8.087070617903041381e+00
6.472628080260377503e-01 5.739632054453884535e+01 8.087070617903266978e+00
6.630497057827704488e-01 5.726865078754253346e+01 8.087070617903266978e+00
6.788366035395030362e-01 5.714098103054621447e+01 8.087070617903266978e+00
6.946235012962356237e-01 5.701331127354990258e+01 8.087070617902817560e+00
7.104103990529683221e-01 5.688564151655359780e+01 8.087070617902817560e+00
7.261972968097009096e-01 5.675797175955728591e+01 8.087070617902817560e+00
7.419841945664336080e-01 5.663030200256098112e+01 8.087070617903041381e+00
7.577710923231661955e-01 5.650263224556466213e+01 8.087070617903266978e+00
7.735579900798987829e-01 5.637496248856835024e+01 8.087070617903266978e+00
7.893448878366314814e-01 5.624729273157203124e+01 8.087070617903266978e+00
8.051317855933640688e-01 5.611962297457571935e+01 8.087070617902817560e+00
8.209186833500967673e-01 5.599195321757941457e+01 8.087070617902817560e+00
8.367055811068293547e-01 5.586428346058310268e+01 8.087070617903041381e+00
8.524924788635619421e-01 5.573661370358679079e+01 8.087070617903041381e+00
8.682793766202946406e-01 5.560894394659047890e+01 8.087070617903041381e+00
8.840662743770272280e-01 5.548127418959416701e+01 8.087070617902817560e+00
8.998531721337598155e-01 5.535360443259786223e+01 8.087070617902817560e+00
9.156400698904925139e-01 5.522593467560155034e+01 8.087070617902817560e+00
9.314269676472251014e-01 5.509826491860524555e+01 8.087070617903041381e+00
9.472138654039576888e-01 5.497059516160892656e+01 8.087070617903266978e+00
9.630007631606903873e-01 5.484292540461261467e+01 8.087070617903266978e+00
9.787876609174229747e-01 5.471525564761629568e+01 8.087070617903266978e+00
9.945745586741556732e-01 5.458758589061998379e+01 8.087070617902817560e+00
1.010361456430888261e+00 5.445991613362367900e+01 8.087070617902817560e+00
1.026148354187620848e+00 5.433224637662736711e+01 8.087070617902817560e+00
1.041935251944353436e+00 5.420457661963106233e+01 8.087070617903041381e+00
1.057722149701086245e+00 5.407690686263474333e+01 8.087070617903492575e+00
1.073509047457818832e+00 5.394923710563842434e+01 8.087070617903266978e+00
1.089295945214551420e+00 5.382156734864211245e+01 8.087070617903041381e+00
1.105082842971284007e+00 5.369389759164580056e+01 8.087070617902817560e+00
1.120869740728016595e+00 5.356622783464949578e+01 8.087070617902817560e+00
1.136656638484749404e+00 5.343855807765318389e+01 8.087070617902817560e+00
1.152443536241481992e+00 5.331088832065687910e+01 8.087070617903041381e+00
1.168230433998214579e+00 5.318321856366056011e+01 8.087070617903492575e+00
1.184017331754947167e+00 5.305554880666424111e+01 8.087070617903266978e+00
1.199804229511679754e+00 5.292787904966792922e+01 8.087070617903041381e+00
1.215591127268412341e+00 5.280020929267161733e+01 8.087070617902817560e+00
1.231378025025145151e+00 5.267253953567531255e+01 8.087070617902817560e+00
1.247164922781877738e+00 5.254486977867900066e+01 8.087070617902817560e+00
1.262951820538610326e+00 5.241720002168269588e+01 8.087070617903041381e+00
1.278738718295342913e+00 5.228953026468637688e+01 8.087070617903492575e+00
1.294525616052075501e+00 5.216186050769005789e+01 8.087070617903266978e+00
1.310312513808808310e+00 5.203419075069374600e+01 8.087070617902817560e+00
1.326099411565540898e+00 5.190652099369744121e+01 8.087070617902591962e+00
1.341886309322273485e+00 5.177885123670113643e+01 8.087070617902817560e+00
1.357673207079006072e+00 5.165118147970482454e+01 8.087070617903041381e+00
1.373460104835738660e+00 5.152351172270851265e+01 8.087070617903266978e+00
1.389247002592471247e+00 5.139584196571219366e+01 8.087070617903266978e+00
1.405033900349204057e+00 5.126817220871588177e+01 8.087070617903041381e+00
1.420820798105936644e+00 5.114050245171956988e+01 8.087070617903041381e+00
1.436607695862669232e+00 5.101283269472325799e+01 8.087070617902817560e+00
1.452394593619401819e+00 5.088516293772695320e+01 8.087070617902817560e+00
1.468181491376134407e+00 5.075749318073064131e+01 8.087070617903041381e+00
1.483968389132867216e+00 5.062982342373432942e+01 1.579492047167662072e+01
1.499755286889599804e+00 5.025878759160647746e+01 1.306705527826916757e+01
1.515542184646332391e+00 5.021724689241511186e+01 5.359205424495589121e+00
1.531329082403064978e+00 5.008957713541879997e+01 1.869191844477018094e+01
1.547115980159797566e+00 4.962707208168556861e+01 3.590418637353818099e+01
1.562902877916530375e+00 4.895594569678335972e+01 5.593754333690513647e+01
1.578689775673262963e+00 4.786091152684052474e+01 6.987893686963899142e+01
1.594476673429995550e+00 4.674960243336303023e+01 6.486370065961556008e+01
1.610263571186728138e+00 4.581291830596720160e+01 7.726641148512121049e+01
1.626050468943460725e+00 4.431000855707254971e+01 9.959513131975050726e+01
1.641837366700193535e+00 4.266832199554067984e+01 9.385790425106031876e+01
1.657624264456926122e+00 4.134655828092716945e+01 8.126838470596028685e+01
1.673411162213658709e+00 4.010237063512506239e+01 6.815641788735514695e+01
1.689198059970391297e+00 3.919460147962153229e+01 5.799893723327492268e+01
1.704984957727123884e+00 3.827112405092333347e+01 6.111234552132484055e+01
1.720771855483856472e+00 3.726505277878298728e+01 5.863512668341774514e+01
1.736558753240589281e+00 3.641979055111497132e+01 4.850635818950289035e+01
1.752345650997321869e+00 3.573352294420472219e+01 4.610807778827244618e+01
1.768132548754054456e+00 3.496398353150910765e+01 5.117183577084470869e+01
1.783919446510787044e+00 3.411783386552744446e+01 5.744539017765282551e+01
1.799706344267519631e+00 3.315021452884867159e+01 6.651428180434892568e+01
1.815493242024252440e+00 3.201772553311192837e+01 7.163568044000170687e+01
1.831280139780985028e+00 3.088840420316811475e+01 7.508516609159829613e+01
1.847067037537717615e+00 2.964700185284122824e+01 8.297526206779457425e+01
1.862853935294450203e+00 2.826856024596337846e+01 9.055538469663881074e+01
1.878640833051182790e+00 2.678782465378637312e+01 9.155286916721777857e+01
1.894427730807915378e+00 2.537788867620660582e+01 8.631889973723234277e+01
1.910214628564648187e+00 2.406240936453568935e+01 8.164568258499357967e+01
1.926001526321380775e+00 2.280002458971072699e+01 8.053449900964939445e+01
1.941788424078113362e+00 2.151962956102564917e+01 7.939762814561171922e+01
1.957575321834845949e+00 2.029314011438702892e+01 7.582857606341063672e+01
1.973362219591578537e+00 1.912543360632227518e+01 7.137665145046341308e+01
1.989149117348311346e+00 1.803950831705421365e+01 6.822432283453962043e+01
2.004936015105043712e+00 1.697133278809988255e+01 6.863000606698591355e+01
2.020722912861776521e+00 1.587259853940732057e+01 6.899812947438373101e+01
2.036509810618509331e+00 1.479279995726409069e+01 6.650355120802956321e+01
2.052296708375241696e+00 1.377282901264572956e+01 6.408541402801103004e+01
2.068083606131974506e+00 1.276938019934791235e+01 6.118883514309069938e+01
2.083870503888706871e+00 1.184086524413064723e+01 5.806239940905111041e+01
2.099657401645439680e+00 1.093612987338538645e+01 5.616353135074555780e+01
2.115444299402172490e+00 1.006756938994811179e+01 5.231949808677932623e+01
2.131231197158904855e+00 9.284204739426279218e+00 4.790414263593788746e+01
2.147018094915637665e+00 8.555053786113136383e+00 4.452169849418465475e+01
2.162804992672370030e+00 7.878485735258738742e+00 4.051159035901974192e+01
2.178591890429102840e+00 7.275949116192176547e+00 3.798948750194010415e+01
2.194378788185835649e+00 6.679013425211137722e+00 3.522454550347799795e+01
2.210165685942568015e+00 6.163776519410610000e+00 3.082437135255595351e+01
2.225952583699300824e+00 5.705771027294419540e+00 2.759465850042163382e+01
2.241739481456033189e+00 5.292508414654391480e+00 2.357476616578841089e+01
2.257526379212765999e+00 4.961426181098056887e+00 1.917843205393924322e+01
2.273313276969498808e+00 4.686972522714426326e+00 1.549863610091944466e+01
2.289100174726231174e+00 4.472075414110015856e+00 1.013764246654608137e+01
2.304887072482963983e+00 4.366888672487078793e+00 5.816830042953498037e+00
2.320673970239696349e+00 4.288416011797220762e+00 2.512518869215722095e+00
2.336460867996429158e+00 4.287558915486738620e+00 -1.784760454752638115e+00
2.352247765753161524e+00 4.344767673436099820e+00 -4.578543486459309086e+00
2.368034663509894333e+00 4.432120911277713127e+00 -7.860909461011070576e+00
2.383821561266627143e+00 4.592966421307927760e+00 -1.198101738300271180e+01
2.399608459023359508e+00 4.810407104171913417e+00 -1.378774138983781228e+01
2.415395356780092317e+00 5.028297748543208101e+00 -1.558592324844857124e+01
2.431182254536824683e+00 5.302513857706992795e+00 -1.717490647752699218e+01
2.446969152293557492e+00 5.570574733627535302e+00 -1.792576596795605326e+01
2.462756050050290302e+00 5.868498326801471876e+00 -1.868817565855415808e+01
2.478542947807022667e+00 6.160631370390443173e+00 -1.729535481201092750e+01
2.494329845563755477e+00 6.414578322968732316e+00 -1.458316703719112795e+01
2.510116743320487842e+00 6.621077304361422833e+00 -1.348513844444689802e+01
2.525903641077220652e+00 6.840355326684467663e+00 -1.296309125135200624e+01
2.541690538833953461e+00 7.030371296754001520e+00 -1.148718610935189766e+01
2.557477436590685826e+00 7.203049391926263034e+00 -8.681320493632386004e+00
2.573264334347418636e+00 7.304473534806805723e+00 -6.237153456933429041e+00
2.589051232104151001e+00 7.399979999761582050e+00 -4.263928061259385949e+00
2.604838129860883811e+00 7.439101927497135947e+00 -2.093397212644080962e+00
2.620625027617616620e+00 7.466076495282064407e+00 6.820951274752002913e-01
2.636411925374348986e+00 7.417565595421502955e+00 5.135474698126568427e+00
2.652198823131081795e+00 7.303930067298841422e+00 8.418176079379163568e+00
2.667985720887814161e+00 7.151771825294840568e+00 1.009853808198723790e+01
2.683772618644546970e+00 6.985080890913234697e+00 1.218978084650885485e+01
2.699559516401279780e+00 6.766894177493214535e+00 1.380699931564175920e+01
2.715346414158012145e+00 6.549141517866607032e+00 1.546853439028522637e+01
2.731133311914744954e+00 6.278493835761343789e+00 1.802416577818081933e+01
2.746920209671477320e+00 5.980050193285527449e+00 1.869262890197401461e+01
2.762707107428210129e+00 5.688296593201325635e+00 1.891923487492943678e+01
2.778494005184942495e+00 5.382698140073284954e+00 1.941848712747269090e+01
2.794280902941675304e+00 5.075181251457645537e+00 1.906857808791585285e+01
2.810067800698408114e+00 4.780630754792885462e+00 1.824932171899535049e+01
2.825854698455140479e+00 4.498980899242646103e+00 1.565921004150793294e+01
2.841641596211873289e+00 4.286210059039912146e+00 1.175849159149092493e+01
2.857428493968605654e+00 4.127720690186110986e+00 9.310087460418317917e+00
2.873215391725338463e+00 3.992255261352187112e+00 7.533528292499036105e+00
2.889002289482071273e+00 3.889858608383841343e+00 5.212268766265998110e+00
2.904789187238803638e+00 3.827684153164882641e+00 2.361913340531570427e+00
2.920576084995536448e+00 3.815284039549371897e+00 -9.770387431239430098e-02
2.936362982752268813e+00 3.830769035313295490e+00 4.731481462255822112e-01
2.952149880509001623e+00 3.800344956732870205e+00 9.330607730722777493e-01
2.967936778265734432e+00 3.801308765262675582e+00 -9.763092494362336504e-01
2.983723676022466798e+00 3.831170745332474592e+00 -3.571153318265561705e+00
2.999510573779199607e+00 3.914063629880825346e+00 -5.238303471958540847e+00
3.015297471535931972e+00 3.996563867993568664e+00 -4.182146168055211888e+00
3.031084369292664782e+00 4.046109857798422915e+00 -4.474728623906637281e+00
3.046871267049397591e+00 4.137848034543046616e+00 -9.157265259221833986e+00
3.062658164806129957e+00 4.335239478555652504e+00 -1.334735052820229129e+01
3.078445062562862766e+00 4.559274550767048240e+00 -1.553001147217756284e+01
3.094231960319595132e+00 4.825580885099956419e+00 -1.731738483402230955e+01
3.110018858076327941e+00 5.106050118344453104e+00 -1.914074210697037159e+01
3.125805755833060751e+00 5.429926762361413140e+00 -2.306330777319654857e+01
3.141592653589793116e+00 5.834246281839474690e+00 -2.561108114516239453e+01
