0.000000000000000000e+00 4.332206816017819051e+02 3.817645882677784641e+01
1.578689775673262907e-02 4.326179937495694503e+02 7.635291765355390226e+01
3.157379551346525814e-02 4.308099301929321427e+02 1.527058353071095951e+02
4.736069327019788722e-02 4.277964909318698687e+02 2.290587529606652879e+02
6.314759102693051629e-02 4.235776759663827420e+02 2.672352117874431201e+02
7.893448878366314536e-02 4.193588610008955584e+02 2.672352117874449391e+02
9.472138654039577443e-02 4.151400460354083748e+02 2.672352117874431201e+02
1.105082842971284035e-01 4.109212310699212480e+02 2.672352117874413580e+02
1.262951820538610326e-01 4.067024161044341213e+02 2.672352117874431201e+02
1.420820798105936755e-01 4.024836011389469377e+02 2.672352117874449391e+02
1.578689775673262907e-01 3.982647861734597541e+02 2.672352117874449391e+02
1.736558753240589059e-01 3.940459712079725705e+02 2.672352117874431201e+02
1.894427730807915489e-01 3.898271562424854437e+02 2.672352117874377200e+02
2.052296708375241918e-01 3.856083412769984307e+02 2.672352117874395390e+02
2.210165685942568070e-01 3.813895263115112471e+02 2.672352117874431201e+02
2.368034663509894222e-01 3.771707113460241203e+02 2.672352117874431201e+02
2.525903641077220652e-01 3.729518963805369367e+02 2.672352117874431201e+02
2.683772618644547081e-01 3.687330814150498099e+02 2.672352117874431201e+02
2.841641596211873511e-01 3.645142664495626263e+02 2.672352117874449391e+02
2.999510573779199385e-01 3.602954514840754427e+02 2.672352117874431201e+02
3.157379551346525814e-01 3.560766365185883160e+02 2.672352117874413580e+02
3.315248528913852244e-01 3.518578215531011892e+02 2.672352117874413580e+02
3.473117506481178118e-01 3.476390065876140625e+02 2.672352117874413580e+02
3.630986484048504548e-01 3.434201916221269357e+02 2.672352117874413580e+02
3.788855461615830977e-01 3.392013766566398090e+02 2.672352117874431201e+02
3.946724439183157407e-01 3.349825616911526254e+02 2.672352117874449391e+02
4.104593416750483836e-01 3.307637467256654418e+02 2.672352117874431201e+02
4.262462394317809711e-01 3.265449317601783150e+02 2.672352117874413580e+02
4.420331371885136140e-01 3.223261167946911883e+02 2.672352117874431201e+02
4.578200349452462570e-01 3.181073018292040047e+02 2.672352117874431201e+02
4.736069327019788444e-01 3.138884868637168779e+02 2.672352117874431201e+02
4.893938304587114874e-01 3.096696718982296943e+02 2.672352117874449391e+02
5.051807282154441303e-01 3.054508569327425107e+02 2.672352117874431201e+02
5.209676259721767178e-01 3.012320419672553840e+02 2.672352117874395390e+02
5.367545237289094162e-01 2.970132270017683140e+02 2.672352117874413580e+02
5.525414214856420037e-01 2.927944120362811304e+02 2.672352117874449391e+02
5.683283192423747021e-01 2.885755970707939468e+02 2.672352117874431201e+02
5.841152169991072896e-01 2.843567821053068201e+02 2.672352117874413580e+02
5.999021147558398770e-01 2.801379671398196933e+02 2.672352117874413580e+02
6.156890125125725755e-01 2.759191521743325666e+02 2.672352117874431201e+02
6.314759102693051629e-01 2.717003372088453830e+02 2.672352117874431201e+02
6.472628080260377503e-01 2.674815222433582562e+02 2.672352117874431201e+02
6.630497057827704488e-01 2.632627072778710726e+02 2.672352117874431201e+02
6.788366035395030362e-01 2.590438923123839459e+02 2.672352117874422675e+02
6.946235012962356237e-01 2.548250773468967907e+02 2.672352117874422675e+02
7.104103990529683221e-01 2.506062623814096639e+02 2.672352117874422675e+02
7.261972968097009096e-01 2.463874474159225088e+02 2.672352117874422675e+02
7.419841945664336080e-01 2.421686324504353820e+02 2.672352117874431201e+02
7.577710923231661955e-01 2.379498174849481984e+02 2.672352117874431201e+02
7.735579900798987829e-01 2.337310025194610716e+02 2.672352117874413580e+02
7.893448878366314814e-01 2.295121875539739449e+02 2.672352117874431201e+02
8.051317855933640688e-01 2.252933725884867613e+02 2.672352117874440296e+02
8.209186833500967673e-01 2.210745576229996061e+02 2.672352117874431201e+02
8.367055811068293547e-01 2.168557426575124509e+02 2.672352117874413580e+02
8.524924788635619421e-01 2.126369276920253526e+02 2.672352117874413580e+02
8.682793766202946406e-01 2.084181127265381974e+02 2.672352117874440296e+02
8.840662743770272280e-01 2.041992977610510138e+02 2.672352117874431201e+02
8.998531721337598155e-01 1.999804827955638871e+02 2.672352117874431201e+02
9.156400698904925139e-01 1.957616678300767035e+02 2.672352117874431201e+02
9.314269676472251014e-01 1.915428528645895767e+02 2.672352117874413580e+02
9.472138654039576888e-01 1.873240378991024500e+02 2.672352117874422675e+02
9.630007631606903873e-01 1.831052229336152948e+02 2.672352117874431201e+02
9.787876609174229747e-01 1.788864079681281396e+02 2.672352117874422675e+02
9.945745586741556732e-01 1.746675930026410128e+02 2.672352117874431201e+02
1.010361456430888261e+00 1.704487780371538292e+02 2.672352117874431201e+02
1.026148354187620848e+00 1.662299630716667025e+02 2.672352117874422675e+02
1.041935251944353436e+00 1.620111481061795473e+02 2.672352117874422675e+02
1.057722149701086245e+00 1.577923331406924206e+02 2.672352117874422675e+02
1.073509047457818832e+00 1.535735181752052654e+02 2.672352117874440296e+02
1.089295945214551420e+00 1.493547032097180818e+02 2.672352117874422675e+02
1.105082842971284007e+00 1.451358882442309834e+02 2.672352117874413580e+02
1.120869740728016595e+00 1.409170732787438283e+02 2.672352117874431201e+02
1.136656638484749404e+00 1.366982583132566731e+02 2.672352117874431201e+02
1.152443536241481992e+00 1.324794433477695179e+02 2.672352117874422675e+02
1.168230433998214579e+00 1.282606283822823912e+02 2.672352117874426654e+02
1.184017331754947167e+00 1.240418134167952218e+02 2.672352117874431201e+02
1.199804229511679754e+00 1.198229984513080808e+02 2.672352117874426654e+02
1.215591127268412341e+00 1.156041834858209256e+02 2.672352117874431201e+02
1.231378025025145151e+00 1.113853685203337704e+02 2.672352117874426654e+02
1.247164922781877738e+00 1.071665535548466295e+02 2.672352117874422675e+02
1.262951820538610326e+00 1.029477385893594885e+02 2.672352117874426654e+02
1.278738718295342913e+00 9.872892362387233334e+01 2.672352117874426654e+02
1.294525616052075501e+00 9.451010865838519237e+01 2.672352117874426654e+02
1.310312513808808310e+00 9.029129369289803719e+01 2.672352117874422675e+02
1.326099411565540898e+00 8.607247872741091044e+01 2.672352117874422675e+02
1.341886309322273485e+00 8.185366376192375526e+01 2.672352117874431201e+02
1.357673207079006072e+00 7.763484879643660008e+01 2.676407394932579678e+02
1.373460104835738660e+00 7.340322978209100313e+01 2.716686570615904088e+02
1.389247002592471247e+00 6.905723817095622508e+01 2.712631293557751633e+02
1.405033900349204057e+00 6.483842320546908411e+01 2.644217365139825802e+02
1.420820798105936644e+00 6.070844033294834929e+01 2.354590690701150493e+02
1.436607695862669232e+00 5.740408670685837933e+01 2.001858926200823419e+02
1.452394593619401819e+00 5.438781189468135580e+01 1.820855477676738019e+02
1.468181491376134407e+00 5.165495485568453660e+01 1.516439614793397368e+02
1.483968389132867216e+00 4.959983646408088021e+01 1.137758520418862105e+02
1.499755286889599804e+00 4.806261936894374287e+01 7.729902637925061981e+01
1.515542184646332391e+00 4.715921281179246449e+01 4.744861089076604088e+01
1.531329082403064978e+00 4.656448663128071530e+01 4.677128267297541697e+01
1.547115980159797566e+00 4.568246589677345781e+01 4.741663702619187148e+01
1.562902877916530375e+00 4.506736342987952781e+01 2.757798213934394482e+01
1.578689775673262963e+00 4.481172432803181493e+01 2.093884284481226743e+01
1.594476673429995550e+00 4.440624468760884014e+01 2.367538105034478590e+01
1.610263571186728138e+00 4.406420268804485829e+01 3.343231401294795546e+01
1.626050468943460725e+00 4.335065964142206241e+01 4.483199085530522154e+01
1.641837366700193535e+00 4.264868657631790683e+01 5.103633962911484900e+01
1.657624264456926122e+00 4.173924869021662687e+01 6.481725988037695174e+01
1.673411162213658709e+00 4.060215966711174929e+01 8.214867603871130086e+01
1.689198059970391297e+00 3.914550319126845324e+01 9.685099409179058227e+01
1.704984957727123884e+00 3.754420618438172141e+01 1.039183321289419695e+02
1.720771855483856472e+00 3.586440702252887291e+01 1.047337912708105421e+02
1.736558753240589281e+00 3.423736287544719659e+01 1.039183703769978422e+02
1.752345650997321869e+00 3.258330964615299763e+01 1.002083551901664862e+02
1.768132548754054456e+00 3.107340475993218476e+01 9.157654376191013057e+01
1.783919446510787044e+00 2.969189057958454470e+01 8.566647445093335023e+01
1.799706344267519631e+00 2.836858901325891935e+01 8.172759679255766230e+01
1.815493242024252440e+00 2.711144015064938984e+01 7.908622278391877103e+01
1.831280139780985028e+00 2.587153678714711091e+01 7.923864268267517730e+01
1.847067037537717615e+00 2.460957544982206358e+01 7.801842410074748102e+01
1.862853935294450203e+00 2.340819901830730032e+01 7.850524771616171904e+01
1.878640833051182790e+00 2.213086681169803782e+01 8.226421189729174444e+01
1.894427730807915378e+00 2.081080561378583482e+01 8.072175281781950673e+01
1.910214628564648187e+00 1.958217469473971661e+01 7.816234929458123304e+01
1.926001526321380775e+00 1.834292358030668169e+01 7.757102352045114912e+01
1.941788424078113362e+00 1.713296306033478800e+01 7.608687808333526448e+01
1.957575321834845949e+00 1.594057205044549264e+01 7.588372536029541493e+01
1.973362219591578537e+00 1.473702583300886282e+01 7.393336760809260966e+01
1.989149117348311346e+00 1.360621501996572036e+01 7.020783010569282112e+01
2.004936015105043712e+00 1.252029816180760768e+01 6.888995035891527152e+01
2.020722912861776521e+00 1.143109781440055706e+01 6.753134208480989287e+01
2.036509810618509331e+00 1.038807737607194959e+01 6.368383355146409741e+01
2.052296708375241696e+00 9.420357476333071745e+00 5.911157609819222358e+01
2.068083606131974506e+00 8.521700559868987668e+00 5.338967729594322265e+01
2.083870503888706871e+00 7.734642722861061692e+00 4.760399700333869788e+01
2.099657401645439680e+00 7.018661692861958734e+00 4.200662830635504719e+01
2.115444299402172490e+00 6.408334030506066092e+00 3.544778412283974234e+01
2.131231197158904855e+00 5.899440605561956374e+00 2.796774456808527631e+01
2.147018094915637665e+00 5.525286182540512847e+00 2.070508785361136361e+01
2.162804992672370030e+00 5.245702395583697886e+00 1.391156381193200886e+01
2.178591890429102840e+00 5.086045311470048347e+00 7.605811421338091627e+00
2.194378788185835649e+00 5.005558061052390428e+00 1.788472241839835108e+00
2.210165685942568015e+00 5.029576454624688608e+00 -4.458406404549002389e+00
2.225952583699300824e+00 5.146326873185544493e+00 -1.049696277244564513e+01
2.241739481456033189e+00 5.361005410714344777e+00 -1.522584206133718965e+01
2.257526379212765999e+00 5.627064496950523242e+00 -1.876064002899201100e+01
2.273313276969498808e+00 5.953350022691469512e+00 -2.223459442052859103e+01
2.289100174726231174e+00 6.329095034509128581e+00 -2.525988912646452889e+01
2.304887072482963983e+00 6.750900596663265141e+00 -2.662624588187035357e+01
2.320673970239696349e+00 7.169786677274549547e+00 -2.648916956728509575e+01
2.336460867996429158e+00 7.587264219902231766e+00 -2.544903321124543538e+01
2.352247765753161524e+00 7.973309247901799068e+00 -2.373808415045891351e+01
2.368034663509894333e+00 8.336765634750252119e+00 -2.164397959674578331e+01
2.383821561266627143e+00 8.656691833787064638e+00 -1.775374057052077248e+01
2.399608459023359508e+00 8.897318609122986999e+00 -1.328811061807252436e+01
2.415395356780092317e+00 9.076247921202392988e+00 -9.870380288523366019e+00
2.431182254536824683e+00 9.208963977992961958e+00 -6.317127019840647506e+00
2.446969152293557492e+00 9.275703597959427782e+00 -1.865328634394821439e+00
2.462756050050290302e+00 9.267859482860755449e+00 2.434847494746123164e+00
2.478542947807022667e+00 9.198826221053840513e+00 6.177497584154087562e+00
2.494329845563755477e+00 9.072812437353748649e+00 9.061277961525874503e+00
2.510116743320487842e+00 8.912727283605953232e+00 1.159640351563708016e+01
2.525903641077220652e+00 8.706669964059393862e+00 1.422119057930193620e+01
2.541690538833953461e+00 8.463710320297055389e+00 1.705014352974686176e+01
2.557477436590685826e+00 8.168332218775933740e+00 1.874058329523223421e+01
2.573264334347418636e+00 7.871998975530329901e+00 1.945242039915977728e+01
2.589051232104151001e+00 7.554145474850902708e+00 2.105835678018946311e+01
2.604838129860883811e+00 7.207106724703033152e+00 2.220322618031488560e+01
2.620625027617616620e+00 6.853105351694422254e+00 2.285027259085707740e+01
2.636411925374348986e+00 6.485636890492371798e+00 2.318563432670335800e+01
2.652198823131081795e+00 6.121046874613109701e+00 2.178983581562542682e+01
2.667985720887814161e+00 5.797649070177833153e+00 2.006069899320085881e+01
2.683772618644546970e+00 5.487654466744607440e+00 1.853894795482023028e+01
2.699559516401279780e+00 5.212304118417564247e+00 1.487171802729809755e+01
2.715346414158012145e+00 5.018097882816782374e+00 1.082982829546606141e+01
2.731133311914744954e+00 4.870365334370578836e+00 6.475480692382236114e+00
2.746920209671477320e+00 4.813642379584113229e+00 1.316184500271992297e+00
2.762707107428210129e+00 4.828808394100998491e+00 -3.838479830346405386e+00
2.778494005184942495e+00 4.934837756830031452e+00 -9.720840007250517445e+00
2.794280902941675304e+00 5.135732208709038460e+00 -1.609816038365921287e+01
2.810067800698408114e+00 5.443117780926654881e+00 -2.210957800075660629e+01
2.825854698455140479e+00 5.833815503393937618e+00 -2.912766987266341090e+01
2.841641596211873289e+00 6.362788873269852097e+00 -3.703223724779786608e+01
2.857428493968605654e+00 7.003063789662038907e+00 -4.489500653110881956e+01
2.873215391725338463e+00 7.780294629058769118e+00 -5.198025347796867379e+01
2.889002289482071273e+00 8.644277683713513127e+00 -5.929682476255779733e+01
2.904789187238803638e+00 9.652520448709552170e+00 -6.597511964794391304e+01
2.920576084995536448e+00 1.072736262045409816e+01 -7.162430423450396688e+01
2.936362982752268813e+00 1.191397158440400439e+01 -7.890065190531981898e+01
2.952149880509001623e+00 1.321855566959176898e+01 -8.242395540696263367e+01
2.967936778265734432e+00 1.451640869783442156e+01 -7.924894593189286240e+01
2.983723676022466798e+00 1.572074568310301856e+01 -7.321362903003314671e+01
2.999510573779199607e+00 1.682804084962739211e+01 -6.751654706376083936e+01
3.015297471535931972e+00 1.785249933386945642e+01 -6.784904518089572889e+01
3.031084369292664782e+00 1.897029272795285948e+01 -7.098665334745868449e+01
3.046871267049397591e+00 2.009381741084736106e+01 -7.051314976409324231e+01
3.062658164806129957e+00 2.119666049961469056e+01 -6.942695130524580804e+01
3.078445062562862766e+00 2.228588977448250219e+01 -7.023564453320746281e+01
3.094231960319595132e+00 2.341426637786261722e+01 -7.339008490409779029e+01
3.110018858076327941e+00 2.460309330796033933e+01 -7.522252336209275825e+01
3.125805755833060751e+00 2.578932694850419693e+01 -7.462902080469264376e+01
3.141592653589793116e+00 2.695941475021784939e+01 -7.411765248271439077e+01
