0.000000000000000000e+00 1.995908167024322211e+02 1.456265178810994421e+01
1.578689775673262907e-02 1.993609176075864298e+02 2.912530357622529209e+01
3.157379551346525814e-02 1.986712203230488853e+02 5.825060715245147946e+01
4.736069327019788722e-02 1.975217248488197299e+02 8.737591072867496678e+01
6.314759102693051629e-02 1.959124311848989066e+02 1.019385625167876128e+02
7.893448878366314536e-02 1.943031375209780833e+02 1.019385625167885223e+02
9.472138654039577443e-02 1.926938438570572316e+02 1.019385625167894176e+02
1.105082842971284035e-01 1.910845501931363799e+02 1.019385625167885223e+02
1.262951820538610326e-01 1.894752565292155566e+02 1.019385625167876128e+02
1.420820798105936755e-01 1.878659628652947333e+02 1.019385625167885223e+02
1.578689775673262907e-01 1.862566692013738816e+02 1.019385625167894176e+02
1.736558753240589059e-01 1.846473755374530299e+02 1.019385625167885223e+02
1.894427730807915489e-01 1.830380818735322066e+02 1.019385625167876128e+02
2.052296708375241918e-01 1.814287882096113833e+02 1.019385625167885223e+02
2.210165685942568070e-01 1.798194945456905316e+02 1.019385625167885223e+02
2.368034663509894222e-01 1.782102008817697083e+02 1.019385625167876128e+02
2.525903641077220652e-01 1.766009072178488850e+02 1.019385625167894176e+02
2.683772618644547081e-01 1.749916135539280049e+02 1.019385625167894176e+02
2.841641596211873511e-01 1.733823198900071816e+02 1.019385625167885223e+02
2.999510573779199385e-01 1.717730262260863299e+02 1.019385625167885223e+02
3.157379551346525814e-01 1.701637325621655066e+02 1.019385625167885223e+02
3.315248528913852244e-01 1.685544388982446549e+02 1.019385625167885223e+02
3.473117506481178118e-01 1.669451452343238316e+02 1.019385625167876128e+02
3.630986484048504548e-01 1.653358515704030083e+02 1.019385625167876128e+02
3.788855461615830977e-01 1.637265579064821850e+02 1.019385625167894176e+02
3.946724439183157407e-01 1.621172642425613049e+02 1.019385625167894176e+02
4.104593416750483836e-01 1.605079705786404816e+02 1.019385625167876128e+02
4.262462394317809711e-01 1.588986769147196583e+02 1.019385625167876128e+02
4.420331371885136140e-01 1.572893832507988350e+02 1.019385625167894176e+02
4.578200349452462570e-01 1.556800895868779548e+02 1.019385625167894176e+02
4.736069327019788444e-01 1.540707959229571316e+02 1.019385625167876128e+02
4.893938304587114874e-01 1.524615022590363083e+02 1.019385625167876128e+02
5.051807282154441303e-01 1.508522085951154850e+02 1.019385625167885223e+02
5.209676259721767178e-01 1.492429149311946333e+02 1.019385625167885223e+02
5.367545237289094162e-01 1.476336212672738100e+02 1.019385625167885223e+02
5.525414214856420037e-01 1.460243276033529582e+02 1.019385625167885223e+02
5.683283192423747021e-01 1.444150339394321350e+02 1.019385625167885223e+02
5.841152169991072896e-01 1.428057402755112832e+02 1.019385625167885223e+02
5.999021147558398770e-01 1.411964466115904600e+02 1.019385625167885223e+02
6.156890125125725755e-01 1.395871529476696082e+02 1.019385625167885223e+02
6.314759102693051629e-01 1.379778592837487849e+02 1.019385625167885223e+02
6.472628080260377503e-01 1.363685656198279332e+02 1.019385625167885223e+02
6.630497057827704488e-01 1.347592719559071099e+02 1.019385625167885223e+02
6.788366035395030362e-01 1.331499782919862582e+02 1.019385625167885223e+02
6.946235012962356237e-01 1.315406846280654349e+02 1.019385625167885223e+02
7.104103990529683221e-01 1.299313909641445832e+02 1.019385625167885223e+02
7.261972968097009096e-01 1.283220973002237599e+02 1.019385625167885223e+02
7.419841945664336080e-01 1.267128036363029082e+02 1.019385625167885223e+02
7.577710923231661955e-01 1.251035099723820849e+02 1.019385625167885223e+02
7.735579900798987829e-01 1.234942163084612332e+02 1.019385625167885223e+02
7.893448878366314814e-01 1.218849226445404099e+02 1.019385625167885223e+02
8.051317855933640688e-01 1.202756289806195582e+02 1.019385625167885223e+02
8.209186833500967673e-01 1.186663353166987349e+02 1.019385625167885223e+02
8.367055811068293547e-01 1.170570416527778832e+02 1.019385625167885223e+02
8.524924788635619421e-01 1.154477479888570599e+02 1.019385625167885223e+02
8.682793766202946406e-01 1.138384543249362082e+02 1.019385625167885223e+02
8.840662743770272280e-01 1.122291606610153849e+02 1.019385625167880676e+02
8.998531721337598155e-01 1.106198669970945474e+02 1.019385625167880676e+02
9.156400698904925139e-01 1.090105733331737241e+02 1.019385625167880676e+02
9.314269676472251014e-01 1.074012796692528866e+02 1.019385625167889629e+02
9.472138654039576888e-01 1.057919860053320349e+02 1.019385625167889629e+02
9.630007631606903873e-01 1.041826923414111974e+02 1.019385625167880676e+02
9.787876609174229747e-01 1.025733986774903741e+02 1.019385625167880676e+02
9.945745586741556732e-01 1.009641050135695366e+02 1.019385625167889629e+02
1.010361456430888261e+00 9.935481134964868488e+01 1.019385625167894176e+02
1.026148354187620848e+00 9.774551768572783317e+01 1.019385625167885223e+02
1.041935251944353436e+00 9.613622402180700988e+01 1.019385625167876128e+02
1.057722149701086245e+00 9.452693035788618658e+01 1.019385625167880676e+02
1.073509047457818832e+00 9.291763669396534908e+01 1.019385625167885223e+02
1.089295945214551420e+00 9.130834303004451158e+01 1.019385625167889629e+02
1.105082842971284007e+00 8.969904936612365987e+01 1.019385625167885223e+02
1.120869740728016595e+00 8.808975570220283657e+01 1.019385625167880676e+02
1.136656638484749404e+00 8.648046203828199907e+01 1.019385625167885223e+02
1.152443536241481992e+00 8.487116837436116157e+01 1.019385625167885223e+02
1.168230433998214579e+00 8.326187471044032407e+01 1.019385625167885223e+02
1.184017331754947167e+00 8.165258104651948656e+01 1.019385625167880676e+02
1.199804229511679754e+00 8.004328738259866327e+01 1.075033526850135956e+02
1.215591127268412341e+00 7.825829217183093078e+01 1.102857477691261465e+02
1.231378025025145151e+00 7.656114773448666710e+01 1.047209576009006042e+02
1.247164922781877738e+00 7.495185407056582960e+01 1.134257748725488426e+02
1.262951820538610326e+00 7.297986551270446398e+01 1.280530143317318732e+02
1.278738718295342913e+00 7.090873438117289140e+01 1.284106463510424874e+02
1.294525616052075501e+00 6.892545402306474500e+01 1.085762487429454239e+02
1.310312513808808310e+00 6.748057010574399328e+01 7.725463877908714494e+01
1.326099411565540898e+00 6.648623185578722428e+01 8.042809132916046622e+01
1.341886309322273485e+00 6.494114999657877263e+01 9.686672324214093521e+01
1.357673207079006072e+00 6.342778174408043412e+01 8.699390000056138206e+01
1.373460104835738660e+00 6.219442238704220216e+01 8.001551856550051411e+01
1.389247002592471247e+00 6.090138812298943805e+01 7.413846842476188215e+01
1.405033900349204057e+00 5.985358954531726994e+01 7.984162065404800046e+01
1.420820798105936644e+00 5.838048511899486215e+01 1.078957509381772866e+02
1.436607695862669232e+00 5.644691116842348322e+01 1.082811579155092829e+02
1.452394593619401819e+00 5.496163798100933207e+01 9.934719395510494167e+01
1.468181491376134407e+00 5.331014318164842791e+01 9.278472945560957896e+01
1.483968389132867216e+00 5.203207190640571866e+01 8.041143564174515745e+01
1.499755286889599804e+00 5.077124895575179409e+01 9.213860239413079967e+01
1.515542184646332391e+00 4.912290651551695220e+01 1.071423100154302972e+02
1.531329082403064978e+00 4.738835956848429731e+01 1.012590060305545165e+02
1.547115980159797566e+00 4.592577536521147863e+01 8.194547299527863515e+01
1.562902877916530375e+00 4.480102996087718026e+01 6.791665205250836834e+01
1.578689775673262963e+00 4.378138888134640894e+01 7.210469117698517039e+01
1.594476673429995550e+00 4.252441118609348791e+01 7.218360128718160240e+01
1.610263571186728138e+00 4.150227861487942960e+01 5.892280505567429572e+01
1.626050468943460725e+00 4.066399458818585089e+01 4.901039753241590091e+01
1.641837366700193535e+00 3.995483434515728760e+01 4.555274090461890779e+01
1.657624264456926122e+00 3.922572166178554909e+01 5.558334479210576262e+01
1.673411162213658709e+00 3.819985718273690622e+01 6.736078503820755259e+01
1.689198059970391297e+00 3.709888600936269398e+01 6.987070134817336964e+01
1.704984957727123884e+00 3.599377394598727875e+01 7.096138763239544289e+01
1.720771855483856472e+00 3.485836566690569782e+01 7.591276157491461163e+01
1.736558753240589281e+00 3.359691993515848196e+01 8.511868145846069922e+01
1.752345650997321869e+00 3.217084582416047311e+01 9.161161049500866227e+01
1.768132548754054456e+00 3.070439367872985059e+01 9.258843965435512757e+01
1.783919446510787044e+00 2.924747736360304629e+01 8.993058688949435009e+01
1.799706344267519631e+00 2.786494371787503610e+01 8.790128543661342064e+01
1.815493242024252440e+00 2.647210015185667231e+01 8.815948123652546542e+01
1.831280139780985028e+00 2.508141428473980383e+01 8.554358161071903055e+01
1.847067037537717615e+00 2.377116459859040276e+01 8.107573601451963441e+01
1.862853935294450203e+00 2.252154557471367013e+01 7.845083635664521182e+01
1.878640833051182790e+00 2.129417393360536082e+01 7.658017863816517945e+01
1.894427730807915378e+00 2.010361867400760261e+01 7.575443930975339413e+01
1.910214628564648187e+00 1.890231875760199287e+01 7.554054818449569098e+01
1.926001526321380775e+00 1.771851685265526655e+01 7.495183994220977297e+01
1.941788424078113362e+00 1.653580468990868368e+01 7.549720204506654397e+01
1.957575321834845949e+00 1.533478363344556428e+01 7.539306067474123552e+01
1.973362219591578537e+00 1.415535960903012480e+01 7.391536589541775015e+01
1.989149117348311346e+00 1.300099498536068054e+01 7.282339960074909868e+01
2.004936015105043712e+00 1.185604848144070544e+01 7.021735095643323632e+01
2.020722912861776521e+00 1.078396670476503338e+01 6.644150714448009865e+01
2.036509810618509331e+00 9.758237921254449887e+00 6.297110601316114042e+01
2.052296708375241696e+00 8.795729880248741139e+00 5.868508362912608334e+01
2.068083606131974506e+00 7.905327091057815281e+00 5.388013420304280032e+01
2.083870503888706871e+00 7.094529540683802260e+00 4.754250849050118433e+01
2.099657401645439680e+00 6.404229649781544964e+00 4.027692576120112733e+01
2.115444299402172490e+00 5.822834122788616895e+00 3.404108823305759302e+01
2.131231197158904855e+00 5.329423290855156203e+00 2.705267637004459402e+01
2.147018094915637665e+00 4.968678450988875284e+00 1.962634456355098322e+01
2.162804992672370030e+00 4.709745100928786954e+00 1.271199975391766657e+01
2.178591890429102840e+00 4.567312370191458193e+00 5.449095635385739378e+00
2.194378788185835649e+00 4.537696469603801575e+00 -4.196527992405381657e-01
2.210165685942568015e+00 4.580562401861332233e+00 -5.579971033602944885e+00
2.225952583699300824e+00 4.713877333989840324e+00 -1.071836027488777532e+01
2.241739481456033189e+00 4.918981717420288113e+00 -1.466858251652708311e+01
2.257526379212765999e+00 5.177020158839058084e+00 -1.842076448811517508e+01
2.273313276969498808e+00 5.500595168569739180e+00 -2.193500677817343103e+01
2.289100174726231174e+00 5.869591577439580377e+00 -2.427586970799445609e+01
2.304887072482963983e+00 6.267076514641481744e+00 -2.555496148572537862e+01
2.320673970239696349e+00 6.676458705744353850e+00 -2.580070351153149133e+01
2.336460867996429158e+00 7.081702651418122052e+00 -2.537946719215583613e+01
2.352247765753161524e+00 7.477784813110182505e+00 -2.381153187824532225e+01
2.368034663509894333e+00 7.833523089804199202e+00 -2.119165135797555521e+01
2.383821561266627143e+00 8.146885679679551018e+00 -1.765285345556935681e+01
2.399608459023359508e+00 8.390890675039514690e+00 -1.343272546629992981e+01
2.415395356780092317e+00 8.571007806741022250e+00 -9.502649437341291971e+00
2.431182254536824683e+00 8.690925385210274356e+00 -5.635059208153612609e+00
2.446969152293557492e+00 8.748928013885533872e+00 -1.663650041700096782e+00
2.462756050050290302e+00 8.743453131432881165e+00 1.810092220180401501e+00
2.478542947807022667e+00 8.691776532265043542e+00 5.815882150092382297e+00
2.494329845563755477e+00 8.559823657695451615e+00 9.776198257727335417e+00
2.510116743320487842e+00 8.383104847576465346e+00 1.263587455815355298e+01
2.525903641077220652e+00 8.160861138262513137e+00 1.488136031498842193e+01
2.541690538833953461e+00 7.913243820028823983e+00 1.694620135806970396e+01
2.557477436590685826e+00 7.625805241852813054e+00 1.948320516229993515e+01
2.573264334347418636e+00 7.298085084287475155e+00 2.158350149434999565e+01
2.589051232104151001e+00 6.944332179205634503e+00 2.191591678413852406e+01
2.604838129860883811e+00 6.606116409254964239e+00 2.120029853667890052e+01
2.620625027617616620e+00 6.274958288384118177e+00 2.082709417033961330e+01
2.636411925374348986e+00 5.948525996780976932e+00 2.123044029265461674e+01
2.652198823131081795e+00 5.604632707923007828e+00 2.074697059042271619e+01
2.667985720887814161e+00 5.293465389835092516e+00 1.797363298999416870e+01
2.683772618644546970e+00 5.037136895262858793e+00 1.457120300919737588e+01
2.699559516401279780e+00 4.833397205637504968e+00 1.165053655233278462e+01
2.715346414158012145e+00 4.669285236537350947e+00 9.448421773879672969e+00
2.731133311914744954e+00 4.535074668624055505e+00 7.100016221026494989e+00
2.746920209671477320e+00 4.445110776232374050e+00 2.181886202348062742e+00
2.762707107428210129e+00 4.466184239837466485e+00 -3.575335346466453679e+00
2.778494005184942495e+00 4.557997683353770313e+00 -7.657499626448741381e+00
2.794280902941675304e+00 4.707960567187395640e+00 -1.225683177861710149e+01
2.810067800698408114e+00 4.944992383574769335e+00 -1.820981284341731765e+01
2.825854698455140479e+00 5.282913474243927432e+00 -2.614578636758310637e+01
2.841641596211873289e+00 5.770514095883585881e+00 -3.656515392534339526e+01
2.857428493968605654e+00 6.437414167201101378e+00 -4.460362415893850141e+01
2.873215391725338463e+00 7.178819804237368984e+00 -5.105998279201433121e+01
2.889002289482071273e+00 8.049571622797216719e+00 -6.009475822424853675e+01
2.904789187238803638e+00 9.076239411840926863e+00 -6.816011927529122261e+01
2.920576084995536448e+00 1.020164529096866346e+01 -7.567400289205029651e+01
2.936362982752268813e+00 1.146555490483990170e+01 -8.225147870232257219e+01
2.952149880509001623e+00 1.279863666019593893e+01 -8.504413947884353320e+01
2.967936778265734432e+00 1.415072117436352528e+01 -8.918994755181277867e+01
2.983723676022466798e+00 1.561470182605356705e+01 -8.836893668139781255e+01
2.999510573779199607e+00 1.694086391088433885e+01 -8.353160902471276472e+01
3.015297471535931972e+00 1.825211176831057713e+01 -8.064981182340470411e+01
3.031084369292664782e+00 1.948728457759597177e+01 -7.282530445228211136e+01
3.046871267049397591e+00 2.055148303929278342e+01 -6.615426849345574567e+01
3.062658164806129957e+00 2.157602592335122083e+01 -6.047019914004829388e+01
3.078445062562862766e+00 2.246075674159919089e+01 -5.137551765905033108e+01
3.094231960319595132e+00 2.319814601231649931e+01 -4.843556271061842722e+01
3.110018858076327941e+00 2.399005129420388016e+01 -4.610449231124437119e+01
3.125805755833060751e+00 2.465383982480386038e+01 -4.405544815521349022e+01
3.141592653589793116e+00 2.538104900551066123e+01 -4.606409643697529788e+01
