0.000000000000000000e+00 3.983769560091624271e+02 2.998569331380638303e+01
1.578689775673262907e-02 3.979035749346526245e+02 5.997138662761096839e+01
3.157379551346525814e-02 3.964834317111232735e+02 1.199427732552147319e+02
4.736069327019788722e-02 3.941165263385745448e+02 1.799141598828167048e+02
6.314759102693051629e-02 3.908028588170063244e+02 2.098998531966194889e+02
7.893448878366314536e-02 3.874891912954381041e+02 2.098998531966212795e+02
9.472138654039577443e-02 3.841755237738698270e+02 2.098998531966230985e+02
1.105082842971284035e-01 3.808618562523015498e+02 2.098998531966212795e+02
1.262951820538610326e-01 3.775481887307333295e+02 2.098998531966212795e+02
1.420820798105936755e-01 3.742345212091650524e+02 2.098998531966212795e+02
1.578689775673262907e-01 3.709208536875968321e+02 2.098998531966230985e+02
1.736558753240589059e-01 3.676071861660284981e+02 2.098998531966248891e+02
1.894427730807915489e-01 3.642935186444602209e+02 2.098998531966230985e+02
2.052296708375241918e-01 3.609798511228919438e+02 2.098998531966212795e+02
2.210165685942568070e-01 3.576661836013237235e+02 2.098998531966212795e+02
2.368034663509894222e-01 3.543525160797554463e+02 2.098998531966230985e+02
2.525903641077220652e-01 3.510388485581871691e+02 2.098998531966212795e+02
2.683772618644547081e-01 3.477251810366189488e+02 2.098998531966212795e+02
2.841641596211873511e-01 3.444115135150506717e+02 2.098998531966212795e+02
2.999510573779199385e-01 3.410978459934824514e+02 2.098998531966212795e+02
3.157379551346525814e-01 3.377841784719141742e+02 2.098998531966230985e+02
3.315248528913852244e-01 3.344705109503458971e+02 2.098998531966230985e+02
3.473117506481178118e-01 3.311568434287776199e+02 2.098998531966230985e+02
3.630986484048504548e-01 3.278431759072093428e+02 2.098998531966230985e+02
3.788855461615830977e-01 3.245295083856410656e+02 2.098998531966230985e+02
3.946724439183157407e-01 3.212158408640727885e+02 2.098998531966212795e+02
4.104593416750483836e-01 3.179021733425045682e+02 2.098998531966212795e+02
4.262462394317809711e-01 3.145885058209362910e+02 2.098998531966212795e+02
4.420331371885136140e-01 3.112748382993680707e+02 2.098998531966212795e+02
4.578200349452462570e-01 3.079611707777997935e+02 2.098998531966230985e+02
4.736069327019788444e-01 3.046475032562315164e+02 2.098998531966212795e+02
4.893938304587114874e-01 3.013338357346632961e+02 2.098998531966212795e+02
5.051807282154441303e-01 2.980201682130950189e+02 2.098998531966230985e+02
5.209676259721767178e-01 2.947065006915267418e+02 2.098998531966230985e+02
5.367545237289094162e-01 2.913928331699584646e+02 2.098998531966212795e+02
5.525414214856420037e-01 2.880791656483902443e+02 2.098998531966212795e+02
5.683283192423747021e-01 2.847654981268219672e+02 2.098998531966230985e+02
5.841152169991072896e-01 2.814518306052536900e+02 2.098998531966230985e+02
5.999021147558398770e-01 2.781381630836854129e+02 2.098998531966212795e+02
6.156890125125725755e-01 2.748244955621171925e+02 2.098998531966212795e+02
6.314759102693051629e-01 2.715108280405489154e+02 2.098998531966230985e+02
6.472628080260377503e-01 2.681971605189806382e+02 2.098998531966212795e+02
6.630497057827704488e-01 2.648834929974124179e+02 2.098998531966212795e+02
6.788366035395030362e-01 2.615698254758441408e+02 2.098998531966230985e+02
6.946235012962356237e-01 2.582561579542758636e+02 2.098998531966212795e+02
7.104103990529683221e-01 2.549424904327076433e+02 2.098998531966203984e+02
7.261972968097009096e-01 2.516288229111393946e+02 2.098998531966221890e+02
7.419841945664336080e-01 2.483151553895711174e+02 2.098998531966230985e+02
7.577710923231661955e-01 2.450014878680028403e+02 2.098998531966230985e+02
7.735579900798987829e-01 2.416878203464345631e+02 2.098998531966221890e+02
7.893448878366314814e-01 2.383741528248663144e+02 2.098998531966221890e+02
8.051317855933640688e-01 2.350604853032980373e+02 2.098998531966230985e+02
8.209186833500967673e-01 2.317468177817297601e+02 2.098998531966230985e+02
8.367055811068293547e-01 2.284331502601614829e+02 2.098998531966212795e+02
8.524924788635619421e-01 2.251194827385932626e+02 2.098998531966203984e+02
8.682793766202946406e-01 2.218058152170250139e+02 2.098998531966221890e+02
8.840662743770272280e-01 2.184921476954567368e+02 2.098998531966230985e+02
8.998531721337598155e-01 2.151784801738884596e+02 2.098998531966221890e+02
9.156400698904925139e-01 2.118648126523202109e+02 2.098998531966212795e+02
9.314269676472251014e-01 2.085511451307519621e+02 2.098998531966212795e+02
9.472138654039576888e-01 2.052374776091837134e+02 2.098998531966239796e+02
9.630007631606903873e-01 2.019238100876153794e+02 2.098998531966230985e+02
9.787876609174229747e-01 1.986101425660471591e+02 2.098998531966212795e+02
9.945745586741556732e-01 1.952964750444788820e+02 2.098998531966221890e+02
1.010361456430888261e+00 1.919828075229106332e+02 2.098998531966212795e+02
1.026148354187620848e+00 1.886691400013423845e+02 2.098998531966230985e+02
1.041935251944353436e+00 1.853554724797740789e+02 2.098998531966230985e+02
1.057722149701086245e+00 1.820418049582058302e+02 2.098998531966212795e+02
1.073509047457818832e+00 1.787281374366375815e+02 2.098998531966212795e+02
1.089295945214551420e+00 1.754144699150693327e+02 2.098998531966221890e+02
1.105082842971284007e+00 1.721008023935010556e+02 2.098998531966230985e+02
1.120869740728016595e+00 1.687871348719327784e+02 2.098998531966221890e+02
1.136656638484749404e+00 1.654734673503645297e+02 2.098998531966212795e+02
1.152443536241481992e+00 1.621597998287962810e+02 2.098998531966221890e+02
1.168230433998214579e+00 1.588461323072280038e+02 2.098998531966230985e+02
1.184017331754947167e+00 1.555324647856597267e+02 2.098998531966221890e+02
1.199804229511679754e+00 1.522187972640914779e+02 2.098998531966212795e+02
1.215591127268412341e+00 1.489051297425232292e+02 2.098998531966212795e+02
1.231378025025145151e+00 1.455914622209549805e+02 2.098998531966212795e+02
1.247164922781877738e+00 1.422777946993867317e+02 2.098998531966221890e+02
1.262951820538610326e+00 1.389641271778184546e+02 2.098998531966230985e+02
1.278738718295342913e+00 1.356504596562501774e+02 2.098998531966221890e+02
1.294525616052075501e+00 1.323367921346819287e+02 2.098998531966221890e+02
1.310312513808808310e+00 1.290231246131136515e+02 2.098998531966221890e+02
1.326099411565540898e+00 1.257094570915454028e+02 2.098998531966217342e+02
1.341886309322273485e+00 1.223957895699771399e+02 2.098998531966226437e+02
1.357673207079006072e+00 1.190821220484088627e+02 2.098998531966226437e+02
1.373460104835738660e+00 1.157684545268405998e+02 2.098998531966217342e+02
1.389247002592471247e+00 1.124547870052723511e+02 2.098998531966217342e+02
1.405033900349204057e+00 1.091411194837040881e+02 2.098998531966217342e+02
1.420820798105936644e+00 1.058274519621358394e+02 2.098998531966221890e+02
1.436607695862669232e+00 1.025137844405675622e+02 2.098998531966226437e+02
1.452394593619401819e+00 9.920011691899929929e+01 2.098998531966221890e+02
1.468181491376134407e+00 9.588644939743103635e+01 2.098998531966221890e+02
1.483968389132867216e+00 9.257278187586277340e+01 2.098998531966221890e+02
1.499755286889599804e+00 8.925911435429451046e+01 2.098998531966221890e+02
1.515542184646332391e+00 8.594544683272624752e+01 2.098998531966217342e+02
1.531329082403064978e+00 8.263177931115799879e+01 2.098998531966221890e+02
1.547115980159797566e+00 7.931811178958972164e+01 2.098998531966226437e+02
1.562902877916530375e+00 7.600444426802145870e+01 2.098998531966217342e+02
1.578689775673262963e+00 7.269077674645320997e+01 2.098998531966221890e+02
1.594476673429995550e+00 6.937710922488493281e+01 2.098998531966226437e+02
1.610263571186728138e+00 6.606344170331666987e+01 2.095574231974039492e+02
1.626050468943460725e+00 6.276058599652139947e+01 2.092876868945172362e+02
1.641837366700193535e+00 5.945543507382303972e+01 2.096301168937354760e+02
1.657624264456926122e+00 5.614176755225477677e+01 2.107258655630224666e+02
1.673411162213658709e+00 5.280201968513819821e+01 1.976902450371556768e+02
1.689198059970391297e+00 4.989993618044478296e+01 1.751823416121713421e+02
1.704984957727123884e+00 4.727084825350548414e+01 1.743722988023392304e+02
1.720771855483856472e+00 4.439434087484686131e+01 1.735466279429628003e+02
1.736558753240589281e+00 4.179132251078294047e+01 1.501568678482849748e+02
1.752345650997321869e+00 3.965331863446268557e+01 1.307471901622263601e+02
1.768132548754054456e+00 3.766313746464064849e+01 1.094534470314179373e+02
1.783919446510787044e+00 3.619745787964879469e+01 1.002188885816198791e+02
1.799706344267519631e+00 3.449884676997782407e+01 1.092490469779484243e+02
1.815493242024252440e+00 3.274805081032609166e+01 9.633325011719975350e+01
1.831280139780985028e+00 3.145724042962985578e+01 8.621383090332831500e+01
1.847067037537717615e+00 3.002595294295193185e+01 9.840759400196461115e+01
1.862853935294450203e+00 2.835013917963971508e+01 1.013874448637583328e+02
1.878640833051182790e+00 2.682476649119089274e+01 1.038436181689132809e+02
1.894427730807915378e+00 2.507140201419608161e+01 1.096180577507645211e+02
1.910214628564648187e+00 2.336370835118502853e+01 1.059247169778990525e+02
1.926001526321380775e+00 2.172695666051421526e+01 1.005617555393993570e+02
1.941788424078113362e+00 2.018859204530895113e+01 9.324574311701017848e+01
1.957575321834845949e+00 1.878283463483662530e+01 8.654483807588552224e+01
1.973362219591578537e+00 1.745604302515497963e+01 8.333647433796915038e+01
1.989149117348311346e+00 1.615158583527644254e+01 8.172206814541436870e+01
2.004936015105043712e+00 1.487576715659419335e+01 7.889595069159096852e+01
2.020722912861776521e+00 1.366054122129971127e+01 7.486771734768869635e+01
2.036509810618509331e+00 1.251190915849835505e+01 7.137557765760107031e+01
2.052296708375241696e+00 1.140694332768315533e+01 6.701099372369553464e+01
2.068083606131974506e+00 1.039611774551228862e+01 6.141353868373224145e+01
2.083870503888706871e+00 9.467884815524705289e+00 5.638371873549858293e+01
2.099657401645439680e+00 8.615869739868916355e+00 5.095310418451327905e+01
2.115444299402172490e+00 7.859101923226591957e+00 4.443984540036623088e+01
2.131231197158904855e+00 7.212735148547743336e+00 3.929196925501473459e+01
2.147018094915637665e+00 6.618505320647392942e+00 3.562418246891543561e+01
2.162804992672370030e+00 6.087944495939833445e+00 3.157668648001904188e+01
2.178591890429102840e+00 5.621509478734468601e+00 2.732526677245931523e+01
2.194378788185835649e+00 5.225182110515316225e+00 2.248903611306365491e+01
2.210165685942568015e+00 4.911445251205661222e+00 1.711823199073814550e+01
2.225952583699300824e+00 4.684694554087690754e+00 1.224742038066724703e+01
2.241739481456033189e+00 4.524747704539026749e+00 7.639656809057171039e+00
2.257526379212765999e+00 4.443481592205467123e+00 3.009623396007816698e+00
2.273313276969498808e+00 4.429722470860935069e+00 -1.183208275038928337e+00
2.289100174726231174e+00 4.480839968331386203e+00 -4.550331790552268885e+00
2.304887072482963983e+00 4.573393716334252623e+00 -6.410133435459488993e+00
2.320673970239696349e+00 4.683232210636610660e+00 -6.914310031475524809e+00
2.336460867996429158e+00 4.791704727384762386e+00 -6.725677113006715224e+00
2.352247765753161524e+00 4.895587364492278049e+00 -6.418116069693889258e+00
2.368034663509894333e+00 4.994349011750962575e+00 -6.092230468965814438e+00
2.383821561266627143e+00 5.087942203540307240e+00 -5.052741464456211418e+00
2.399608459023359508e+00 5.153883237532109973e+00 -3.529566816365393045e+00
2.415395356780092317e+00 5.199384024451340736e+00 -2.178200917149310190e+00
2.431182254536824683e+00 5.222657307877424770e+00 -8.402402377266944278e-01
2.446969152293557492e+00 5.225913597899508822e+00 5.270849391868636102e-01
2.462756050050290302e+00 5.206015235789311468e+00 1.911569384534391514e+00
2.478542947807022667e+00 5.165558097042419305e+00 3.254037360084745423e+00
2.494329845563755477e+00 5.103272925588819398e+00 4.384175159762905061e+00
2.510116743320487842e+00 5.027133047052851467e+00 5.193759855770090361e+00
2.525903641077220652e+00 4.939286213956689764e+00 5.684397392299669782e+00
2.541690538833953461e+00 4.847655046171106541e+00 5.755452814183627197e+00
2.557477436590685826e+00 4.757564723714257759e+00 5.995128370260760953e+00
2.573264334347418636e+00 4.658366088931519045e+00 6.540466067765630775e+00
2.589051232104151001e+00 4.551057385527867538e+00 6.969327539320843812e+00
2.604838129860883811e+00 4.438317966338640730e+00 7.029544779836316870e+00
2.620625027617616620e+00 4.329107976096568500e+00 6.546379040390505111e+00
2.636411925374348986e+00 4.231623933163715989e+00 5.647290098963837046e+00
2.652198823131081795e+00 4.150801593306667314e+00 4.524914544792044246e+00
2.667985720887814161e+00 4.088755206610547255e+00 2.393167557451182148e+00
2.683772618644546970e+00 4.075240210218244563e+00 -3.308151143273353051e-02
2.699559516401279780e+00 4.089799715487800746e+00 -2.896637437559513639e+00
2.715346414158012145e+00 4.166698048348396632e+00 -7.150724367451578800e+00
2.731133311914744954e+00 4.315575224438870094e+00 -1.144974509835420484e+01
2.746920209671477320e+00 4.528209958765133436e+00 -1.566907167299097559e+01
2.762707107428210129e+00 4.810307289327718117e+00 -2.040787246778464237e+01
2.778494005184942495e+00 5.172563950927843379e+00 -2.459784316041736574e+01
2.794280902941675304e+00 5.586954559347026006e+00 -2.985381946894735350e+01
2.810067800698408114e+00 6.115162342136295059e+00 -3.685309144692764249e+01
2.825854698455140479e+00 6.750546532731354965e+00 -4.171556166648609576e+01
2.841641596211873289e+00 7.432280955923276977e+00 -4.511747674258045748e+01
2.857428493968605654e+00 8.175076517485114991e+00 -5.040166181540686097e+01
2.873215391725338463e+00 9.023652719621763296e+00 -5.654019744517496093e+01
2.889002289482071273e+00 9.960265149910020099e+00 -6.170511816193172194e+01
2.904789187238803638e+00 1.097191750260080667e+01 -6.402763196926089506e+01
2.920576084995536448e+00 1.198186050891887433e+01 -6.215339298244747823e+01
2.936362982752268813e+00 1.293433602309664998e+01 -6.581553706851336472e+01
2.952149880509001623e+00 1.405990681792900787e+01 -7.328656111194024447e+01
2.967936778265734432e+00 1.524827091753012631e+01 -7.257565239338219953e+01
2.983723676022466798e+00 1.635139562585399275e+01 -6.915833491975170944e+01
2.999510573779199607e+00 1.743186204233811054e+01 -6.226718868776205085e+01
3.015297471535931972e+00 1.831740710867974897e+01 -4.651526463963661229e+01
3.031084369292664782e+00 1.890052549632471823e+01 -5.110343147894541715e+01
3.046871267049397591e+00 1.993093640423235513e+01 -7.282753914040850418e+01
3.062658164806129957e+00 2.119996732489286373e+01 -8.849524943675586997e+01
3.078445062562862766e+00 2.272506731386158663e+01 -1.161561975910122300e+02
3.094231960319595132e+00 2.486745935525314977e+01 -1.534542173551555493e+02
3.110018858076327941e+00 2.757019939331211944e+01 -1.864806810043614291e+02
3.125805755833060751e+00 3.075536224449660239e+01 -2.238830033367324290e+02
3.141592653589793116e+00 3.463903555960656888e+01 -2.460061105706280102e+02
