0.000000000000000000e+00 3.647915402314442872e+02 3.108457517711314821e+01
1.578689775673262907e-02 3.643008112213117329e+02 6.216915035422089630e+01
3.157379551346525814e-02 3.628286241909142404e+02 1.243383007084399878e+02
4.736069327019788722e-02 3.603749791402516962e+02 1.865074510626626818e+02
6.314759102693051629e-02 3.569398760693241002e+02 2.175920262397740430e+02
7.893448878366314536e-02 3.535047729983965041e+02 2.175920262397722240e+02
9.472138654039577443e-02 3.500696699274689649e+02 2.175920262397722240e+02
1.105082842971284035e-01 3.466345668565413689e+02 2.175920262397740430e+02
1.262951820538610326e-01 3.431994637856137729e+02 2.175920262397740430e+02
1.420820798105936755e-01 3.397643607146861768e+02 2.175920262397740430e+02
1.578689775673262907e-01 3.363292576437585808e+02 2.175920262397740430e+02
1.736558753240589059e-01 3.328941545728309848e+02 2.175920262397758336e+02
1.894427730807915489e-01 3.294590515019033319e+02 2.175920262397740430e+02
2.052296708375241918e-01 3.260239484309757927e+02 2.175920262397704334e+02
2.210165685942568070e-01 3.225888453600482535e+02 2.175920262397722240e+02
2.368034663509894222e-01 3.191537422891206575e+02 2.175920262397740430e+02
2.525903641077220652e-01 3.157186392181930614e+02 2.175920262397740430e+02
2.683772618644547081e-01 3.122835361472654654e+02 2.175920262397740430e+02
2.841641596211873511e-01 3.088484330763378694e+02 2.175920262397722240e+02
2.999510573779199385e-01 3.054133300054103302e+02 2.175920262397740430e+02
3.157379551346525814e-01 3.019782269344826773e+02 2.175920262397740430e+02
3.315248528913852244e-01 2.985431238635551381e+02 2.175920262397722240e+02
3.473117506481178118e-01 2.951080207926275421e+02 2.175920262397740430e+02
3.630986484048504548e-01 2.916729177216999460e+02 2.175920262397740430e+02
3.788855461615830977e-01 2.882378146507723500e+02 2.175920262397740430e+02
3.946724439183157407e-01 2.848027115798447539e+02 2.175920262397722240e+02
4.104593416750483836e-01 2.813676085089172147e+02 2.175920262397740430e+02
4.262462394317809711e-01 2.779325054379895619e+02 2.175920262397740430e+02
4.420331371885136140e-01 2.744974023670620227e+02 2.175920262397722240e+02
4.578200349452462570e-01 2.710622992961344266e+02 2.175920262397740430e+02
4.736069327019788444e-01 2.676271962252068306e+02 2.175920262397740430e+02
4.893938304587114874e-01 2.641920931542792346e+02 2.175920262397740430e+02
5.051807282154441303e-01 2.607569900833516385e+02 2.175920262397740430e+02
5.209676259721767178e-01 2.573218870124240425e+02 2.175920262397722240e+02
5.367545237289094162e-01 2.538867839414965033e+02 2.175920262397722240e+02
5.525414214856420037e-01 2.504516808705689073e+02 2.175920262397740430e+02
5.683283192423747021e-01 2.470165777996413112e+02 2.175920262397731335e+02
5.841152169991072896e-01 2.435814747287137436e+02 2.175920262397731335e+02
5.999021147558398770e-01 2.401463716577861476e+02 2.175920262397731335e+02
6.156890125125725755e-01 2.367112685868585800e+02 2.175920262397731335e+02
6.314759102693051629e-01 2.332761655159309839e+02 2.175920262397740430e+02
6.472628080260377503e-01 2.298410624450033879e+02 2.175920262397731335e+02
6.630497057827704488e-01 2.264059593740758203e+02 2.175920262397722240e+02
6.788366035395030362e-01 2.229708563031482527e+02 2.175920262397731335e+02
6.946235012962356237e-01 2.195357532322206566e+02 2.175920262397749241e+02
7.104103990529683221e-01 2.161006501612930322e+02 2.175920262397740430e+02
7.261972968097009096e-01 2.126655470903654646e+02 2.175920262397731335e+02
7.419841945664336080e-01 2.092304440194378685e+02 2.175920262397740430e+02
7.577710923231661955e-01 2.057953409485102725e+02 2.175920262397740430e+02
7.735579900798987829e-01 2.023602378775826764e+02 2.175920262397740430e+02
7.893448878366314814e-01 1.989251348066550804e+02 2.175920262397731335e+02
8.051317855933640688e-01 1.954900317357275128e+02 2.175920262397731335e+02
8.209186833500967673e-01 1.920549286647999168e+02 2.175920262397731335e+02
8.367055811068293547e-01 1.886198255938723491e+02 2.175920262397731335e+02
8.524924788635619421e-01 1.851847225229447531e+02 2.175920262397740430e+02
8.682793766202946406e-01 1.817496194520171571e+02 2.175920262397731335e+02
8.840662743770272280e-01 1.783145163810895895e+02 2.175920262397731335e+02
8.998531721337598155e-01 1.748794133101619934e+02 2.175920262397731335e+02
9.156400698904925139e-01 1.714443102392344258e+02 2.175920262397740430e+02
9.314269676472251014e-01 1.680092071683068013e+02 2.175920262397740430e+02
9.472138654039576888e-01 1.645741040973792337e+02 2.175920262397731335e+02
9.630007631606903873e-01 1.611390010264516377e+02 2.175920262397740430e+02
9.787876609174229747e-01 1.577038979555240417e+02 2.175920262397731335e+02
9.945745586741556732e-01 1.542687948845964740e+02 2.175920262397731335e+02
1.010361456430888261e+00 1.508336918136688780e+02 2.175920262397731335e+02
1.026148354187620848e+00 1.473985887427413104e+02 2.175920262397731335e+02
1.041935251944353436e+00 1.439634856718137144e+02 2.175920262397731335e+02
1.057722149701086245e+00 1.405283826008861467e+02 2.175920262397731335e+02
1.073509047457818832e+00 1.370932795299585507e+02 2.175920262397740430e+02
1.089295945214551420e+00 1.336581764590309547e+02 2.175920262397740430e+02
1.105082842971284007e+00 1.302230733881033586e+02 2.175920262397731335e+02
1.120869740728016595e+00 1.267879703171757910e+02 2.175920262397731335e+02
1.136656638484749404e+00 1.233528672462481950e+02 2.175920262397740430e+02
1.152443536241481992e+00 1.199177641753205990e+02 2.175920262397735883e+02
1.168230433998214579e+00 1.164826611043930171e+02 2.175920262397731335e+02
1.184017331754947167e+00 1.130475580334654353e+02 2.175920262397735883e+02
1.199804229511679754e+00 1.096124549625378393e+02 2.175920262397740430e+02
1.215591127268412341e+00 1.061773518916102432e+02 2.175920262397735883e+02
1.231378025025145151e+00 1.027422488206826614e+02 2.175920262397731335e+02
1.247164922781877738e+00 9.930714574975507958e+01 2.175920262397731335e+02
1.262951820538610326e+00 9.587204267882749775e+01 2.175920262397731335e+02
1.278738718295342913e+00 9.243693960789991593e+01 2.175920262397731335e+02
1.294525616052075501e+00 8.900183653697233410e+01 2.175920262397735883e+02
1.310312513808808310e+00 8.556673346604473807e+01 2.175920262397735883e+02
1.326099411565540898e+00 8.213163039511715624e+01 2.154596714562788975e+02
1.341886309322273485e+00 7.876385385808578121e+01 2.153642665145876265e+02
1.357673207079006072e+00 7.533176308327813331e+01 2.174966212980823173e+02
1.373460104835738660e+00 7.189666001235053727e+01 2.201501710791353617e+02
1.389247002592471247e+00 6.838078659937112036e+01 2.192581802544703464e+02
1.405033900349204057e+00 6.497384706434138479e+01 2.065518362028323622e+02
1.420820798105936644e+00 6.185916116017212119e+01 2.029350974193369268e+02
1.436607695862669232e+00 5.856641579591808977e+01 1.952867551556760759e+02
1.452394593619401819e+00 5.569321708639864710e+01 1.741452612354015059e+02
1.468181491376134407e+00 5.306798892803253409e+01 1.576799391596686633e+02
1.483968389132867216e+00 5.071466293079562604e+01 1.277965509643547790e+02
1.499755286889599804e+00 4.903296676055785497e+01 9.583735019279953349e+01
1.515542184646332391e+00 4.768871403325581326e+01 7.790452284120958382e+01
1.531329082403064978e+00 4.657322528679542017e+01 5.283514848086338134e+01
1.547115980159797566e+00 4.602050785919745834e+01 3.797675865861268107e+01
1.562902877916530375e+00 4.537415487464416231e+01 3.380263560217172625e+01
1.578689775673262963e+00 4.495323035487830765e+01 2.145020249993043748e+01
1.594476673429995550e+00 4.469689056718893738e+01 2.628877928290267718e+01
1.610263571186728138e+00 4.412319381350131664e+01 3.861546353834538792e+01
1.626050468943460725e+00 4.347765381777154658e+01 4.949632642223290446e+01
1.641837366700193535e+00 4.256040692437800743e+01 6.061290742105868645e+01
1.657624264456926122e+00 4.156387427338243867e+01 6.846117624729487261e+01
1.673411162213658709e+00 4.039882774493461426e+01 7.965287261821694642e+01
1.689198059970391297e+00 3.904893076127476093e+01 9.020414741968370720e+01
1.704984957727123884e+00 3.755074043983904630e+01 9.489632620686846565e+01
1.720771855483856472e+00 3.605269356264000180e+01 1.000999960650097336e+02
1.736558753240589281e+00 3.439020363318375217e+01 1.039391761558444216e+02
1.752345650997321869e+00 3.277093926885732600e+01 1.010466218202042086e+02
1.768132548754054456e+00 3.119977825850616782e+01 9.672752346793259903e+01
1.783919446510787044e+00 2.971688422235691007e+01 9.114278849928984982e+01
1.799706344267519631e+00 2.832205449190257696e+01 8.742780963312267772e+01
1.815493242024252440e+00 2.695645643881052678e+01 8.537217584457920339e+01
1.831280139780985028e+00 2.562653086924623480e+01 8.154685209805863622e+01
1.847067037537717615e+00 2.438171280589962819e+01 7.800771051150837820e+01
1.862853935294450203e+00 2.316353136908227484e+01 7.889997641660887950e+01
1.878640833051182790e+00 2.189054108450438818e+01 8.022367356037982233e+01
1.894427730807915378e+00 2.063056550474785311e+01 7.991342170829514657e+01
1.910214628564648187e+00 1.936737104870536186e+01 8.013653807360589099e+01
1.926001526321380775e+00 1.810035083845479775e+01 7.975657414310700233e+01
1.941788424078113362e+00 1.684915328585637084e+01 7.812893893477593110e+01
1.957575321834845949e+00 1.563352369684416843e+01 7.653271073790813261e+01
1.973362219591578537e+00 1.443272512692647247e+01 7.446925605299301765e+01
1.989149117348311346e+00 1.328224663418708218e+01 7.240041079127348667e+01
2.004936015105043712e+00 1.214676936151191988e+01 7.004051088426538740e+01
2.020722912861776521e+00 1.107080186586864912e+01 6.637564480046401627e+01
2.036509810618509331e+00 1.005103832550766541e+01 6.249037829450411152e+01
2.052296708375241696e+00 9.097743440038888352e+00 5.779497470340655241e+01
2.068083606131974506e+00 8.226231612516409442e+00 5.246002928446050362e+01
2.083870503888706871e+00 7.441381202780933179e+00 4.684336106924749288e+01
2.099657401645439680e+00 6.747208908952569750e+00 4.041638538932726021e+01
2.115444299402172490e+00 6.165282515104909322e+00 3.357618367152244332e+01
2.131231197158904855e+00 5.687081351585368871e+00 2.653625573482798927e+01
2.147018094915637665e+00 5.327432202840430620e+00 1.921978937231788009e+01
2.162804992672370030e+00 5.080239652131931294e+00 1.272095387037129122e+01
2.178591890429102840e+00 4.925783406601103032e+00 6.672978760352723526e+00
2.194378788185835649e+00 4.869548385286857517e+00 6.125536085021723309e-01
2.210165685942568015e+00 4.906442764225220188e+00 -5.213050914379200762e+00
2.225952583699300824e+00 5.034144188858749480e+00 -1.055654310579108213e+01
2.241739481456033189e+00 5.239752897576549273e+00 -1.559967161205050168e+01
2.257526379212765999e+00 5.526685030414840938e+00 -1.943146341673308797e+01
2.273313276969498808e+00 5.853277950023860754e+00 -2.251817200885970749e+01
2.289100174726231174e+00 6.237669188759614514e+00 -2.572498248336347260e+01
2.304887072482963983e+00 6.665513286541054683e+00 -2.743216849781824962e+01
2.320673970239696349e+00 7.103806867400651370e+00 -2.773282467031501852e+01
2.336460867996429158e+00 7.541143821692365634e+00 -2.683757805619429959e+01
2.352247765753161524e+00 7.951171069023592608e+00 -2.452768748505245355e+01
2.368034663509894333e+00 8.315576010763592762e+00 -2.239586109537110303e+01
2.383821561266627143e+00 8.658293407596811875e+00 -1.940191552815379339e+01
2.399608459023359508e+00 8.928168124219046931e+00 -1.457049308736659476e+01
2.415395356780092317e+00 9.118339176867683804e+00 -1.010779361987168912e+01
2.431182254536824683e+00 9.247309533065184439e+00 -5.987392998365693053e+00
2.446969152293557492e+00 9.307383899056835830e+00 -1.825691698274910735e+00
2.462756050050290302e+00 9.304953549417147585e+00 2.221751505048974007e+00
2.478542947807022667e+00 9.237234771354685847e+00 6.900989254608091983e+00
2.494329845563755477e+00 9.087063125851530643e+00 1.051989689194264344e+01
2.510116743320487842e+00 8.905081698065750118e+00 1.243124164795479381e+01
2.525903641077220652e+00 8.694561644080533114e+00 1.435586544265505893e+01
2.541690538833953461e+00 8.451812538160536903e+00 1.643943520930924151e+01
2.557477436590685826e+00 8.175506278424942153e+00 1.853984163554747155e+01
2.573264334347418636e+00 7.866439369507731705e+00 2.039361296389615319e+01
2.589051232104151001e+00 7.531602512922130899e+00 2.098713941736494704e+01
2.604838129860883811e+00 7.203795721131264429e+00 2.073355752753273151e+01
2.620625027617616620e+00 6.876965407281144138e+00 2.111778908855390213e+01
2.636411925374348986e+00 6.537026966752775614e+00 2.217150970161792145e+01
2.652198823131081795e+00 6.176926693737448737e+00 2.220016711600899129e+01
2.667985720887814161e+00 5.836083429867152006e+00 2.021285039243109338e+01
2.683772618644546970e+00 5.538730288702563342e+00 1.721605665262708484e+01
2.699559516401279780e+00 5.292507177568871235e+00 1.436566157354780060e+01
2.715346414158012145e+00 5.085151827763719545e+00 1.268614171087211595e+01
2.731133311914744954e+00 4.891957533334952757e+00 9.780408123861381142e+00
2.746920209671477320e+00 4.776347221622685879e+00 3.474294507024228373e+00
2.762707107428210129e+00 4.782260869016614180e+00 -3.016636859144426364e+00
2.778494005184942495e+00 4.871593896951694092e+00 -9.289330271978965214e+00
2.794280902941675304e+00 5.075560283481120649e+00 -1.638494232525642502e+01
2.810067800698408114e+00 5.388928715429262439e+00 -2.360437880945355715e+01
2.825854698455140479e+00 5.820840113233179736e+00 -3.221881086699766428e+01
2.841641596211873289e+00 6.406198861430858926e+00 -4.106681984906697380e+01
2.857428493968605654e+00 7.117475485535936564e+00 -4.784346844466612225e+01
2.873215391725338463e+00 7.916798750757674696e+00 -5.524879506774680493e+01
2.889002289482071273e+00 8.861889643370322034e+00 -6.202729511457816614e+01
2.904789187238803638e+00 9.875235882958728340e+00 -6.661497791613210495e+01
2.920576084995536448e+00 1.096517733422828123e+01 -7.171213937902659552e+01
2.936362982752268813e+00 1.213946030754523342e+01 -7.865483764705751923e+01
2.952149880509001623e+00 1.344860909424128437e+01 -8.365554820411979620e+01
2.967936778265734432e+00 1.478078348010894771e+01 -8.657831049709079707e+01
2.983723676022466798e+00 1.618221496577773166e+01 -8.689664073370431652e+01
2.999510573779199607e+00 1.752444024544198342e+01 -8.376267286667655299e+01
3.015297471535931972e+00 1.882692047053146212e+01 -8.277902361846054191e+01
3.031084369292664782e+00 2.013808820997556737e+01 -8.328196621480185513e+01
3.046871267049397591e+00 2.145644824175693799e+01 -7.562183877317529834e+01
3.062658164806129957e+00 2.252575668375204287e+01 -6.545095371209292523e+01
3.078445062562862766e+00 2.352298327042383974e+01 -5.689870370545934009e+01
3.094231960319595132e+00 2.432226471952946412e+01 -4.685100096699066086e+01
3.110018858076327941e+00 2.500224719455676592e+01 -4.247569207229094701e+01
3.125805755833060751e+00 2.566338353531289584e+01 -3.671724573069405295e+01
3.141592653589793116e+00 2.616155000307535516e+01 -3.155569101915584085e+01
