0.000000000000000000e+00 2.742893313070027261e+02 2.241048474210800023e+01
1.578689775673262907e-02 2.739355392757002505e+02 4.482096948421779814e+01
3.157379551346525814e-02 2.728741631817927669e+02 8.964193896843380571e+01
4.736069327019788722e-02 2.711052030252803888e+02 1.344629084526497991e+02
6.314759102693051629e-02 2.686286588061630027e+02 1.568733931947577958e+02
7.893448878366314536e-02 2.661521145870456735e+02 1.568733931947577958e+02
9.472138654039577443e-02 2.636755703679282874e+02 1.568733931947577958e+02
1.105082842971284035e-01 2.611990261488109581e+02 1.568733931947577958e+02
1.262951820538610326e-01 2.587224819296935721e+02 1.568733931947596147e+02
1.420820798105936755e-01 2.562459377105761860e+02 1.568733931947587052e+02
1.578689775673262907e-01 2.537693934914588283e+02 1.568733931947577958e+02
1.736558753240589059e-01 2.512928492723414706e+02 1.568733931947587052e+02
1.894427730807915489e-01 2.488163050532240845e+02 1.568733931947596147e+02
2.052296708375241918e-01 2.463397608341066984e+02 1.568733931947577958e+02
2.210165685942568070e-01 2.438632166149893692e+02 1.568733931947569147e+02
2.368034663509894222e-01 2.413866723958720115e+02 1.568733931947577958e+02
2.525903641077220652e-01 2.389101281767546539e+02 1.568733931947577958e+02
2.683772618644547081e-01 2.364335839576372962e+02 1.568733931947577958e+02
2.841641596211873511e-01 2.339570397385199385e+02 1.568733931947577958e+02
2.999510573779199385e-01 2.314804955194025808e+02 1.568733931947587052e+02
3.157379551346525814e-01 2.290039513002851947e+02 1.568733931947587052e+02
3.315248528913852244e-01 2.265274070811678371e+02 1.568733931947577958e+02
3.473117506481178118e-01 2.240508628620504794e+02 1.568733931947577958e+02
3.630986484048504548e-01 2.215743186429331217e+02 1.568733931947587052e+02
3.788855461615830977e-01 2.190977744238157356e+02 1.568733931947596147e+02
3.946724439183157407e-01 2.166212302046983496e+02 1.568733931947577958e+02
4.104593416750483836e-01 2.141446859855810203e+02 1.568733931947569147e+02
4.262462394317809711e-01 2.116681417664636626e+02 1.568733931947577958e+02
4.420331371885136140e-01 2.091915975473463050e+02 1.568733931947577958e+02
4.578200349452462570e-01 2.067150533282289473e+02 1.568733931947587052e+02
4.736069327019788444e-01 2.042385091091115612e+02 1.568733931947596147e+02
4.893938304587114874e-01 2.017619648899941751e+02 1.568733931947587052e+02
5.051807282154441303e-01 1.992854206708768174e+02 1.568733931947569147e+02
5.209676259721767178e-01 1.968088764517594882e+02 1.568733931947577958e+02
5.367545237289094162e-01 1.943323322326421021e+02 1.568733931947596147e+02
5.525414214856420037e-01 1.918557880135247160e+02 1.568733931947577958e+02
5.683283192423747021e-01 1.893792437944073868e+02 1.568733931947577958e+02
5.841152169991072896e-01 1.869026995752900007e+02 1.568733931947587052e+02
5.999021147558398770e-01 1.844261553561726430e+02 1.568733931947577958e+02
6.156890125125725755e-01 1.819496111370552853e+02 1.568733931947569147e+02
6.314759102693051629e-01 1.794730669179379561e+02 1.568733931947577958e+02
6.472628080260377503e-01 1.769965226988205700e+02 1.568733931947596147e+02
6.630497057827704488e-01 1.745199784797031839e+02 1.568733931947587052e+02
6.788366035395030362e-01 1.720434342605858262e+02 1.568733931947577958e+02
6.946235012962356237e-01 1.695668900414684686e+02 1.568733931947577958e+02
7.104103990529683221e-01 1.670903458223511109e+02 1.568733931947577958e+02
7.261972968097009096e-01 1.646138016032337532e+02 1.568733931947587052e+02
7.419841945664336080e-01 1.621372573841163671e+02 1.568733931947596147e+02
7.577710923231661955e-01 1.596607131649989810e+02 1.568733931947587052e+02
7.735579900798987829e-01 1.571841689458816234e+02 1.568733931947577958e+02
7.893448878366314814e-01 1.547076247267642657e+02 1.568733931947569147e+02
8.051317855933640688e-01 1.522310805076469364e+02 1.568733931947577958e+02
8.209186833500967673e-01 1.497545362885295503e+02 1.568733931947587052e+02
8.367055811068293547e-01 1.472779920694121927e+02 1.568733931947577958e+02
8.524924788635619421e-01 1.448014478502948350e+02 1.568733931947587052e+02
8.682793766202946406e-01 1.423249036311774489e+02 1.568733931947587052e+02
8.840662743770272280e-01 1.398483594120600912e+02 1.568733931947577958e+02
8.998531721337598155e-01 1.373718151929427336e+02 1.568733931947577958e+02
9.156400698904925139e-01 1.348952709738253759e+02 1.568733931947577958e+02
9.314269676472251014e-01 1.324187267547080182e+02 1.568733931947587052e+02
9.472138654039576888e-01 1.299421825355906321e+02 1.568733931947587052e+02
9.630007631606903873e-01 1.274656383164732745e+02 1.568733931947577958e+02
9.787876609174229747e-01 1.249890940973559168e+02 1.568733931947582505e+02
9.945745586741556732e-01 1.225125498782385449e+02 1.568733931947587052e+02
1.010361456430888261e+00 1.200360056591211730e+02 1.568733931947582505e+02
1.026148354187620848e+00 1.175594614400038154e+02 1.568733931947577958e+02
1.041935251944353436e+00 1.150829172208864577e+02 1.568733931947577958e+02
1.057722149701086245e+00 1.126063730017691000e+02 1.568733931947582505e+02
1.073509047457818832e+00 1.101298287826517281e+02 1.568733931947587052e+02
1.089295945214551420e+00 1.076532845635343563e+02 1.568733931947582505e+02
1.105082842971284007e+00 1.051767403444169986e+02 1.568733931947587052e+02
1.120869740728016595e+00 1.027001961252996125e+02 1.568733931947587052e+02
1.136656638484749404e+00 1.002236519061822548e+02 1.568733931947573410e+02
1.152443536241481992e+00 9.774710768706491137e+01 1.568733931947577958e+02
1.168230433998214579e+00 9.527056346794753949e+01 1.568733931947582505e+02
1.184017331754947167e+00 9.279401924883018182e+01 1.568733931947577958e+02
1.199804229511679754e+00 9.031747502971282415e+01 1.568733931947587052e+02
1.215591127268412341e+00 8.784093081059543806e+01 1.568733931947582505e+02
1.231378025025145151e+00 8.536438659147809460e+01 1.568733931947573410e+02
1.247164922781877738e+00 8.288784237236073693e+01 1.568733931947582505e+02
1.262951820538610326e+00 8.041129815324336505e+01 1.568733931947587052e+02
1.278738718295342913e+00 7.793475393412599317e+01 1.568733931947587052e+02
1.294525616052075501e+00 7.545820971500862129e+01 1.568733931947582505e+02
1.310312513808808310e+00 7.298166549589126362e+01 1.568733931947577958e+02
1.326099411565540898e+00 7.050512127677390595e+01 1.473603215681760332e+02
1.341886309322273485e+00 6.832894083589918921e+01 1.426037857548858483e+02
1.357673207079006072e+00 6.600257850590313069e+01 1.521168573814676108e+02
1.373460104835738660e+00 6.352603428678577302e+01 1.662237165459577568e+02
1.389247002592471247e+00 6.075426487019284849e+01 1.757367881725399741e+02
1.405033900349204057e+00 5.797735687283283568e+01 1.545416204462690928e+02
1.420820798105936644e+00 5.587479934790278691e+01 1.455104770062737032e+02
1.436607695862669232e+00 5.338303882676996182e+01 1.490903101649816165e+02
1.452394593619401819e+00 5.116745238171454702e+01 1.283635312023244808e+02
1.468181491376134407e+00 4.933011494120145102e+01 9.265383372482499169e+01
1.483968389132867216e+00 4.824201918214831153e+01 5.791147471710418415e+01
1.499755286889599804e+00 4.750162988060039027e+01 3.452414105811247680e+01
1.515542184646332391e+00 4.715196101210143809e+01 3.414608485916415503e+01
1.531329082403064978e+00 4.642350837967170918e+01 2.053757196027118681e+01
1.547115980159797566e+00 4.650351191468475776e+01 -6.757235617324938159e-01
1.562902877916530375e+00 4.644484353723348136e+01 6.235637240035015516e+00
1.578689775673262963e+00 4.630662917957174329e+01 2.355569293148541732e+01
1.594476673429995550e+00 4.570110090543678183e+01 3.034150694450614338e+01
1.610263571186728138e+00 4.534863264373552028e+01 2.788206080464919268e+01
1.626050468943460725e+00 4.482075841909678360e+01 4.208299761766407698e+01
1.641837366700193535e+00 4.401991268236174903e+01 6.802701581018345678e+01
1.657624264456926122e+00 4.267288733251478305e+01 9.602630674030859836e+01
1.673411162213658709e+00 4.098799770942995480e+01 1.057305772321381312e+02
1.689198059970391297e+00 3.933457170746660836e+01 9.541816860675066891e+01
1.704984957727123884e+00 3.797528396557105879e+01 8.756047924833123375e+01
1.720771855483856472e+00 3.656995504061877966e+01 8.624320516435901141e+01
1.736558753240589281e+00 3.525225864128575637e+01 7.537179562311467862e+01
1.752345650997321869e+00 3.419018137813186087e+01 5.452498045941674576e+01
1.768132548754054456e+00 3.353069805788444313e+01 3.983190959927370045e+01
1.783919446510787044e+00 3.293253680953355911e+01 4.022213169127321208e+01
1.799706344267519631e+00 3.226073269674851218e+01 5.339726705636466875e+01
1.815493242024252440e+00 3.124658241851800611e+01 6.657136706830395667e+01
1.831280139780985028e+00 3.015882196588204778e+01 7.515639101152113710e+01
1.847067037537717615e+00 2.887360989719019955e+01 8.521871603305558551e+01
1.862853935294450203e+00 2.746814365193428742e+01 9.098590841817348007e+01
1.878640833051182790e+00 2.600083943018791288e+01 9.141014073626129743e+01
1.894427730807915378e+00 2.458197856047049257e+01 8.711340219603609114e+01
1.910214628564648187e+00 2.325033868276801385e+01 8.003428051182400793e+01
1.926001526321380775e+00 2.205499255352284393e+01 7.615560618233170942e+01
1.941788424078113362e+00 2.084581714596308188e+01 7.201885750848408918e+01
1.957575321834845949e+00 1.978108387343657526e+01 6.591967965073820324e+01
1.973362219591578537e+00 1.876448266035753676e+01 6.537824927087036997e+01
1.989149117348311346e+00 1.771684439992975513e+01 6.626500244796463335e+01
2.004936015105043712e+00 1.667224502336622649e+01 6.496169231670816657e+01
2.020722912861776521e+00 1.566575721051336423e+01 6.379224106680560169e+01
2.036509810618509331e+00 1.465808184857722551e+01 6.093429708439967385e+01
2.052296708375241696e+00 1.374183017461378675e+01 5.852013677134203107e+01
2.068083606131974506e+00 1.281037901673885315e+01 5.810180890367316664e+01
2.083870503888706871e+00 1.190733554132677519e+01 5.487764412308620621e+01
2.099657401645439680e+00 1.107768350293581072e+01 5.158754027051530500e+01
2.115444299402172490e+00 1.027852109378287082e+01 4.973566306727303754e+01
2.131231197158904855e+00 9.507339847523125442e+00 4.780697352052477811e+01
2.147018094915637665e+00 8.769073487728173077e+00 4.702025084521252296e+01
2.162804992672370030e+00 8.022732062344543280e+00 4.588166924255633461e+01
2.178591890429102840e+00 7.320415045247250951e+00 4.266097945402686520e+01
2.194378788185835649e+00 6.675763020658956215e+00 3.900365200094245921e+01
2.210165685942568015e+00 6.088921712691133692e+00 3.477172052495826193e+01
2.225952583699300824e+00 5.577887827152561151e+00 3.018609568851381653e+01
2.241739481456033189e+00 5.135832100072103223e+00 2.502796646757121124e+01
2.257526379212765999e+00 4.787659931787602297e+00 1.943135942226969348e+01
2.273313276969498808e+00 4.522310331124713478e+00 1.431517996447347763e+01
2.289100174726231174e+00 4.335675366850861856e+00 9.250640123760296873e+00
2.304887072482963983e+00 4.230232511488448921e+00 5.200149446374957130e+00
2.320673970239696349e+00 4.171486911591559377e+00 2.058360996733218595e+00
2.336460867996429158e+00 4.165242242284701746e+00 -1.496302398377217457e+00
2.352247765753161524e+00 4.218730857544229274e+00 -5.170160752005776850e+00
2.368034663509894333e+00 4.328483840640275915e+00 -8.840395060957087381e+00
2.383821561266627143e+00 4.497855683457136600e+00 -1.245117778539435349e+01
2.399608459023359508e+00 4.721614781938118455e+00 -1.461092844581456340e+01
2.415395356780092317e+00 4.959178150467158375e+00 -1.659542987737615150e+01
2.431182254536824683e+00 5.245595491344444916e+00 -1.942014192574829323e+01
2.446969152293557492e+00 5.572345740473208409e+00 -2.005693775095657116e+01
2.462756050050290302e+00 5.878869142519449476e+00 -1.836910096031052220e+01
2.478542947807022667e+00 6.152327977960251104e+00 -1.720913462973749830e+01
2.494329845563755477e+00 6.422226840282474924e+00 -1.593075617372774389e+01
2.510116743320487842e+00 6.655322415764405086e+00 -1.420044766353062471e+01
2.525903641077220652e+00 6.870588871010456344e+00 -1.112692142578230659e+01
2.541690538833953461e+00 7.006641557556450906e+00 -6.062232329654617224e+00
2.557477436590685826e+00 7.061996554942089332e+00 -3.032806006096383289e+00
2.573264334347418636e+00 7.102398754224947375e+00 -1.465343920778041653e+00
2.589051232104151001e+00 7.108263024253634654e+00 1.175032073565244417e+00
2.604838129860883811e+00 7.065298531812435279e+00 3.890312929559279986e+00
2.620625027617616620e+00 6.985431079332339976e+00 6.172381511718185720e+00
2.636411925374348986e+00 6.870413020130351711e+00 7.229507902387394935e+00
2.652198823131081795e+00 6.757168075159379228e+00 7.193184324677686092e+00
2.667985720887814161e+00 6.643296889172314756e+00 8.395892626513791868e+00
2.683772618644546970e+00 6.492077878216822029e+00 1.066378499531125001e+01
2.699559516401279780e+00 6.306600722330798270e+00 1.267803978598885095e+01
2.715346414158012145e+00 6.091784042502433216e+00 1.444038796294730886e+01
2.731133311914744954e+00 5.850662865653594835e+00 1.661024809503977551e+01
2.746920209671477320e+00 5.567335465721721555e+00 1.830678480278040254e+01
2.762707107428210129e+00 5.272648185781593000e+00 1.869784324323834923e+01
2.778494005184942495e+00 4.976973586616885825e+00 1.819309399680146200e+01
2.794280902941675304e+00 4.698223156169331283e+00 1.643272218171548360e+01
2.810067800698408114e+00 4.458130176721816440e+00 1.507640838730418231e+01
2.825854698455140479e+00 4.222203720671096505e+00 1.338678107762877190e+01
2.841641596211873289e+00 4.035458688393239512e+00 9.839561546484009824e+00
2.857428493968605654e+00 3.911531416460254373e+00 6.579399860704730152e+00
2.873215391725338463e+00 3.827722062590026564e+00 5.035198872602049569e+00
2.889002289482071273e+00 3.752551076887086445e+00 3.863774673979857521e+00
2.904789187238803638e+00 3.705728031123680655e+00 1.588426579971059072e+00
2.920576084995536448e+00 3.702398420862927253e+00 -9.053660666091710718e-01
2.936362982752268813e+00 3.734313874175628989e+00 -1.443794236782286244e+00
2.952149880509001623e+00 3.747984484858610799e+00 -1.293047461013443034e+00
2.967936778265734432e+00 3.775140290298872880e+00 -1.217893151955962372e+00
2.983723676022466798e+00 3.786437994195718026e+00 -2.378292136557169645e+00
2.999510573779199607e+00 3.850231999889811352e+00 -4.038107229902039741e+00
3.015297471535931972e+00 3.913936366134090683e+00 -4.156607060178649782e+00
3.031084369292664782e+00 3.981471861237718013e+00 -5.927236334121077199e+00
3.046871267049397591e+00 4.101081714107611020e+00 -1.111137926978562085e+01
3.062658164806129957e+00 4.332300278174486152e+00 -1.654990611352879171e+01
3.078445062562862766e+00 4.623625065503217613e+00 -2.144914615396147184e+01
3.094231960319595132e+00 5.009531232778095422e+00 -2.599112822399668943e+01
3.110018858076327941e+00 5.444263633211944509e+00 -2.967103671757977068e+01
3.125805755833060751e+00 5.946358478771478495e+00 -3.381353476943531433e+01
3.141592653589793116e+00 6.511885265609542728e+00 -3.582254066330950337e+01
