0.000000000000000000e+00 1.818420916557035127e+02 1.254528281902956621e+01
1.578689775673262907e-02 1.816440405585101985e+02 2.509056563806363371e+01
3.157379551346525814e-02 1.810498872669301136e+02 5.018113127612907221e+01
4.736069327019788722e-02 1.800596317809633433e+02 7.527169691419180708e+01
6.314759102693051629e-02 1.786732741006098877e+02 8.781697973322317807e+01
7.893448878366314536e-02 1.772869164202564320e+02 8.781697973322407336e+01
9.472138654039577443e-02 1.759005587399029480e+02 8.781697973322407336e+01
1.105082842971284035e-01 1.745142010595494924e+02 8.781697973322407336e+01
1.262951820538610326e-01 1.731278433791960083e+02 8.781697973322496864e+01
1.420820798105936755e-01 1.717414856988425242e+02 8.781697973322317807e+01
1.578689775673262907e-01 1.703551280184890970e+02 8.781697973322317807e+01
1.736558753240589059e-01 1.689687703381356130e+02 8.781697973322496864e+01
1.894427730807915489e-01 1.675824126577821289e+02 8.781697973322317807e+01
2.052296708375241918e-01 1.661960549774287017e+02 8.781697973322407336e+01
2.210165685942568070e-01 1.648096972970751892e+02 8.781697973322496864e+01
2.368034663509894222e-01 1.634233396167217336e+02 8.781697973322226858e+01
2.525903641077220652e-01 1.620369819363683064e+02 8.781697973322407336e+01
2.683772618644547081e-01 1.606506242560147939e+02 8.781697973322496864e+01
2.841641596211873511e-01 1.592642665756613383e+02 8.781697973322226858e+01
2.999510573779199385e-01 1.578779088953079111e+02 8.781697973322407336e+01
3.157379551346525814e-01 1.564915512149543986e+02 8.781697973322496864e+01
3.315248528913852244e-01 1.551051935346009429e+02 8.781697973322317807e+01
3.473117506481178118e-01 1.537188358542474873e+02 8.781697973322407336e+01
3.630986484048504548e-01 1.523324781738940032e+02 8.781697973322407336e+01
3.788855461615830977e-01 1.509461204935405476e+02 8.781697973322317807e+01
3.946724439183157407e-01 1.495597628131870920e+02 8.781697973322407336e+01
4.104593416750483836e-01 1.481734051328336079e+02 8.781697973322407336e+01
4.262462394317809711e-01 1.467870474524801523e+02 8.781697973322407336e+01
4.420331371885136140e-01 1.454006897721266682e+02 8.781697973322407336e+01
4.578200349452462570e-01 1.440143320917732126e+02 8.781697973322317807e+01
4.736069327019788444e-01 1.426279744114197570e+02 8.781697973322317807e+01
4.893938304587114874e-01 1.412416167310663013e+02 8.781697973322407336e+01
5.051807282154441303e-01 1.398552590507128173e+02 8.781697973322407336e+01
5.209676259721767178e-01 1.384689013703593616e+02 8.781697973322407336e+01
5.367545237289094162e-01 1.370825436900058776e+02 8.781697973322407336e+01
5.525414214856420037e-01 1.356961860096524219e+02 8.781697973322407336e+01
5.683283192423747021e-01 1.343098283292989379e+02 8.781697973322317807e+01
5.841152169991072896e-01 1.329234706489455107e+02 8.781697973322317807e+01
5.999021147558398770e-01 1.315371129685920266e+02 8.781697973322496864e+01
6.156890125125725755e-01 1.301507552882385426e+02 8.781697973322407336e+01
6.314759102693051629e-01 1.287643976078850869e+02 8.781697973322361861e+01
6.472628080260377503e-01 1.273780399275316171e+02 8.781697973322407336e+01
6.630497057827704488e-01 1.259916822471781472e+02 8.781697973322407336e+01
6.788366035395030362e-01 1.246053245668246774e+02 8.781697973322407336e+01
6.946235012962356237e-01 1.232189668864712075e+02 8.781697973322361861e+01
7.104103990529683221e-01 1.218326092061177519e+02 8.781697973322361861e+01
7.261972968097009096e-01 1.204462515257642821e+02 8.781697973322452810e+01
7.419841945664336080e-01 1.190598938454107980e+02 8.781697973322452810e+01
7.577710923231661955e-01 1.176735361650573282e+02 8.781697973322317807e+01
7.735579900798987829e-01 1.162871784847038867e+02 8.781697973322361861e+01
7.893448878366314814e-01 1.149008208043504027e+02 8.781697973322452810e+01
8.051317855933640688e-01 1.135144631239969328e+02 8.781697973322407336e+01
8.209186833500967673e-01 1.121281054436434630e+02 8.781697973322361861e+01
8.367055811068293547e-01 1.107417477632900074e+02 8.781697973322361861e+01
8.524924788635619421e-01 1.093553900829365375e+02 8.781697973322407336e+01
8.682793766202946406e-01 1.079690324025830677e+02 8.781697973322407336e+01
8.840662743770272280e-01 1.065826747222295978e+02 8.781697973322361861e+01
8.998531721337598155e-01 1.051963170418761422e+02 8.781697973322407336e+01
9.156400698904925139e-01 1.038099593615226581e+02 8.781697973322407336e+01
9.314269676472251014e-01 1.024236016811692025e+02 8.781697973322361861e+01
9.472138654039576888e-01 1.010372440008157326e+02 8.781697973322407336e+01
9.630007631606903873e-01 9.965088632046226280e+01 8.781697973322361861e+01
9.787876609174229747e-01 9.826452864010880717e+01 8.781697973322361861e+01
9.945745586741556732e-01 9.687817095975533732e+01 8.781697973322407336e+01
1.010361456430888261e+00 9.549181327940186748e+01 8.781697973322361861e+01
1.026148354187620848e+00 9.410545559904841184e+01 8.781697973322361861e+01
1.041935251944353436e+00 9.271909791869494200e+01 8.781697973322407336e+01
1.057722149701086245e+00 9.133274023834147215e+01 8.781697973322361861e+01
1.073509047457818832e+00 8.994638255798801652e+01 8.781697973322361861e+01
1.089295945214551420e+00 8.856002487763454667e+01 8.781697973322452810e+01
1.105082842971284007e+00 8.717366719728106261e+01 8.781697973322452810e+01
1.120869740728016595e+00 8.578730951692759277e+01 8.781697973322361861e+01
1.136656638484749404e+00 8.440095183657413713e+01 8.781697973322361861e+01
1.152443536241481992e+00 8.301459415622066729e+01 8.781697973322407336e+01
1.168230433998214579e+00 8.162823647586719744e+01 8.781697973322407336e+01
1.184017331754947167e+00 8.024187879551372760e+01 8.781697973322407336e+01
1.199804229511679754e+00 7.885552111516025775e+01 8.781697973322317807e+01
1.215591127268412341e+00 7.746916343480681633e+01 8.781697973322317807e+01
1.231378025025145151e+00 7.608280575445334648e+01 8.781697973322452810e+01
1.247164922781877738e+00 7.469644807409986242e+01 8.781697973322407336e+01
1.262951820538610326e+00 7.331009039374640679e+01 8.781697973322361861e+01
1.278738718295342913e+00 7.192373271339293694e+01 8.781697973322407336e+01
1.294525616052075501e+00 7.053737503303946710e+01 8.781697973322361861e+01
1.310312513808808310e+00 6.915101735268601146e+01 8.781697973322407336e+01
1.326099411565540898e+00 6.776465967233252741e+01 6.879083648006054830e+01
1.341886309322273485e+00 6.697902954846435364e+01 5.927776485347833102e+01
1.357673207079006072e+00 6.589303564635352473e+01 7.830390810664231083e+01
1.373460104835738660e+00 6.450667796600005488e+01 8.765423145784137660e+01
1.389247002592471247e+00 6.312545886641368753e+01 9.116383963210741115e+01
1.405033900349204057e+00 6.162828953523355580e+01 1.056854190085348222e+02
1.420820798105936644e+00 5.978856905788331488e+01 1.180488237879112887e+02
1.436607695862669232e+00 5.790104011234895154e+01 1.389394952649620052e+02
1.452394593619401819e+00 5.540172184564332980e+01 1.318398111020207182e+02
1.468181491376134407e+00 5.373835687607986245e+01 8.105002646639646002e+01
1.483968389132867216e+00 5.284266488363238068e+01 5.934732074908375665e+01
1.499755286889599804e+00 5.186453670647625813e+01 4.672337980959495951e+01
1.515542184646332391e+00 5.136743044382625811e+01 1.840007530718971651e+01
1.531329082403064978e+00 5.128357649129468854e+01 5.197688427732978234e+00
1.547115980159797566e+00 5.120331969226631230e+01 6.770526283682580804e+00
1.562902877916530375e+00 5.106980527889515287e+01 3.361393161917199279e+01
1.578689775673262963e+00 5.014200028891897176e+01 7.112640260811166115e+01
1.594476673429995550e+00 4.882407478733823325e+01 7.702470375411607506e+01
1.610263571186728138e+00 4.771003804310127094e+01 8.544480184846057114e+01
1.626050468943460725e+00 4.612625808608638067e+01 1.066796942437868978e+02
1.641837366700193535e+00 4.434175519160894652e+01 1.117553425707414192e+02
1.657624264456926122e+00 4.259771775222053236e+01 1.061311621945701233e+02
1.673411162213658709e+00 4.099079157887117475e+01 9.288321463788470567e+01
1.689198059970391297e+00 3.966504212661065765e+01 8.602602341660160334e+01
1.704984957727123884e+00 3.827462350667882163e+01 8.640052771881575211e+01
1.720771855483856472e+00 3.693704953216128217e+01 7.776802478152072240e+01
1.736558753240589281e+00 3.581919179474098769e+01 6.348990887850796838e+01
1.752345650997321869e+00 3.493243213206272912e+01 5.456677426977764611e+01
1.768132548754054456e+00 3.409631162211761080e+01 5.254576833473494446e+01
1.783919446510787044e+00 3.327336278756389021e+01 5.626396120951697100e+01
1.799706344267519631e+00 3.231984481611078053e+01 6.265459941211858563e+01
1.815493242024252440e+00 3.129511927774757751e+01 6.907012558740049712e+01
1.831280139780985028e+00 3.013903879472483283e+01 7.572013351941617998e+01
1.847067037537717615e+00 2.890434726575324476e+01 8.074442543109800852e+01
1.862853935294450203e+00 2.758963081731110023e+01 8.318312359369255660e+01
1.878640833051182790e+00 2.627794033123468864e+01 8.567233867121309743e+01
1.894427730807915378e+00 2.488462991494587584e+01 8.230911381253602599e+01
1.910214628564648187e+00 2.367912920282313749e+01 7.218720826890492503e+01
1.926001526321380775e+00 2.260540576237554333e+01 6.914255271772987044e+01
1.941788424078113362e+00 2.149603638203454281e+01 7.109675055932656562e+01
1.957575321834845949e+00 2.036061149854351982e+01 7.139252043310295903e+01
1.973362219591578537e+00 1.924190354068885966e+01 7.094650739471916268e+01
1.989149117348311346e+00 1.812056098166810614e+01 6.862782163283036141e+01
2.004936015105043712e+00 1.707506273391930662e+01 6.729588485958622357e+01
2.020722912861776521e+00 1.599577447421382814e+01 6.958275144110338317e+01
2.036509810618509331e+00 1.487807116865362822e+01 6.860468465922301107e+01
2.052296708375241696e+00 1.382966418951775367e+01 6.443649675727219517e+01
2.068083606131974506e+00 1.284356639643544895e+01 6.086243392200859859e+01
2.083870503888706871e+00 1.190800614641246291e+01 5.790983012886769643e+01
2.099657401645439680e+00 1.101513326172707075e+01 5.654859360228849852e+01
2.115444299402172490e+00 1.012255241543975615e+01 5.506638949959545926e+01
2.131231197158904855e+00 9.276478340002013212e+00 5.062482389868754495e+01
2.147018094915637665e+00 8.524134577757406461e+00 4.627531188862483447e+01
2.162804992672370030e+00 7.815391105108744796e+00 4.366024321892096083e+01
2.178591890429102840e+00 7.145614986295037774e+00 4.112812682527292196e+01
2.194378788185835649e+00 6.516820038875712484e+00 3.841824796778060858e+01
2.210165685942568015e+00 5.932605080974730605e+00 3.435867116215542438e+01
2.225952583699300824e+00 5.431986381487421411e+00 2.902001263830100797e+01
2.241739481456033189e+00 5.016333136134837112e+00 2.497207288170415040e+01
2.257526379212765999e+00 4.643523258773143425e+00 2.171625369709827069e+01
2.273313276969498808e+00 4.330668582584122461e+00 1.672511035612344088e+01
2.289100174726231174e+00 4.115448044448761777e+00 1.110592993712917753e+01
2.304887072482963983e+00 3.980012221762333713e+00 5.579115154085694250e+00
2.320673970239696349e+00 3.939294203427584851e+00 8.709053982129720817e-01
2.336460867996429158e+00 3.952514432807584299e+00 -2.290334746653984954e+00
2.352247765753161524e+00 4.011608764375822034e+00 -5.814730533189846007e+00
2.368034663509894333e+00 4.136107545628423310e+00 -9.220709374303872607e+00
2.383821561266627143e+00 4.302741556649184673e+00 -1.203791801122782879e+01
2.399608459023359508e+00 4.516190307322791142e+00 -1.450751163245838704e+01
2.415395356780092317e+00 4.760798762341644341e+00 -1.566470164449766500e+01
2.431182254536824683e+00 5.010784393825603367e+00 -1.610932436603969364e+01
2.446969152293557492e+00 5.269431275735064979e+00 -1.680518917123960776e+01
2.462756050050290302e+00 5.541388000283423487e+00 -1.674329644405551676e+01
2.478542947807022667e+00 5.798080693881003889e+00 -1.651558398244685577e+01
2.494329845563755477e+00 6.062847671730662746e+00 -1.535642652062242419e+01
2.510116743320487842e+00 6.282941364660691086e+00 -1.375070746242901443e+01
2.525903641077220652e+00 6.497009697314877208e+00 -1.272243490125422127e+01
2.541690538833953461e+00 6.684636922666265413e+00 -1.193041926820091092e+01
2.557477436590685826e+00 6.873698315678958615e+00 -1.124511547767444597e+01
2.573264334347418636e+00 7.039687899283661565e+00 -1.022783533126324507e+01
2.589051232104151001e+00 7.196629896973659513e+00 -8.205265646604178897e+00
2.604838129860883811e+00 7.298759278943203199e+00 -5.125182720206514553e+00
2.620625027617616620e+00 7.358451368150605632e+00 -1.251048553723784984e+00
2.636411925374348986e+00 7.338259630155894442e+00 2.757252382534549628e+00
2.652198823131081795e+00 7.271394445245444871e+00 6.919511920669115135e+00
2.667985720887814161e+00 7.119784375719702574e+00 1.146964501293212457e+01
2.683772618644546970e+00 6.909254218995089403e+00 1.563922567746898729e+01
2.699559516401279780e+00 6.625994662190361595e+00 1.915682495239783378e+01
2.715346414158012145e+00 6.304400545260831379e+00 2.094972127762660463e+01
2.731133311914744954e+00 5.964532446506487062e+00 2.140784397366229186e+01
2.746920209671477320e+00 5.628473657252248685e+00 2.141519495811220608e+01
2.762707107428210129e+00 5.288373460018060079e+00 2.033308894747997897e+01
2.778494005184942495e+00 4.986480864667415247e+00 1.886502280679809829e+01
2.794280902941675304e+00 4.692733087559358474e+00 1.763321329700816520e+01
2.810067800698408114e+00 4.429733393782362860e+00 1.579318940133734017e+01
2.825854698455140479e+00 4.194082154896106474e+00 1.376615823443469466e+01
2.841641596211873289e+00 3.995083528682315865e+00 1.137187030082352202e+01
2.857428493968605654e+00 3.835029047412255920e+00 8.592371193993944445e+00
2.873215391725338463e+00 3.723789757627361752e+00 6.864867938646846746e+00
2.889002289482071273e+00 3.618279110890476602e+00 5.727763030724577931e+00
2.904789187238803638e+00 3.542942538945677899e+00 3.862451576768707096e+00
2.920576084995536448e+00 3.496326854624919989e+00 1.004005816537483886e+00
2.936362982752268813e+00 3.511242264599993668e+00 -2.041227183530172962e+00
2.952149880509001623e+00 3.560776144314228286e+00 -2.951241055919283873e+00
2.967936778265734432e+00 3.604424146210532420e+00 -2.688510210382506926e+00
2.983723676022466798e+00 3.645662615932709016e+00 -3.955363327720241795e+00
2.999510573779199607e+00 3.729309979101430805e+00 -6.886901930489649715e+00
3.015297471535931972e+00 3.863108249207278355e+00 -9.826449134303402388e+00
3.031084369292664782e+00 4.039568274691394123e+00 -1.122145578953385581e+01
3.046871267049397591e+00 4.217412199669411166e+00 -1.079049893133002946e+01
3.062658164806129957e+00 4.380265281437473845e+00 -1.236680023566538544e+01
3.078445062562862766e+00 4.607879021466184000e+00 -1.752861299743916135e+01
3.094231960319595132e+00 4.933710123853287222e+00 -2.293250091243006494e+01
3.110018858076327941e+00 5.331945115887606335e+00 -2.563392104391839865e+01
3.125805755833060751e+00 5.743070305102280670e+00 -2.494181020310037056e+01
3.141592653589793116e+00 6.119452730975958765e+00 -2.384144318114447003e+01
