0.000000000000000000e+00 2.278655605740086116e+02 1.728816378336108528e+01
1.578689775673262907e-02 2.275926340999590423e+02 3.457632756672306584e+01
3.157379551346525814e-02 2.267738546778103057e+02 6.915265513344793646e+01
4.736069327019788722e-02 2.254092223075623735e+02 1.037289827001728071e+02
6.314759102693051629e-02 2.234987369892152742e+02 1.210171464835347876e+02
7.893448878366314536e-02 2.215882516708681749e+02 1.210171464835347876e+02
9.472138654039577443e-02 2.196777663525210755e+02 1.210171464835338924e+02
1.105082842971284035e-01 2.177672810341740046e+02 1.210171464835329829e+02
1.262951820538610326e-01 2.158567957158269337e+02 1.210171464835338924e+02
1.420820798105936755e-01 2.139463103974798344e+02 1.210171464835347876e+02
1.578689775673262907e-01 2.120358250791327350e+02 1.210171464835347876e+02
1.736558753240589059e-01 2.101253397607856357e+02 1.210171464835347876e+02
1.894427730807915489e-01 2.082148544424385364e+02 1.210171464835329829e+02
2.052296708375241918e-01 2.063043691240914939e+02 1.210171464835329829e+02
2.210165685942568070e-01 2.043938838057443945e+02 1.210171464835338924e+02
2.368034663509894222e-01 2.024833984873973236e+02 1.210171464835347876e+02
2.525903641077220652e-01 2.005729131690501958e+02 1.210171464835338924e+02
2.683772618644547081e-01 1.986624278507031534e+02 1.210171464835329829e+02
2.841641596211873511e-01 1.967519425323560540e+02 1.210171464835338924e+02
2.999510573779199385e-01 1.948414572140089831e+02 1.210171464835347876e+02
3.157379551346525814e-01 1.929309718956618553e+02 1.210171464835338924e+02
3.315248528913852244e-01 1.910204865773148128e+02 1.210171464835329829e+02
3.473117506481178118e-01 1.891100012589677135e+02 1.210171464835347876e+02
3.630986484048504548e-01 1.871995159406206142e+02 1.210171464835347876e+02
3.788855461615830977e-01 1.852890306222735148e+02 1.210171464835329829e+02
3.946724439183157407e-01 1.833785453039264723e+02 1.210171464835329829e+02
4.104593416750483836e-01 1.814680599855793730e+02 1.210171464835347876e+02
4.262462394317809711e-01 1.795575746672322737e+02 1.210171464835347876e+02
4.420331371885136140e-01 1.776470893488851743e+02 1.210171464835329829e+02
4.578200349452462570e-01 1.757366040305381318e+02 1.210171464835329829e+02
4.736069327019788444e-01 1.738261187121910325e+02 1.210171464835347876e+02
4.893938304587114874e-01 1.719156333938439332e+02 1.210171464835347876e+02
5.051807282154441303e-01 1.700051480754968338e+02 1.210171464835329829e+02
5.209676259721767178e-01 1.680946627571497913e+02 1.210171464835338924e+02
5.367545237289094162e-01 1.661841774388026636e+02 1.210171464835347876e+02
5.525414214856420037e-01 1.642736921204555927e+02 1.210171464835338924e+02
5.683283192423747021e-01 1.623632068021084933e+02 1.210171464835338924e+02
5.841152169991072896e-01 1.604527214837614224e+02 1.210171464835338924e+02
5.999021147558398770e-01 1.585422361654143231e+02 1.210171464835338924e+02
6.156890125125725755e-01 1.566317508470672522e+02 1.210171464835338924e+02
6.314759102693051629e-01 1.547212655287201528e+02 1.210171464835329829e+02
6.472628080260377503e-01 1.528107802103731103e+02 1.210171464835338924e+02
6.630497057827704488e-01 1.509002948920259826e+02 1.210171464835347876e+02
6.788366035395030362e-01 1.489898095736789116e+02 1.210171464835329829e+02
6.946235012962356237e-01 1.470793242553318407e+02 1.210171464835338924e+02
7.104103990529683221e-01 1.451688389369847414e+02 1.210171464835338924e+02
7.261972968097009096e-01 1.432583536186376705e+02 1.210171464835329829e+02
7.419841945664336080e-01 1.413478683002905996e+02 1.210171464835338924e+02
7.577710923231661955e-01 1.394373829819435002e+02 1.210171464835347876e+02
7.735579900798987829e-01 1.375268976635964009e+02 1.210171464835338924e+02
7.893448878366314814e-01 1.356164123452493300e+02 1.210171464835329829e+02
8.051317855933640688e-01 1.337059270269022591e+02 1.210171464835338924e+02
8.209186833500967673e-01 1.317954417085551597e+02 1.210171464835347876e+02
8.367055811068293547e-01 1.298849563902080604e+02 1.210171464835338924e+02
8.524924788635619421e-01 1.279744710718609895e+02 1.210171464835334376e+02
8.682793766202946406e-01 1.260639857535139043e+02 1.210171464835338924e+02
8.840662743770272280e-01 1.241535004351668192e+02 1.210171464835338924e+02
8.998531721337598155e-01 1.222430151168197341e+02 1.210171464835338924e+02
9.156400698904925139e-01 1.203325297984726490e+02 1.210171464835338924e+02
9.314269676472251014e-01 1.184220444801255638e+02 1.210171464835338924e+02
9.472138654039576888e-01 1.165115591617784787e+02 1.210171464835338924e+02
9.630007631606903873e-01 1.146010738434313936e+02 1.210171464835338924e+02
9.787876609174229747e-01 1.126905885250843085e+02 1.210171464835338924e+02
9.945745586741556732e-01 1.107801032067372233e+02 1.210171464835347876e+02
1.010361456430888261e+00 1.088696178883901098e+02 1.210171464835343329e+02
1.026148354187620848e+00 1.069591325700430389e+02 1.210171464835334376e+02
1.041935251944353436e+00 1.050486472516959537e+02 1.210171464835343329e+02
1.057722149701086245e+00 1.031381619333488544e+02 1.210171464835343329e+02
1.073509047457818832e+00 1.012276766150017693e+02 1.210171464835343329e+02
1.089295945214551420e+00 9.931719129665466994e+01 1.210171464835347876e+02
1.105082842971284007e+00 9.740670597830757060e+01 1.210171464835338924e+02
1.120869740728016595e+00 9.549622065996049969e+01 1.210171464835329829e+02
1.136656638484749404e+00 9.358573534161342877e+01 1.210171464835334376e+02
1.152443536241481992e+00 9.167525002326634365e+01 1.210171464835338924e+02
1.168230433998214579e+00 8.976476470491925852e+01 1.210171464835343329e+02
1.184017331754947167e+00 8.785427938657215918e+01 1.210171464835347876e+02
1.199804229511679754e+00 8.594379406822505985e+01 1.210171464835334376e+02
1.215591127268412341e+00 8.403330874987800314e+01 1.210171464835329829e+02
1.231378025025145151e+00 8.212282343153091801e+01 1.213465111109197352e+02
1.247164922781877738e+00 8.020193882178938338e+01 1.195692400051217135e+02
1.262951820538610326e+00 7.834756869790875555e+01 1.192398753777358564e+02
1.278738718295342913e+00 7.643708337956167043e+01 1.193638611146458146e+02
1.294525616052075501e+00 7.457879855537726144e+01 1.016441932117169387e+02
1.310312513808808310e+00 7.322779040796376648e+01 7.659169980102744546e+01
1.326099411565540898e+00 7.216050788783090297e+01 9.652456962644920679e+01
1.341886309322273485e+00 7.018014338455301981e+01 1.285536755958578681e+02
1.357673207079006072e+00 6.810158042206293771e+01 1.229230907367728491e+02
1.373460104835738660e+00 6.629899485374701840e+01 1.119748257863875125e+02
1.389247002592471247e+00 6.456611017002764186e+01 1.115570511004302716e+02
1.405033900349204057e+00 6.277671533421683847e+01 1.326381830220825861e+02
1.420820798105936644e+00 6.037821930201082665e+01 1.570399302935576600e+02
1.436607695862669232e+00 5.781836868767921089e+01 1.211266095748374880e+02
1.452394593619401819e+00 5.655379250005556457e+01 7.433332612170995901e+01
1.468181491376134407e+00 5.547138344887661532e+01 8.586612002427406765e+01
1.483968389132867216e+00 5.384267318487447085e+01 1.053791541518813801e+02
1.499755286889599804e+00 5.214416358430317899e+01 9.934258597447657735e+01
1.515542184646332391e+00 5.070605068953750560e+01 8.325976318145058030e+01
1.531329082403064978e+00 4.951533684711251482e+01 7.954745726961949970e+01
1.547115980159797566e+00 4.819443554009042430e+01 9.361678297422947992e+01
1.562902877916530375e+00 4.655949968485573720e+01 1.007566826114568954e+02
1.578689775673262963e+00 4.501316464670116346e+01 8.827355259971939461e+01
1.594476673429995550e+00 4.377236858582507750e+01 6.928263096883856065e+01
1.610263571186728138e+00 4.282564902385617955e+01 6.965022582552757058e+01
1.626050468943460725e+00 4.157324659814319290e+01 7.890386210150940371e+01
1.641837366700193535e+00 4.033435461664046073e+01 7.608714531798992198e+01
1.657624264456926122e+00 3.917088663066966348e+01 7.437960399840331149e+01
1.673411162213658709e+00 3.798590820962235171e+01 7.478390811519358294e+01
1.689198059970391297e+00 3.680967480814276627e+01 7.403616922311839232e+01
1.704984957727123884e+00 3.564830534197130163e+01 7.851583771820570234e+01
1.720771855483856472e+00 3.433063180345971688e+01 7.878102085924717812e+01
1.736558753240589281e+00 3.316088949901939031e+01 7.815750174722117549e+01
1.752345650997321869e+00 3.186290282544965180e+01 8.198531826860998706e+01
1.768132548754054456e+00 3.057230182489993098e+01 7.957969139311104811e+01
1.783919446510787044e+00 2.935026992237889232e+01 8.025818308418652691e+01
1.799706344267519631e+00 2.803824636391756897e+01 8.347625163743960286e+01
1.815493242024252440e+00 2.671460782294780500e+01 8.376063550482197684e+01
1.831280139780985028e+00 2.539360518641042219e+01 8.358527750473410833e+01
1.847067037537717615e+00 2.407550336307708250e+01 8.068773605758343592e+01
1.862853935294450203e+00 2.284598710768382546e+01 7.715816404726871269e+01
1.878640833051182790e+00 2.163932726925421335e+01 7.740901774540461133e+01
1.894427730807915378e+00 2.040189061049221664e+01 7.771143399808448748e+01
1.910214628564648187e+00 1.918568234314054166e+01 7.732226613670600557e+01
1.926001526321380775e+00 1.796053319085412170e+01 7.739248748607883499e+01
1.941788424078113362e+00 1.674210776897666975e+01 7.741386641443831707e+01
1.957575321834845949e+00 1.551628360277793028e+01 7.765745228392157173e+01
1.973362219591578537e+00 1.429016725046744440e+01 7.666359733722764247e+01
1.989149117348311346e+00 1.309572285712566497e+01 7.405146300917350288e+01
2.004936015105043712e+00 1.195208149994286373e+01 7.117524656747944789e+01
2.020722912861776521e+00 1.084845017638359899e+01 6.834588627470849076e+01
2.036509810618509331e+00 9.794142462518665937e+00 6.407014648090843423e+01
2.052296708375241696e+00 8.825512472877630188e+00 5.817223981242843678e+01
2.068083606131974506e+00 7.957424058120787791e+00 5.265238469806047306e+01
2.083870503888706871e+00 7.163076845124761505e+00 4.732384394002167483e+01
2.099657401645439680e+00 6.463230686647401413e+00 4.125220210901140661e+01
2.115444299402172490e+00 5.860588251254695180e+00 3.453506422666031739e+01
2.131231197158904855e+00 5.372827630710439450e+00 2.684284229081157136e+01
2.147018094915637665e+00 5.013057837764413271e+00 1.935695645845704860e+01
2.162804992672370030e+00 4.761655045728065971e+00 1.295230767622907742e+01
2.178591890429102840e+00 4.604104323767669982e+00 6.273434407705057225e+00
2.194378788185835649e+00 4.563578910572049452e+00 -2.900168132548738842e-01
2.210165685942568015e+00 4.613261255324846211e+00 -5.974846871631331879e+00
2.225952583699300824e+00 4.752227503921204743e+00 -1.120854921528387038e+01
2.241739481456033189e+00 4.967157696250830590e+00 -1.577537532828931433e+01
2.257526379212765999e+00 5.250315978684776397e+00 -1.960959490270101568e+01
2.273313276969498808e+00 5.586307035810603061e+00 -2.318060663746157957e+01
2.289100174726231174e+00 5.982215712534063812e+00 -2.591075802395145899e+01
2.304887072482963983e+00 6.404408011257725519e+00 -2.709384906832661599e+01
2.320673970239696349e+00 6.837671362690099564e+00 -2.761550932197531694e+01
2.336460867996429158e+00 7.276334455589967831e+00 -2.655659406641746045e+01
2.352247765753161524e+00 7.676163833277269255e+00 -2.376516121892415967e+01
2.368034663509894333e+00 8.026690796260814054e+00 -2.045644369043646194e+01
2.383821561266627143e+00 8.322051403291826688e+00 -1.617452352104774249e+01
2.399608459023359508e+00 8.537381894442109598e+00 -1.171592638799160113e+01
2.415395356780092317e+00 8.691967667317085144e+00 -7.876647325953361367e+00
2.431182254536824683e+00 8.786077546443443964e+00 -3.772754401650727729e+00
2.446969152293557492e+00 8.811087843317331192e+00 -6.991282187152418615e-02
2.462756050050290302e+00 8.788284959584984790e+00 3.083334005114453991e+00
2.478542947807022667e+00 8.713735285940133579e+00 6.362962823411723257e+00
2.494329845563755477e+00 8.587382072538801481e+00 9.029621707892665938e+00
2.510116743320487842e+00 8.428635856571183638e+00 1.178004770793418210e+01
2.525903641077220652e+00 8.215441255069622528e+00 1.468248678399570295e+01
2.541690538833953461e+00 7.965054021224147185e+00 1.698458297721136390e+01
2.557477436590685826e+00 7.679173505265667998e+00 1.873292215952935535e+01
2.573264334347418636e+00 7.373584567589505312e+00 1.985497242681571706e+01
2.589051232104151001e+00 7.052276665935897526e+00 2.057541736100823471e+01
2.604838129860883811e+00 6.723940547228828279e+00 2.102395720520216926e+01
2.620625027617616620e+00 6.388470540254999719e+00 2.115749812155715048e+01
2.636411925374348986e+00 6.055918027962257533e+00 2.102025680699145838e+01
2.652198823131081795e+00 5.724781250190525306e+00 2.009616928589260354e+01
2.667985720887814161e+00 5.421405688325503291e+00 1.850425768208111421e+01
2.683772618644546970e+00 5.140531602008027612e+00 1.691477730388942291e+01
2.699559516401279780e+00 4.887341968576695450e+00 1.452901625992272017e+01
2.715346414158012145e+00 4.681795413605415845e+00 1.138814828499406850e+01
2.731133311914744954e+00 4.527774903349272684e+00 7.161458253708407717e+00
2.746920209671477320e+00 4.455680995124608579e+00 2.186678503840187915e+00
2.762707107428210129e+00 4.458733163415332434e+00 -2.367075317239940357e+00
2.778494005184942495e+00 4.530418547156113362e+00 -7.882198968354777513e+00
2.794280902941675304e+00 4.707604101838612998e+00 -1.534810070192579623e+01
2.810067800698408114e+00 5.015016340238791059e+00 -2.332428755329754111e+01
2.825854698455140479e+00 5.444040387543692461e+00 -3.094700710584335468e+01
2.841641596211873289e+00 5.992130814352445434e+00 -3.839922719556312103e+01
2.857428493968605654e+00 6.656449734891496384e+00 -4.655521089104778554e+01
2.873215391725338463e+00 7.462055523112638866e+00 -5.536128039762906639e+01
2.889002289482071273e+00 8.404415481529849075e+00 -6.182421363154981009e+01
2.904789187238803638e+00 9.414080602095983963e+00 -6.595168157111287144e+01
2.920576084995536448e+00 1.048676038922534204e+01 -6.975887330433768341e+01
2.936362982752268813e+00 1.161663300305687230e+01 -7.545512464678634501e+01
2.952149880509001623e+00 1.286916506526600656e+01 -8.030859030663171438e+01
2.967936778265734432e+00 1.415228001137312042e+01 -7.953953737327560702e+01
2.983723676022466798e+00 1.538053015352543795e+01 -7.658524799960946439e+01
2.999510573779199607e+00 1.657036697106081391e+01 -7.911956977749845521e+01
3.015297471535931972e+00 1.787863527079352011e+01 -8.387064248643788744e+01
3.031084369292664782e+00 1.921848148651055510e+01 -8.633160142917061819e+01
3.046871267049397591e+00 2.060445160066813841e+01 -8.474830777190724973e+01
3.062658164806129957e+00 2.189430722621297321e+01 -8.283230501854536953e+01
3.078445062562862766e+00 2.321978186123267207e+01 -8.970140808379875352e+01
3.094231960319595132e+00 2.472652114232073473e+01 -1.003391401165995376e+02
3.110018858076327941e+00 2.638786935327112460e+01 -1.035849870885344473e+02
3.125805755833060751e+00 2.799709234291906057e+01 -1.003002415895845303e+02
3.141592653589793116e+00 2.955472867117183000e+01 -9.866639743001344698e+01
