0.000000000000000000e+00 1.500175396795481220e+02 9.647150983069193941e+00
1.578689775673262907e-02 1.498652410933346459e+02 1.929430196613838788e+01
3.157379551346525814e-02 1.494083453346942179e+02 3.858860393227947583e+01
4.736069327019788722e-02 1.486468524036267524e+02 5.788290589841966494e+01
6.314759102693051629e-02 1.475807623001323634e+02 6.753005688148795116e+01
7.893448878366314536e-02 1.465146721966379744e+02 6.753005688148886065e+01
9.472138654039577443e-02 1.454485820931435569e+02 6.753005688148795116e+01
1.105082842971284035e-01 1.443824919896491963e+02 6.753005688148795116e+01
1.262951820538610326e-01 1.433164018861547788e+02 6.753005688148886065e+01
1.420820798105936755e-01 1.422503117826603898e+02 6.753005688148795116e+01
1.578689775673262907e-01 1.411842216791660007e+02 6.753005688148795116e+01
1.736558753240589059e-01 1.401181315756716117e+02 6.753005688148886065e+01
1.894427730807915489e-01 1.390520414721771942e+02 6.753005688148886065e+01
2.052296708375241918e-01 1.379859513686828052e+02 6.753005688148886065e+01
2.210165685942568070e-01 1.369198612651883877e+02 6.753005688148886065e+01
2.368034663509894222e-01 1.358537711616939987e+02 6.753005688148795116e+01
2.525903641077220652e-01 1.347876810581996097e+02 6.753005688148886065e+01
2.683772618644547081e-01 1.337215909547051922e+02 6.753005688148886065e+01
2.841641596211873511e-01 1.326555008512108031e+02 6.753005688148795116e+01
2.999510573779199385e-01 1.315894107477164141e+02 6.753005688148886065e+01
3.157379551346525814e-01 1.305233206442219966e+02 6.753005688148975594e+01
3.315248528913852244e-01 1.294572305407275792e+02 6.753005688148886065e+01
3.473117506481178118e-01 1.283911404372331901e+02 6.753005688148840591e+01
3.630986484048504548e-01 1.273250503337387869e+02 6.753005688148840591e+01
3.788855461615830977e-01 1.262589602302443978e+02 6.753005688148795116e+01
3.946724439183157407e-01 1.251928701267500088e+02 6.753005688148886065e+01
4.104593416750483836e-01 1.241267800232555913e+02 6.753005688148886065e+01
4.262462394317809711e-01 1.230606899197612023e+02 6.753005688148840591e+01
4.420331371885136140e-01 1.219945998162667991e+02 6.753005688148886065e+01
4.578200349452462570e-01 1.209285097127723958e+02 6.753005688148840591e+01
4.736069327019788444e-01 1.198624196092780068e+02 6.753005688148795116e+01
4.893938304587114874e-01 1.187963295057836177e+02 6.753005688148886065e+01
5.051807282154441303e-01 1.177302394022892003e+02 6.753005688148886065e+01
5.209676259721767178e-01 1.166641492987948112e+02 6.753005688148840591e+01
5.367545237289094162e-01 1.155980591953004080e+02 6.753005688148886065e+01
5.525414214856420037e-01 1.145319690918060047e+02 6.753005688148840591e+01
5.683283192423747021e-01 1.134658789883116157e+02 6.753005688148840591e+01
5.841152169991072896e-01 1.123997888848172124e+02 6.753005688148886065e+01
5.999021147558398770e-01 1.113336987813228092e+02 6.753005688148840591e+01
6.156890125125725755e-01 1.102676086778284201e+02 6.753005688148840591e+01
6.314759102693051629e-01 1.092015185743340169e+02 6.753005688148840591e+01
6.472628080260377503e-01 1.081354284708396278e+02 6.753005688148840591e+01
6.630497057827704488e-01 1.070693383673452246e+02 6.753005688148886065e+01
6.788366035395030362e-01 1.060032482638508213e+02 6.753005688148840591e+01
6.946235012962356237e-01 1.049371581603564323e+02 6.753005688148840591e+01
7.104103990529683221e-01 1.038710680568620290e+02 6.753005688148886065e+01
7.261972968097009096e-01 1.028049779533676258e+02 6.753005688148840591e+01
7.419841945664336080e-01 1.017388878498732367e+02 6.753005688148840591e+01
7.577710923231661955e-01 1.006727977463788335e+02 6.753005688148886065e+01
7.735579900798987829e-01 9.960670764288443024e+01 6.753005688148840591e+01
7.893448878366314814e-01 9.854061753939004120e+01 6.753005688148840591e+01
8.051317855933640688e-01 9.747452743589563795e+01 6.753005688148886065e+01
8.209186833500967673e-01 9.640843733240123470e+01 6.753005688148840591e+01
8.367055811068293547e-01 9.534234722890684566e+01 6.753005688148840591e+01
8.524924788635619421e-01 9.427625712541244241e+01 6.753005688148886065e+01
8.682793766202946406e-01 9.321016702191803915e+01 6.753005688148886065e+01
8.840662743770272280e-01 9.214407691842363590e+01 6.753005688148840591e+01
8.998531721337598155e-01 9.107798681492924686e+01 6.753005688148840591e+01
9.156400698904925139e-01 9.001189671143484361e+01 6.753005688148840591e+01
9.314269676472251014e-01 8.894580660794045457e+01 6.753005688148840591e+01
9.472138654039576888e-01 8.787971650444605132e+01 6.753005688148886065e+01
9.630007631606903873e-01 8.681362640095164807e+01 6.753005688148840591e+01
9.787876609174229747e-01 8.574753629745725902e+01 6.753005688148840591e+01
9.945745586741556732e-01 8.468144619396285577e+01 6.753005688148886065e+01
1.010361456430888261e+00 8.361535609046845252e+01 6.753005688148886065e+01
1.026148354187620848e+00 8.254926598697404927e+01 6.753005688148840591e+01
1.041935251944353436e+00 8.148317588347966023e+01 6.753005688148840591e+01
1.057722149701086245e+00 8.041708577998525698e+01 6.753005688148886065e+01
1.073509047457818832e+00 7.935099567649085373e+01 6.753005688148840591e+01
1.089295945214551420e+00 7.828490557299646468e+01 6.753005688148840591e+01
1.105082842971284007e+00 7.721881546950206143e+01 6.753005688148886065e+01
1.120869740728016595e+00 7.615272536600765818e+01 6.753005688148840591e+01
1.136656638484749404e+00 7.508663526251326914e+01 6.753005688148840591e+01
1.152443536241481992e+00 7.402054515901886589e+01 6.753005688148886065e+01
1.168230433998214579e+00 7.295445505552446264e+01 6.753005688148840591e+01
1.184017331754947167e+00 7.188836495203007360e+01 6.753005688148840591e+01
1.199804229511679754e+00 7.082227484853567034e+01 6.753005688148886065e+01
1.215591127268412341e+00 6.975618474504126709e+01 6.753005688148840591e+01
1.231378025025145151e+00 6.869009464154687805e+01 6.753005688148840591e+01
1.247164922781877738e+00 6.762400453805247480e+01 6.555591615231028868e+01
1.262951820538610326e+00 6.662024555025595873e+01 6.753005688148840591e+01
1.278738718295342913e+00 6.549182433106368251e+01 6.950419761066696367e+01
1.294525616052075501e+00 6.442573422756927926e+01 5.128630871243741751e+01
1.310312513808808310e+00 6.387252090713673169e+01 4.141560506654460028e+01
1.326099411565540898e+00 6.311808638213176437e+01 4.898796141059887077e+01
1.341886309322273485e+00 6.232578503093695588e+01 5.555588967768629516e+01
1.357673207079006072e+00 6.136397608187986208e+01 5.205611095926491316e+01
1.373460104835738660e+00 6.068217602828286772e+01 3.673054427186708182e+01
1.389247002592471247e+00 6.020425338794164816e+01 2.641133788603851329e+01
1.405033900349204057e+00 5.984826984663204996e+01 4.121569466116060454e+01
1.420820798105936644e+00 5.890291747276474155e+01 5.644299532957741405e+01
1.436607695862669232e+00 5.806615025392849816e+01 5.493475209581734475e+01
1.452394593619401819e+00 5.716841884350849767e+01 5.080360631719941011e+01
1.468181491376134407e+00 5.646208757672265222e+01 6.086106480436804844e+01
1.483968389132867216e+00 5.524680402864362350e+01 8.724462753488613487e+01
1.499755286889599804e+00 5.370744354728771697e+01 1.059110191730518835e+02
1.515542184646332391e+00 5.190279116665098513e+01 1.085878812345550557e+02
1.531329082403064978e+00 5.027891198994742439e+01 9.984705699335712836e+01
1.547115980159797566e+00 4.875024060652141600e+01 8.945691436051662038e+01
1.562902877916530375e+00 4.745441766866289868e+01 8.440716520747290019e+01
1.578689775673262963e+00 4.608518603238938738e+01 7.881054953952657627e+01
1.594476673429995550e+00 4.496606949319806290e+01 6.424003000862350632e+01
1.610263571186728138e+00 4.405688446111823708e+01 5.662869026090625368e+01
1.626050468943460725e+00 4.317808680670484733e+01 5.804942561087307951e+01
1.641837366700193535e+00 4.222404376720641750e+01 5.405597351745301893e+01
1.657624264456926122e+00 4.147133455258349244e+01 5.499604170275469528e+01
1.673411162213658709e+00 4.048760999243363301e+01 6.253326034210648032e+01
1.689198059970391297e+00 3.949692217775153580e+01 7.046608193985207436e+01
1.704984957727123884e+00 3.826272833062965617e+01 8.092633095814197475e+01
1.720771855483856472e+00 3.694177075242414787e+01 8.552579772899966315e+01
1.736558753240589281e+00 3.556235428200822923e+01 9.021838018881346954e+01
1.752345650997321869e+00 3.409323406478648621e+01 1.014916259853362277e+02
1.768132548754054456e+00 3.235787843681812603e+01 1.086850153795344482e+02
1.783919446510787044e+00 3.066163561381523905e+01 1.077345193494593474e+02
1.799706344267519631e+00 2.895629075313683032e+01 1.034919364404544808e+02
1.815493242024252440e+00 2.739400237535178562e+01 9.548148664594722845e+01
1.831280139780985028e+00 2.594157781845602884e+01 8.922575318175748293e+01
1.847067037537717615e+00 2.457680668985605266e+01 8.647728514621091733e+01
1.862853935294450203e+00 2.321116170068993867e+01 8.572080513691038561e+01
1.878640833051182790e+00 2.187027551721364205e+01 8.361925774852902293e+01
1.894427730807915378e+00 2.057098435555013793e+01 8.080394787049003469e+01
1.910214628564648187e+00 1.931898819047008331e+01 7.932687945450972222e+01
1.926001526321380775e+00 1.806633368493213965e+01 7.919901432966430832e+01
1.941788424078113362e+00 1.681837470715725757e+01 7.833736824491715822e+01
1.957575321834845949e+00 1.559292563890409866e+01 7.566460860139960687e+01
1.973362219591578537e+00 1.442935582757028179e+01 7.237710812991126375e+01
1.989149117348311346e+00 1.330770562695431636e+01 7.072347088971814344e+01
2.004936015105043712e+00 1.219634741969580816e+01 6.930680118731724804e+01
2.020722912861776521e+00 1.111942685857357027e+01 6.699306223813577787e+01
2.036509810618509331e+00 1.008112217176805814e+01 6.390579901504014515e+01
2.052296708375241696e+00 9.101678228348083266e+00 6.029871375404027845e+01
2.068083606131974506e+00 8.177262913973015301e+00 5.626448033762909517e+01
2.083870503888706871e+00 7.325195031496395615e+00 5.096797368867127176e+01
2.099657401645439680e+00 6.568010534991230998e+00 4.416733693144616524e+01
2.115444299402172490e+00 5.930664566848592223e+00 3.699170347406232651e+01
2.131231197158904855e+00 5.400042053806444642e+00 2.957506625770194830e+01
2.147018094915637665e+00 4.996867472530724719e+00 2.260524894918455274e+01
2.162804992672370030e+00 4.686308545953916216e+00 1.633664282235596943e+01
2.178591890429102840e+00 4.481057652681137426e+00 9.624773005997690589e+00
2.194378788185835649e+00 4.382417931199024785e+00 3.749226431783755586e+00
2.210165685942568015e+00 4.362680343990318121e+00 -1.590852290731844754e+00
2.225952583699300824e+00 4.432647176118719834e+00 -7.487083745760453546e+00
2.241739481456033189e+00 4.599075995171148179e+00 -1.241553905261167579e+01
2.257526379212765999e+00 4.824652867355323060e+00 -1.672313569743671735e+01
2.273313276969498808e+00 5.127088862025946270e+00 -2.098832800981277558e+01
2.289100174726231174e+00 5.487334044106686903e+00 -2.405145975800331470e+01
2.304887072482963983e+00 5.886484734225481574e+00 -2.609841789219382946e+01
2.320673970239696349e+00 6.311360153859777888e+00 -2.646347562396458741e+01
2.336460867996429158e+00 6.722037102152111920e+00 -2.485456299268442848e+01
2.352247765753161524e+00 7.096113043367337170e+00 -2.242701195646949230e+01
2.368034663509894333e+00 7.430142991643720052e+00 -1.897834832573306940e+01
2.383821561266627143e+00 7.695331532587348811e+00 -1.478655816341596640e+01
2.399608459023359508e+00 7.897010755443376162e+00 -1.047818479149894344e+01
2.415395356780092317e+00 8.026167596546438077e+00 -6.582332867045463054e+00
2.431182254536824683e+00 8.104839987389031108e+00 -3.205059096037871313e+00
2.446969152293557492e+00 8.127363477053309637e+00 -7.713277217650435502e-02
2.462756050050290302e+00 8.107275361765118760e+00 2.622622607553017016e+00
2.478542947807022667e+00 8.044557327133439628e+00 5.082425923362993814e+00
2.494329845563755477e+00 7.946803884948520746e+00 7.505991685021978554e+00
2.510116743320487842e+00 7.807564680544785141e+00 9.870716401502013682e+00
2.525903641077220652e+00 7.635147903716088535e+00 1.229249154992678683e+01
2.541690538833953461e+00 7.419444065996397164e+00 1.420606162047327814e+01
2.557477436590685826e+00 7.186608619059578373e+00 1.616107218891286479e+01
2.573264334347418636e+00 6.909177677425311970e+00 1.788081893777241760e+01
2.589051232104151001e+00 6.622043298305055004e+00 1.845551815245746496e+01
2.604838129860883811e+00 6.326466921184573877e+00 1.893571625320371155e+01
2.620625027617616620e+00 6.024170865425400478e+00 1.924208469158790535e+01
2.636411925374348986e+00 5.718921273879597145e+00 1.939471293402624141e+01
2.652198823131081795e+00 5.411806165204096075e+00 1.937919760722961016e+01
2.667985720887814161e+00 5.107046451413894239e+00 1.790557678928760765e+01
2.683772618644546970e+00 4.846459145108479305e+00 1.607442807846075183e+01
2.699559516401279780e+00 4.599515746268670213e+00 1.405554249399956923e+01
2.715346414158012145e+00 4.402672320572115439e+00 1.045325217322385214e+01
2.731133311914744954e+00 4.269466899700613993e+00 6.390043183046966391e+00
2.746920209671477320e+00 4.200914403788377882e+00 1.376363310749648017e+00
2.762707107428210129e+00 4.226009885974768565e+00 -4.232002320775225535e+00
2.778494005184942495e+00 4.334534779677045258e+00 -9.553589862589786819e+00
2.794280902941675304e+00 4.527652978715693166e+00 -1.662273952605031013e+01
2.810067800698408114e+00 4.859377758346154152e+00 -2.392258179997067558e+01
2.825854698455140479e+00 5.282979684622112870e+00 -2.974932964112574751e+01
2.841641596211873289e+00 5.798677009097729318e+00 -3.656731317251805535e+01
2.857428493968605654e+00 6.437548553208042534e+00 -4.399456609853023537e+01
2.873215391725338463e+00 7.187752442796353947e+00 -5.138539912743696192e+01
2.889002289482071273e+00 8.059980637635533185e+00 -5.847088004959587693e+01
2.904789187238803638e+00 9.033900052974649597e+00 -6.298457783616014893e+01
2.920576084995536448e+00 1.004864281873638987e+01 -6.701544388762766857e+01
2.936362982752268813e+00 1.114983197452671071e+01 -7.362941435799790213e+01
2.952149880509001623e+00 1.237340289145201844e+01 -7.882139416055794356e+01
2.967936778265734432e+00 1.363852255583841178e+01 -7.841584276783939345e+01
2.983723676022466798e+00 1.484928867601982283e+01 -7.824419162525316551e+01
2.999510573779199607e+00 1.610898866233054605e+01 -8.106637014300657995e+01
3.015297471535931972e+00 1.740886166993399797e+01 -8.384922690429645797e+01
3.031084369292664782e+00 1.875642700656895201e+01 -8.707083187317901718e+01
3.046871267049397591e+00 2.015801831068506544e+01 -7.647469812958837565e+01
3.062658164806129957e+00 2.117102348726655947e+01 -5.781923995918539561e+01
3.078445062562862766e+00 2.198359116990036455e+01 -4.019225356048009701e+01
3.094231960319595132e+00 2.244004548241050401e+01 -2.983365575733003183e+01
3.110018858076327941e+00 2.292555291620141844e+01 -2.448128585394016099e+01
3.125805755833060751e+00 2.321301259586950039e+01 -1.667498769593862917e+01
3.141592653589793116e+00 2.345204556790253392e+01 -1.514122506627961684e+01
