0.000000000000000000e+00 8.170218484151804716e+01 3.032211192450053883e+00
1.578689775673262907e-02 8.165431563344601784e+01 6.064422384900107765e+00
3.157379551346525814e-02 8.151070800922992987e+01 1.212884476980021553e+01
4.736069327019788722e-02 8.127136196886978325e+01 1.819326715470077360e+01
6.314759102693051629e-02 8.093627751236556378e+01 2.122547834715127735e+01
7.893448878366314536e-02 8.060119305586134431e+01 2.122547834715082615e+01
9.472138654039577443e-02 8.026610859935713904e+01 2.122547834715082615e+01
1.105082842971284035e-01 7.993102414285291957e+01 2.122547834715217618e+01
1.262951820538610326e-01 7.959593968634867167e+01 2.122547834715172499e+01
1.420820798105936755e-01 7.926085522984446641e+01 2.122547834715037496e+01
1.578689775673262907e-01 7.892577077334026114e+01 2.122547834715082615e+01
1.736558753240589059e-01 7.859068631683604167e+01 2.122547834715127735e+01
1.894427730807915489e-01 7.825560186033182219e+01 2.122547834715127735e+01
2.052296708375241918e-01 7.792051740382760272e+01 2.122547834715082615e+01
2.210165685942568070e-01 7.758543294732339746e+01 2.122547834715127735e+01
2.368034663509894222e-01 7.725034849081916377e+01 2.122547834715172499e+01
2.525903641077220652e-01 7.691526403431494430e+01 2.122547834715127735e+01
2.683772618644547081e-01 7.658017957781072482e+01 2.122547834715082615e+01
2.841641596211873511e-01 7.624509512130651956e+01 2.122547834715082615e+01
2.999510573779199385e-01 7.591001066480230008e+01 2.122547834715127735e+01
3.157379551346525814e-01 7.557492620829808061e+01 2.122547834715127735e+01
3.315248528913852244e-01 7.523984175179386114e+01 2.122547834715127735e+01
3.473117506481178118e-01 7.490475729528964166e+01 2.122547834715127735e+01
3.630986484048504548e-01 7.456967283878542219e+01 2.122547834715127735e+01
3.788855461615830977e-01 7.423458838228120271e+01 2.122547834715127735e+01
3.946724439183157407e-01 7.389950392577698324e+01 2.122547834715127735e+01
4.104593416750483836e-01 7.356441946927276376e+01 2.122547834715082615e+01
4.262462394317809711e-01 7.322933501276855850e+01 2.122547834715082615e+01
4.420331371885136140e-01 7.289425055626433902e+01 2.122547834715127735e+01
4.578200349452462570e-01 7.255916609976011955e+01 2.122547834715127735e+01
4.736069327019788444e-01 7.222408164325590008e+01 2.122547834715127735e+01
4.893938304587114874e-01 7.188899718675168060e+01 2.122547834715127735e+01
5.051807282154441303e-01 7.155391273024746113e+01 2.122547834715127735e+01
5.209676259721767178e-01 7.121882827374324165e+01 2.122547834715127735e+01
5.367545237289094162e-01 7.088374381723902218e+01 2.122547834715127735e+01
5.525414214856420037e-01 7.054865936073480270e+01 2.122547834715127735e+01
5.683283192423747021e-01 7.021357490423058323e+01 2.122547834715082615e+01
5.841152169991072896e-01 6.987849044772637797e+01 2.122547834715082615e+01
5.999021147558398770e-01 6.954340599122215849e+01 2.122547834715127735e+01
6.156890125125725755e-01 6.920832153471793902e+01 2.122547834715127735e+01
6.314759102693051629e-01 6.887323707821371954e+01 2.122547834715127735e+01
6.472628080260377503e-01 6.853815262170950007e+01 2.122547834715127735e+01
6.630497057827704488e-01 6.820306816520528059e+01 2.122547834715127735e+01
6.788366035395030362e-01 6.786798370870106112e+01 2.122547834715127735e+01
6.946235012962356237e-01 6.753289925219684164e+01 2.122547834715082615e+01
7.104103990529683221e-01 6.719781479569263638e+01 2.122547834715127735e+01
7.261972968097009096e-01 6.686273033918840270e+01 2.122547834715127735e+01
7.419841945664336080e-01 6.652764588268419743e+01 2.122547834715082615e+01
7.577710923231661955e-01 6.619256142617997796e+01 2.122547834715127735e+01
7.735579900798987829e-01 6.585747696967575848e+01 2.122547834715127735e+01
7.893448878366314814e-01 6.552239251317153901e+01 2.122547834715127735e+01
8.051317855933640688e-01 6.518730805666731953e+01 2.122547834715127735e+01
8.209186833500967673e-01 6.485222360016310006e+01 2.122547834715082615e+01
8.367055811068293547e-01 6.451713914365889480e+01 2.122547834715127735e+01
8.524924788635619421e-01 6.418205468715466111e+01 2.122547834715150117e+01
8.682793766202946406e-01 6.384697023065044874e+01 2.122547834715082615e+01
8.840662743770272280e-01 6.351188577414623637e+01 2.122547834715104997e+01
8.998531721337598155e-01 6.317680131764201690e+01 2.122547834715127735e+01
9.156400698904925139e-01 6.284171686113779742e+01 2.122547834715127735e+01
9.314269676472251014e-01 6.250663240463357795e+01 2.122547834715127735e+01
9.472138654039576888e-01 6.217154794812935847e+01 2.122547834715127735e+01
9.630007631606903873e-01 6.183646349162513900e+01 2.122547834715127735e+01
9.787876609174229747e-01 6.150137903512091953e+01 2.122547834715127735e+01
9.945745586741556732e-01 6.116629457861670005e+01 2.122547834715127735e+01
1.010361456430888261e+00 6.083121012211248058e+01 2.122547834715127735e+01
1.026148354187620848e+00 6.049612566560826110e+01 2.122547834715104997e+01
1.041935251944353436e+00 6.016104120910404873e+01 2.122547834715104997e+01
1.057722149701086245e+00 5.982595675259982926e+01 2.122547834715104997e+01
1.073509047457818832e+00 5.949087229609561689e+01 2.122547834715127735e+01
1.089295945214551420e+00 5.915578783959139031e+01 2.122547834715127735e+01
1.105082842971284007e+00 5.882070338308717794e+01 2.122547834715082615e+01
1.120869740728016595e+00 5.848561892658296557e+01 2.122547834715127735e+01
1.136656638484749404e+00 5.815053447007873899e+01 2.122547834715127735e+01
1.152443536241481992e+00 5.781545001357452662e+01 2.122547834715104997e+01
1.168230433998214579e+00 5.748036555707030715e+01 2.122547834715127735e+01
1.184017331754947167e+00 5.714528110056608767e+01 2.122547834715127735e+01
1.199804229511679754e+00 5.681019664406186820e+01 2.122547834715127735e+01
1.215591127268412341e+00 5.647511218755764872e+01 2.122547834715104997e+01
1.231378025025145151e+00 5.614002773105343636e+01 2.122547834715104997e+01
1.247164922781877738e+00 5.580494327454921688e+01 2.122547834715104997e+01
1.262951820538610326e+00 5.546985881804500451e+01 2.122547834715127735e+01
1.278738718295342913e+00 5.513477436154077793e+01 2.122547834715127735e+01
1.294525616052075501e+00 5.479968990503656556e+01 2.122547834715082615e+01
1.310312513808808310e+00 5.446460544853235319e+01 2.122547834715127735e+01
1.326099411565540898e+00 5.412952099202812661e+01 2.122547834715150117e+01
1.341886309322273485e+00 5.379443653552390714e+01 2.122547834715127735e+01
1.357673207079006072e+00 5.345935207901968766e+01 2.122547834715104997e+01
1.373460104835738660e+00 5.312426762251547530e+01 2.122547834715104997e+01
1.389247002592471247e+00 5.278918316601125582e+01 2.122547834715127735e+01
1.405033900349204057e+00 5.245409870950703635e+01 2.122547834715127735e+01
1.420820798105936644e+00 5.211901425300281687e+01 2.122547834715127735e+01
1.436607695862669232e+00 5.178392979649859740e+01 1.249698487397463964e+01
1.452394593619401819e+00 5.172443700805707323e+01 4.876702521746050678e+00
1.468181491376134407e+00 5.162995378829698723e+01 4.508562417572076875e+00
1.483968389132867216e+00 5.158208458022495790e+01 9.218343803407179848e+00
1.499755286889599804e+00 5.133889568607538934e+01 1.672788986605529615e+01
1.515542184646332391e+00 5.105392160622236020e+01 1.555212031938466133e+01
1.531329082403064978e+00 5.084785621931033006e+01 2.023237243875725611e+01
1.547115980159797566e+00 5.041510881608876815e+01 3.919982168841251280e+01
1.562902877916530375e+00 4.961016906515609293e+01 4.678150651057256226e+01
1.578689775673262963e+00 4.893803909571210653e+01 5.157776240916142996e+01
1.594476673429995550e+00 4.798166334180713477e+01 5.862629394593214727e+01
1.610263571186728138e+00 4.708698447895093864e+01 5.775410433401968646e+01
1.626050468943460725e+00 4.615814706150145952e+01 6.846162680668554401e+01
1.641837366700193535e+00 4.492539107363747775e+01 7.403446391751545264e+01
1.657624264456926122e+00 4.382059803682080457e+01 7.301499212222996960e+01
1.673411162213658709e+00 4.262003064295291210e+01 8.268852588260229197e+01
1.689198059970391297e+00 4.120980742929364027e+01 8.384401794007752073e+01
1.704984957727123884e+00 3.997275676548559176e+01 7.682417814932429678e+01
1.720771855483856472e+00 3.878417653791684927e+01 7.704256871341661395e+01
1.736558753240589281e+00 3.754023045509607925e+01 7.447387790885633763e+01
1.752345650997321869e+00 3.643275354572784153e+01 7.487827856842066865e+01
1.768132548754054456e+00 3.517603899917647681e+01 7.667049058432816366e+01
1.783919446510787044e+00 3.401197515410120076e+01 7.693033990008781586e+01
1.799706344267519631e+00 3.274705617838972671e+01 8.265917339667180386e+01
1.815493242024252440e+00 3.140211131596261751e+01 8.716800395786229672e+01
1.831280139780985028e+00 2.999483144610725205e+01 8.789887655732158578e+01
1.847067037537717615e+00 2.862681016167842074e+01 8.825998378609209283e+01
1.862853935294450203e+00 2.720812876602342101e+01 8.475868968512698132e+01
1.878640833051182790e+00 2.595065662557096431e+01 7.953931917441256871e+01
1.894427730807915378e+00 2.469677056713027241e+01 7.538475944632919834e+01
1.910214628564648187e+00 2.357047364598079753e+01 6.954583894483222650e+01
1.926001526321380775e+00 2.250094446947375104e+01 6.675307308037697851e+01
1.941788424078113362e+00 2.146282576664557240e+01 6.642327562019012532e+01
1.957575321834845949e+00 2.040370954770732581e+01 6.601567448242722946e+01
1.973362219591578537e+00 1.937846035985392845e+01 6.556219517493212834e+01
1.989149117348311346e+00 1.833366220384012024e+01 6.698988977378191123e+01
2.004936015105043712e+00 1.726333527866696116e+01 6.850676147239668978e+01
2.020722912861776521e+00 1.617064372582092702e+01 6.931220193316546840e+01
2.036509810618509331e+00 1.507488598824118320e+01 6.833998448041069196e+01
2.052296708375241696e+00 1.401289103044305051e+01 6.676559543507835315e+01
2.068083606131974506e+00 1.296684273063926973e+01 6.466441335607986218e+01
2.083870503888706871e+00 1.197119006613999304e+01 6.158490118512738576e+01
2.099657401645439680e+00 1.102237365390309343e+01 5.788788948848017668e+01
2.115444299402172490e+00 1.014344968072464503e+01 5.390475492306590866e+01
2.131231197158904855e+00 9.320395944758750773e+00 5.092532557957929384e+01
2.147018094915637665e+00 8.535543864418366766e+00 4.831597700520584482e+01
2.162804992672370030e+00 7.794877166763091836e+00 4.446697831408867074e+01
2.178591890429102840e+00 7.131552584027637032e+00 4.128197454444114811e+01
2.194378788185835649e+00 6.491448544104828855e+00 3.924337161238421601e+01
2.210165685942568015e+00 5.892490393479290489e+00 3.598716651820523538e+01
2.225952583699300824e+00 5.355197107349993324e+00 3.182730373877549113e+01
2.241739481456033189e+00 4.887581613486244869e+00 2.717850561651727759e+01
2.257526379212765999e+00 4.497068528652509833e+00 2.224423556086055598e+01
2.273313276969498808e+00 4.185246668534281511e+00 1.748647176155033733e+01
2.289100174726231174e+00 3.944954245001334847e+00 1.224573432167975007e+01
2.304887072482963983e+00 3.798602357149341913e+00 6.253327369911723110e+00
2.320673970239696349e+00 3.747512965344986569e+00 1.302855709140542828e+00
2.336460867996429158e+00 3.757466257405387644e+00 -2.532839686636918941e+00
2.352247765753161524e+00 3.827484327679250065e+00 -6.842136598786733970e+00
2.368034663509894333e+00 3.973498479250676674e+00 -1.112390393180127113e+01
2.383821561266627143e+00 4.178708195733375597e+00 -1.412171005681567415e+01
2.399608459023359508e+00 4.419374464885020615e+00 -1.586228614991568620e+01
2.415395356780092317e+00 4.679540775006885589e+00 -1.708046422557971766e+01
2.431182254536824683e+00 4.958669549618533345e+00 -1.820355361124892823e+01
2.446969152293557492e+00 5.254296054346861311e+00 -1.915844067637043935e+01
2.462756050050290302e+00 5.563574237891108609e+00 -1.803191281889407449e+01
2.478542947807022667e+00 5.823631982407255769e+00 -1.582402844580295564e+01
2.494329845563755477e+00 6.063198876238148571e+00 -1.450790126934002089e+01
2.510116743320487842e+00 6.281701490414940636e+00 -1.383149909261308963e+01
2.525903641077220652e+00 6.499911800232994530e+00 -1.234376827832542922e+01
2.541690538833953461e+00 6.671441105900386859e+00 -9.633089739033403376e+00
2.557477436590685826e+00 6.804065005816095635e+00 -7.381832934432850379e+00
2.573264334347418636e+00 6.904513589486732883e+00 -6.520323480703832608e+00
2.589051232104151001e+00 7.009936366077484493e+00 -4.819567029270700687e+00
2.604838129860883811e+00 7.056685613332365214e+00 -2.192059100550868056e+00
2.620625027617616620e+00 7.079147991871708179e+00 1.408904926745201680e-01
2.636411925374348986e+00 7.052237165726868540e+00 2.419853439336264511e+00
2.652198823131081795e+00 7.002744034205549362e+00 3.783259037509885125e+00
2.667985720887814161e+00 6.932785318502062033e+00 6.331820779580825231e+00
2.683772618644546970e+00 6.802824419683154211e+00 9.945098200628761376e+00
2.699559516401279780e+00 6.618780821554078209e+00 1.233967970013513593e+01
2.715346414158012145e+00 6.413213896129429159e+00 1.442350285828952927e+01
2.731133311914744954e+00 6.163376091718562932e+00 1.717899849186980177e+01
2.746920209671477320e+00 5.870807710621003928e+00 1.928695586610454882e+01
2.762707107428210129e+00 5.554413691124948649e+00 2.086118196776742906e+01
2.778494005184942495e+00 5.212141017001526322e+00 2.093575442803229336e+01
2.794280902941675304e+00 4.893392461894132239e+00 1.929143923077499778e+01
2.810067800698408114e+00 4.603037059568594991e+00 1.777792308717940983e+01
2.825854698455140479e+00 4.332075953685416536e+00 1.624385664355359893e+01
2.841641596211873289e+00 4.090156851554989537e+00 1.376477061743143437e+01
2.857428493968605654e+00 3.897469900920881525e+00 1.098168738212826412e+01
2.873215391725338463e+00 3.743423299758870115e+00 8.039117471240604829e+00
2.889002289482071273e+00 3.643644449775204741e+00 5.777309100247649987e+00
2.904789187238803638e+00 3.561011723609568858e+00 4.049483538104515112e+00
2.920576084995536448e+00 3.515786884607948970e+00 1.477072861504461709e+00
2.936362982752268813e+00 3.514374927121937997e+00 -1.001030477944305774e+00
2.952149880509001623e+00 3.547393216221308876e+00 -3.053924257452355739e+00
2.967936778265734432e+00 3.610798907140349900e+00 -4.578404701824304368e+00
2.983723676022466798e+00 3.691950830054597343e+00 -4.587917536919055905e+00
2.999510573779199607e+00 3.755656877283673367e+00 -4.412093177247205844e+00
3.015297471535931972e+00 3.831257357819355835e+00 -4.169225781397744690e+00
3.031084369292664782e+00 3.887295159554993162e+00 -4.608042920728546044e+00
3.046871267049397591e+00 3.976750762715710152e+00 -7.811465376278440509e+00
3.062658164806129957e+00 4.133932770006122581e+00 -9.785480221397580891e+00
3.078445062562862766e+00 4.285715514227176115e+00 -9.780545427517060020e+00
3.094231960319595132e+00 4.442741711344703859e+00 -1.075262684606012620e+01
3.110018858076327941e+00 4.625216755497275400e+00 -1.191851295227245089e+01
3.125805755833060751e+00 4.819054402124341330e+00 -1.482406966721705466e+01
3.141592653589793116e+00 5.093268899847349651e+00 -1.736975192647106425e+01
