0.000000000000000000e+00 2.012043938463824304e+02 1.373218196078888198e+01
1.578689775673262907e-02 2.009876052937906081e+02 2.746436392157776396e+01
3.157379551346525814e-02 2.003372396360151413e+02 5.492872784315552792e+01
4.736069327019788722e-02 1.992532968730560299e+02 8.239309176473419427e+01
6.314759102693051629e-02 1.977357770049132455e+02 9.612527372552307270e+01
7.893448878366314536e-02 1.962182571367704895e+02 9.612527372552217741e+01
9.472138654039577443e-02 1.947007372686277336e+02 9.612527372552217741e+01
1.105082842971284035e-01 1.931832174004849776e+02 9.612527372552217741e+01
1.262951820538610326e-01 1.916656975323422216e+02 9.612527372552307270e+01
1.420820798105936755e-01 1.901481776641994372e+02 9.612527372552398219e+01
1.578689775673262907e-01 1.886306577960566528e+02 9.612527372552307270e+01
1.736558753240589059e-01 1.871131379279138969e+02 9.612527372552217741e+01
1.894427730807915489e-01 1.855956180597711409e+02 9.612527372552307270e+01
2.052296708375241918e-01 1.840780981916283565e+02 9.612527372552398219e+01
2.210165685942568070e-01 1.825605783234855721e+02 9.612527372552307270e+01
2.368034663509894222e-01 1.810430584553428162e+02 9.612527372552217741e+01
2.525903641077220652e-01 1.795255385872000602e+02 9.612527372552307270e+01
2.683772618644547081e-01 1.780080187190572758e+02 9.612527372552217741e+01
2.841641596211873511e-01 1.764904988509145483e+02 9.612527372552128213e+01
2.999510573779199385e-01 1.749729789827717923e+02 9.612527372552307270e+01
3.157379551346525814e-01 1.734554591146290079e+02 9.612527372552307270e+01
3.315248528913852244e-01 1.719379392464862519e+02 9.612527372552307270e+01
3.473117506481178118e-01 1.704204193783434675e+02 9.612527372552307270e+01
3.630986484048504548e-01 1.689028995102007116e+02 9.612527372552217741e+01
3.788855461615830977e-01 1.673853796420579556e+02 9.612527372552217741e+01
3.946724439183157407e-01 1.658678597739151996e+02 9.612527372552307270e+01
4.104593416750483836e-01 1.643503399057724152e+02 9.612527372552307270e+01
4.262462394317809711e-01 1.628328200376296593e+02 9.612527372552217741e+01
4.420331371885136140e-01 1.613153001694869033e+02 9.612527372552217741e+01
4.578200349452462570e-01 1.597977803013441473e+02 9.612527372552217741e+01
4.736069327019788444e-01 1.582802604332013914e+02 9.612527372552217741e+01
4.893938304587114874e-01 1.567627405650586354e+02 9.612527372552217741e+01
5.051807282154441303e-01 1.552452206969158794e+02 9.612527372552307270e+01
5.209676259721767178e-01 1.537277008287730951e+02 9.612527372552487748e+01
5.367545237289094162e-01 1.522101809606302822e+02 9.612527372552398219e+01
5.525414214856420037e-01 1.506926610924875263e+02 9.612527372552217741e+01
5.683283192423747021e-01 1.491751412243447703e+02 9.612527372552217741e+01
5.841152169991072896e-01 1.476576213562020143e+02 9.612527372552217741e+01
5.999021147558398770e-01 1.461401014880592584e+02 9.612527372552307270e+01
6.156890125125725755e-01 1.446225816199164740e+02 9.612527372552307270e+01
6.314759102693051629e-01 1.431050617517737180e+02 9.612527372552307270e+01
6.472628080260377503e-01 1.415875418836309336e+02 9.612527372552307270e+01
6.630497057827704488e-01 1.400700220154881777e+02 9.612527372552217741e+01
6.788366035395030362e-01 1.385525021473454217e+02 9.612527372552307270e+01
6.946235012962356237e-01 1.370349822792026373e+02 9.612527372552307270e+01
7.104103990529683221e-01 1.355174624110598813e+02 9.612527372552217741e+01
7.261972968097009096e-01 1.339999425429171254e+02 9.612527372552217741e+01
7.419841945664336080e-01 1.324824226747743694e+02 9.612527372552307270e+01
7.577710923231661955e-01 1.309649028066315850e+02 9.612527372552307270e+01
7.735579900798987829e-01 1.294473829384888290e+02 9.612527372552172267e+01
7.893448878366314814e-01 1.279298630703460873e+02 9.612527372552172267e+01
8.051317855933640688e-01 1.264123432022033313e+02 9.612527372552263216e+01
8.209186833500967673e-01 1.248948233340605611e+02 9.612527372552307270e+01
8.367055811068293547e-01 1.233773034659177910e+02 9.612527372552307270e+01
8.524924788635619421e-01 1.218597835977750208e+02 9.612527372552307270e+01
8.682793766202946406e-01 1.203422637296322506e+02 9.612527372552307270e+01
8.840662743770272280e-01 1.188247438614894804e+02 9.612527372552307270e+01
8.998531721337598155e-01 1.173072239933467102e+02 9.612527372552307270e+01
9.156400698904925139e-01 1.157897041252039401e+02 9.612527372552263216e+01
9.314269676472251014e-01 1.142721842570611841e+02 9.612527372552217741e+01
9.472138654039576888e-01 1.127546643889184281e+02 9.612527372552217741e+01
9.630007631606903873e-01 1.112371445207756722e+02 9.612527372552263216e+01
9.787876609174229747e-01 1.097196246526329020e+02 9.612527372552263216e+01
9.945745586741556732e-01 1.082021047844901460e+02 9.612527372552263216e+01
1.010361456430888261e+00 1.066845849163473758e+02 9.612527372552307270e+01
1.026148354187620848e+00 1.051670650482046057e+02 9.612527372552352745e+01
1.041935251944353436e+00 1.036495451800618213e+02 9.612527372552307270e+01
1.057722149701086245e+00 1.021320253119190653e+02 9.612527372552217741e+01
1.073509047457818832e+00 1.006145054437763093e+02 9.612527372552263216e+01
1.089295945214551420e+00 9.909698557563353916e+01 9.612527372552307270e+01
1.105082842971284007e+00 9.757946570749076898e+01 9.612527372552263216e+01
1.120869740728016595e+00 9.606194583934801301e+01 9.612527372552217741e+01
1.136656638484749404e+00 9.454442597120525704e+01 9.612527372552263216e+01
1.152443536241481992e+00 9.302690610306248686e+01 9.612527372552263216e+01
1.168230433998214579e+00 9.150938623491973090e+01 9.612527372552263216e+01
1.184017331754947167e+00 8.999186636677696072e+01 9.612527372552307270e+01
1.199804229511679754e+00 8.847434649863419054e+01 9.612527372552307270e+01
1.215591127268412341e+00 8.695682663049142036e+01 9.612527372552263216e+01
1.231378025025145151e+00 8.543930676234866439e+01 9.612527372552263216e+01
1.247164922781877738e+00 8.392178689420589421e+01 9.612527372552263216e+01
1.262951820538610326e+00 8.240426702606313825e+01 9.612527372552263216e+01
1.278738718295342913e+00 8.088674715792036807e+01 9.821943634002251144e+01
1.294525616052075501e+00 7.930310662761544904e+01 8.858245773876915052e+01
1.310312513808808310e+00 7.808986275119629283e+01 8.648829512426927124e+01
1.326099411565540898e+00 7.657234288305353687e+01 1.145427620895340368e+02
1.341886309322273485e+00 7.447331300343384441e+01 1.415331188798378719e+02
1.357673207079006072e+00 7.210360512915856646e+01 1.452236107901033222e+02
1.373460104835738660e+00 6.988805241262005552e+01 1.671393527778847385e+02
1.389247002592471247e+00 6.682638138229670233e+01 1.784896328120097735e+02
1.405033900349204057e+00 6.425245724494016031e+01 1.772010401242021089e+02
1.420820798105936644e+00 6.123147197664179231e+01 1.787873025813534582e+02
1.436607695862669232e+00 5.860746351283246725e+01 1.404548484875481904e+02
1.452394593619401819e+00 5.679677931162120075e+01 1.097929619541909005e+02
1.468181491376134407e+00 5.514088298327317261e+01 1.201391176394966038e+02
1.483968389132867216e+00 5.300353137810358817e+01 9.998626193663282891e+01
1.499755286889599804e+00 5.198393719473015295e+01 8.618346346639486910e+01
1.515542184646332391e+00 5.028239232597343289e+01 1.017309654783285993e+02
1.531329082403064978e+00 4.877190449333001254e+01 9.116503570337314954e+01
1.547115980159797566e+00 4.740396613069736986e+01 8.840384769473425308e+01
1.562902877916530375e+00 4.598065948361294630e+01 8.408735704268435995e+01
1.578689775673262963e+00 4.474900911416391125e+01 6.530295466035138929e+01
1.594476673429995550e+00 4.391879734674191837e+01 6.161770563026871628e+01
1.610263571186728138e+00 4.280350427658490986e+01 6.054807817749034626e+01
1.626050468943460725e+00 4.200706470763253009e+01 5.372912580503405167e+01
1.641837366700193535e+00 4.110707184529951519e+01 6.163924037998755523e+01
1.657624264456926122e+00 4.006087993626947252e+01 7.252832600539900909e+01
1.673411162213658709e+00 3.881707731107110249e+01 8.077165177378601868e+01
1.689198059970391297e+00 3.751061231987912947e+01 8.420825444723776343e+01
1.704984957727123884e+00 3.615830310460816577e+01 8.555955742290505839e+01
1.720771855483856472e+00 3.480917234958573658e+01 8.673294900502773430e+01
1.736558753240589281e+00 3.341981470844361013e+01 8.754288599705489560e+01
1.752345650997321869e+00 3.204511116845612406e+01 9.059497430316119448e+01
1.768132548754054456e+00 3.055938751524795904e+01 9.123380507299918918e+01
1.783919446510787044e+00 2.916451366316589855e+01 8.724464461473617405e+01
1.799706344267519631e+00 2.780474294653733125e+01 8.507991537934906034e+01
1.815493242024252440e+00 2.647821781267540331e+01 8.232972710569326580e+01
1.831280139780985028e+00 2.520528097822277402e+01 7.928468031685275719e+01
1.847067037537717615e+00 2.397489952900063059e+01 7.755161930535875570e+01
1.862853935294450203e+00 2.275668200853727186e+01 7.499299366548534351e+01
1.878640833051182790e+00 2.160708608206400072e+01 7.386904052689862965e+01
1.894427730807915378e+00 2.042435602816509643e+01 7.541549319715925037e+01
1.910214628564648187e+00 1.922593272130976416e+01 7.677836805600085768e+01
1.926001526321380775e+00 1.800017153530735214e+01 7.752096402222051097e+01
1.941788424078113362e+00 1.677830165526547646e+01 7.790825263941484025e+01
1.957575321834845949e+00 1.554031229765907796e+01 7.761862746567470595e+01
1.973362219591578537e+00 1.432758698362842509e+01 7.639962889186294603e+01
1.989149117348311346e+00 1.312808603772276506e+01 7.474937746982180897e+01
2.004936015105043712e+00 1.196746542463744412e+01 7.159936064788897170e+01
2.020722912861776521e+00 1.086742246573146708e+01 6.754701833829321345e+01
2.036509810618509331e+00 9.834749680079886147e+00 6.262299073168571795e+01
2.052296708375241696e+00 8.890176961927592103e+00 5.693457673677975350e+01
2.068083606131974506e+00 8.037108996547106088e+00 5.147674315503021347e+01
2.083870503888706871e+00 7.264860799851495798e+00 4.535602521352782190e+01
2.099657401645439680e+00 6.605047131151604134e+00 3.859980835844012859e+01
2.115444299402172490e+00 6.046118343883160051e+00 3.216259038238086276e+01
2.131231197158904855e+00 5.589552079234966442e+00 2.541123470879450608e+01
2.147018094915637665e+00 5.243789215443011464e+00 1.951934718492062260e+01
2.162804992672370030e+00 4.973252202661949006e+00 1.428564795554964917e+01
2.178591890429102840e+00 4.792737088117133837e+00 7.992726828746446799e+00
2.194378788185835649e+00 4.720891480176121036e+00 1.900895976836684209e+00
2.210165685942568015e+00 4.732718587252123577e+00 -3.775040890838378793e+00
2.225952583699300824e+00 4.840083849318421727e+00 -9.347131082519577916e+00
2.241739481456033189e+00 5.027842992689151913e+00 -1.394777420273549851e+01
2.257526379212765999e+00 5.280468019863578277e+00 -1.843240858762436929e+01
2.273313276969498808e+00 5.609824092255444761e+00 -2.274432333331696654e+01
2.289100174726231174e+00 5.998592633881864700e+00 -2.534708521467952735e+01
2.304887072482963983e+00 6.410127777686114747e+00 -2.624551231607743063e+01
2.320673970239696349e+00 6.827263072895827456e+00 -2.605591756465937081e+01
2.336460867996429158e+00 7.232811990788377443e+00 -2.476921621619048608e+01
2.352247765753161524e+00 7.609321240734633562e+00 -2.285579754110864670e+01
2.368034663509894333e+00 7.954456268648503858e+00 -2.015858433265877281e+01
2.383821561266627143e+00 8.245804260294946175e+00 -1.707447956582233672e+01
2.399608459023359508e+00 8.493562394958619421e+00 -1.357480716182354818e+01
2.415395356780092317e+00 8.674412445757086587e+00 -1.011650357771111075e+01
2.431182254536824683e+00 8.812978810232509730e+00 -6.671327070522840685e+00
2.446969152293557492e+00 8.885051562485219989e+00 -2.906415876943668319e+00
2.462756050050290302e+00 8.904745390808217920e+00 6.241192185162692807e-01
2.478542947807022667e+00 8.865345749903763561e+00 4.137317103666402041e+00
2.494329845563755477e+00 8.774114586602692611e+00 8.244769087890167825e+00
2.510116743320487842e+00 8.605027096666979958e+00 1.172487446314318760e+01
2.525903641077220652e+00 8.403915797882358873e+00 1.438133075729764343e+01
2.541690538833953461e+00 8.150953900124555673e+00 1.657873998558103779e+01
2.557477436590685826e+00 7.880462051706713211e+00 1.776351289552676960e+01
2.573264334347418636e+00 7.590092376360390247e+00 1.909739883056127852e+01
2.589051232104151001e+00 7.277484686191480812e+00 2.068369402634856158e+01
2.604838129860883811e+00 6.937029650709377826e+00 2.151751485102434813e+01
2.620625027617616620e+00 6.598095072327286204e+00 2.155084665768720953e+01
2.636411925374348986e+00 6.256587625197515656e+00 2.153489884735321525e+01
2.652198823131081795e+00 5.918156579717797072e+00 2.145006260513516594e+01
2.667985720887814161e+00 5.579327734751950096e+00 2.127667774218432939e+01
2.683772618644546970e+00 5.246371107480171325e+00 1.972777085070206837e+01
2.699559516401279780e+00 4.956447131975382447e+00 1.661865379786240027e+01
2.715346414158012145e+00 4.721657130757391130e+00 1.284546968669478062e+01
2.731133311914744954e+00 4.550866898813264783e+00 8.862949114279169649e+00
2.746920209671477320e+00 4.441820187776892581e+00 3.865421618478424914e+00
2.762707107428210129e+00 4.428820867058099076e+00 -2.383618898414157083e+00
2.778494005184942495e+00 4.517080083457452488e+00 -9.268481001337887548e+00
2.794280902941675304e+00 4.721461990914779250e+00 -1.591173767187772192e+01
2.810067800698408114e+00 5.019474034973221421e+00 -2.318391710887773982e+01
2.825854698455140479e+00 5.453466248911613690e+00 -3.125400198051218581e+01
2.841641596211873289e+00 6.006281502483351353e+00 -3.951729937331485587e+01
2.857428493968605654e+00 6.701177378569045828e+00 -4.657395219138653886e+01
2.873215391725338463e+00 7.476797945228097042e+00 -5.311144999519958532e+01
2.889002289482071273e+00 8.378107440141112860e+00 -6.065978432537409049e+01
2.904789187238803638e+00 9.392057571408363614e+00 -6.807413353945565859e+01
2.920576084995536448e+00 1.052746621227221269e+01 -7.396209908308989611e+01
2.936362982752268813e+00 1.172732176360450040e+01 -7.826455422144117335e+01
2.952149880509001623e+00 1.299857524321251034e+01 -8.032270586017406799e+01
2.967936778265734432e+00 1.426341445352185389e+01 -8.458880770071083077e+01
2.983723676022466798e+00 1.566936496028258929e+01 -8.922468903367931148e+01
2.999510573779199607e+00 1.708057653982377033e+01 -9.041829978321801775e+01
3.015297471535931972e+00 1.852421386831311523e+01 -8.991187962207480666e+01
3.031084369292664782e+00 1.991943584124246414e+01 -8.628103237098468981e+01
3.046871267049397591e+00 2.124843354108526228e+01 -8.123283026683570540e+01
3.062658164806129957e+00 2.248426461306756607e+01 -6.912741479615255002e+01
3.078445062562862766e+00 2.343104840023347535e+01 -4.339931170583992071e+01
3.094231960319595132e+00 2.385454560629289489e+01 -2.873880123230560457e+01
3.110018858076327941e+00 2.433844143364441592e+01 -2.779903699999419331e+01
3.125805755833060751e+00 2.473226671600196624e+01 -1.647506843887595451e+01
3.141592653589793116e+00 2.485862187560383063e+01 -8.003799197849227554e+00
