0.000000000000000000e+00 1.198920755965716864e+02 6.611515477417253983e+00
1.578689775673262907e-02 1.197877002777126449e+02 1.322303095483630742e+01
3.157379551346525814e-02 1.194745743211354636e+02 2.644606190967306603e+01
4.736069327019788722e-02 1.189526977268401851e+02 3.966909286450892580e+01
6.314759102693051629e-02 1.182220704948267951e+02 4.628060834192798012e+01
7.893448878366314536e-02 1.174914432628133767e+02 4.628060834192842776e+01
9.472138654039577443e-02 1.167608160307999725e+02 4.628060834192752537e+01
1.105082842971284035e-01 1.160301887987865825e+02 4.628060834192707773e+01
1.262951820538610326e-01 1.152995615667731926e+02 4.628060834192752537e+01
1.420820798105936755e-01 1.145689343347597884e+02 4.628060834192752537e+01
1.578689775673262907e-01 1.138383071027463984e+02 4.628060834192707773e+01
1.736558753240589059e-01 1.131076798707330084e+02 4.628060834192752537e+01
1.894427730807915489e-01 1.123770526387196043e+02 4.628060834192752537e+01
2.052296708375241918e-01 1.116464254067062143e+02 4.628060834192707773e+01
2.210165685942568070e-01 1.109157981746928243e+02 4.628060834192798012e+01
2.368034663509894222e-01 1.101851709426794059e+02 4.628060834192798012e+01
2.525903641077220652e-01 1.094545437106660160e+02 4.628060834192798012e+01
2.683772618644547081e-01 1.087239164786525976e+02 4.628060834192798012e+01
2.841641596211873511e-01 1.079932892466392076e+02 4.628060834192707773e+01
2.999510573779199385e-01 1.072626620146258176e+02 4.628060834192752537e+01
3.157379551346525814e-01 1.065320347826124134e+02 4.628060834192798012e+01
3.315248528913852244e-01 1.058014075505990093e+02 4.628060834192752537e+01
3.473117506481178118e-01 1.050707803185856193e+02 4.628060834192707773e+01
3.630986484048504548e-01 1.043401530865722293e+02 4.628060834192752537e+01
3.788855461615830977e-01 1.036095258545588251e+02 4.628060834192752537e+01
3.946724439183157407e-01 1.028788986225454352e+02 4.628060834192707773e+01
4.104593416750483836e-01 1.021482713905320452e+02 4.628060834192752537e+01
4.262462394317809711e-01 1.014176441585186410e+02 4.628060834192798012e+01
4.420331371885136140e-01 1.006870169265052368e+02 4.628060834192752537e+01
4.578200349452462570e-01 9.995638969449184685e+01 4.628060834192798012e+01
4.736069327019788444e-01 9.922576246247842846e+01 4.628060834192798012e+01
4.893938304587114874e-01 9.849513523046503849e+01 4.628060834192707773e+01
5.051807282154441303e-01 9.776450799845164852e+01 4.628060834192752537e+01
5.209676259721767178e-01 9.703388076643824434e+01 4.628060834192798012e+01
5.367545237289094162e-01 9.630325353442484015e+01 4.628060834192752537e+01
5.525414214856420037e-01 9.557262630241145018e+01 4.628060834192752537e+01
5.683283192423747021e-01 9.484199907039804600e+01 4.628060834192752537e+01
5.841152169991072896e-01 9.411137183838465603e+01 4.628060834192707773e+01
5.999021147558398770e-01 9.338074460637126606e+01 4.628060834192707773e+01
6.156890125125725755e-01 9.265011737435787609e+01 4.628060834192798012e+01
6.314759102693051629e-01 9.191949014234445769e+01 4.628060834192798012e+01
6.472628080260377503e-01 9.118886291033106772e+01 4.628060834192798012e+01
6.630497057827704488e-01 9.045823567831764933e+01 4.628060834192798012e+01
6.788366035395030362e-01 8.972760844630425936e+01 4.628060834192707773e+01
6.946235012962356237e-01 8.899698121429086939e+01 4.628060834192752537e+01
7.104103990529683221e-01 8.826635398227746521e+01 4.628060834192752537e+01
7.261972968097009096e-01 8.753572675026407524e+01 4.628060834192752537e+01
7.419841945664336080e-01 8.680509951825067105e+01 4.628060834192752537e+01
7.577710923231661955e-01 8.607447228623728108e+01 4.628060834192752537e+01
7.735579900798987829e-01 8.534384505422387690e+01 4.628060834192752537e+01
7.893448878366314814e-01 8.461321782221048693e+01 4.628060834192752537e+01
8.051317855933640688e-01 8.388259059019708275e+01 4.628060834192798012e+01
8.209186833500967673e-01 8.315196335818367857e+01 4.628060834192798012e+01
8.367055811068293547e-01 8.242133612617027438e+01 4.628060834192798012e+01
8.524924788635619421e-01 8.169070889415687020e+01 4.628060834192752537e+01
8.682793766202946406e-01 8.096008166214348023e+01 4.628060834192707773e+01
8.840662743770272280e-01 8.022945443013009026e+01 4.628060834192707773e+01
8.998531721337598155e-01 7.949882719811670029e+01 4.628060834192752537e+01
9.156400698904925139e-01 7.876819996610329611e+01 4.628060834192798012e+01
9.314269676472251014e-01 7.803757273408989192e+01 4.628060834192752537e+01
9.472138654039576888e-01 7.730694550207650195e+01 4.628060834192752537e+01
9.630007631606903873e-01 7.657631827006309777e+01 4.628060834192752537e+01
9.787876609174229747e-01 7.584569103804970780e+01 4.628060834192707773e+01
9.945745586741556732e-01 7.511506380603631783e+01 4.628060834192752537e+01
1.010361456430888261e+00 7.438443657402291365e+01 4.628060834192798012e+01
1.026148354187620848e+00 7.365380934200950946e+01 4.628060834192798012e+01
1.041935251944353436e+00 7.292318210999610528e+01 4.628060834192752537e+01
1.057722149701086245e+00 7.219255487798271531e+01 4.628060834192752537e+01
1.073509047457818832e+00 7.146192764596931113e+01 4.628060834192752537e+01
1.089295945214551420e+00 7.073130041395592116e+01 4.628060834192752537e+01
1.105082842971284007e+00 7.000067318194251698e+01 4.628060834192798012e+01
1.120869740728016595e+00 6.927004594992911279e+01 4.628060834192752537e+01
1.136656638484749404e+00 6.853941871791572282e+01 4.628060834192752537e+01
1.152443536241481992e+00 6.780879148590231864e+01 4.628060834192752537e+01
1.168230433998214579e+00 6.707816425388892867e+01 4.628060834192707773e+01
1.184017331754947167e+00 6.634753702187553870e+01 4.628060834192752537e+01
1.199804229511679754e+00 6.561690978986213452e+01 4.628060834192752537e+01
1.215591127268412341e+00 6.488628255784874455e+01 4.628060834192752537e+01
1.231378025025145151e+00 6.415565532583534036e+01 4.628060834192775275e+01
1.247164922781877738e+00 6.342502809382194329e+01 4.628060834192752537e+01
1.262951820538610326e+00 6.269440086180854621e+01 4.628060834192775275e+01
1.278738718295342913e+00 6.196377362979514203e+01 4.628060834192798012e+01
1.294525616052075501e+00 6.123314639778173785e+01 4.628060834192752537e+01
1.310312513808808310e+00 6.050251916576834788e+01 4.628060834192730510e+01
1.326099411565540898e+00 5.977189193375495080e+01 4.628060834192752537e+01
1.341886309322273485e+00 5.904126470174155372e+01 4.628060834192775275e+01
1.357673207079006072e+00 5.831063746972814954e+01 4.628060834192775275e+01
1.373460104835738660e+00 5.758001023771475246e+01 4.628060834192752537e+01
1.389247002592471247e+00 5.684938300570135539e+01 4.628060834192752537e+01
1.405033900349204057e+00 5.611875577368795831e+01 4.628060834192752537e+01
1.420820798105936644e+00 5.538812854167456123e+01 4.628060834192730510e+01
1.436607695862669232e+00 5.465750130966117126e+01 4.628060834192730510e+01
1.452394593619401819e+00 5.392687407764777419e+01 4.628060834192752537e+01
1.468181491376134407e+00 5.319624684563437711e+01 4.628060834192775275e+01
1.483968389132867216e+00 5.246561961362097293e+01 4.163693337851366039e+01
1.499755286889599804e+00 5.188161082533341073e+01 4.032619872162279506e+01
1.515542184646332391e+00 5.119236846134909058e+01 4.496987368503689453e+01
1.531329082403064978e+00 5.046174122933569350e+01 4.369555853119842226e+01
1.547115980159797566e+00 4.981273383143837918e+01 4.443868696847301436e+01
1.562902877916530375e+00 4.905864321410623319e+01 5.273372363152459741e+01
1.578689775673262963e+00 4.814773002483303088e+01 6.279333657902856203e+01
1.594476673429995550e+00 4.707601924535178739e+01 7.960123639739127555e+01
1.610263571186728138e+00 4.563441686420279098e+01 7.893457482994568863e+01
1.626050468943460725e+00 4.458375512072876035e+01 6.461216349402074854e+01
1.641837366700193535e+00 4.359436562635999479e+01 7.207033979208452479e+01
1.657624264456926122e+00 4.230822094954752544e+01 7.888034403731458610e+01
1.673411162213658709e+00 4.110381377369403566e+01 7.182372622247478944e+01
1.689198059970391297e+00 4.004047330478399402e+01 6.248723368814942347e+01
1.704984957727123884e+00 3.913085463502228833e+01 5.187289080943386210e+01
1.720771855483856472e+00 3.840264925767461790e+01 5.982075833244498853e+01
1.736558753240589281e+00 3.724208624397324741e+01 7.304342148708670379e+01
1.752345650997321869e+00 3.609639120403748791e+01 6.824713915800045072e+01
1.768132548754054456e+00 3.508726502781953371e+01 6.799194821364726238e+01
1.783919446510787044e+00 3.394962733457767001e+01 7.458595773826237973e+01
1.799706344267519631e+00 3.273230325001567564e+01 8.045066096204976702e+01
1.815493242024252440e+00 3.140949461643878848e+01 8.251975353879070951e+01
1.831280139780985028e+00 3.012684142596034675e+01 7.942262465748416389e+01
1.847067037537717615e+00 2.890182090636067969e+01 8.196636755160830035e+01
1.862853935294450203e+00 2.753885209790433208e+01 8.615918249313872934e+01
1.878640833051182790e+00 2.618144849671498164e+01 8.159076897263372530e+01
1.894427730807915378e+00 2.496272184257600912e+01 7.785746715186796507e+01
1.910214628564648187e+00 2.372319274966556435e+01 7.655503984190653455e+01
1.926001526321380775e+00 2.254558866908246628e+01 7.755969623912430677e+01
1.941788424078113362e+00 2.127433876052497297e+01 7.882421799661842954e+01
1.957575321834845949e+00 2.005680892854842767e+01 7.621351042645815710e+01
1.973362219591578537e+00 1.886798896695663075e+01 7.476690707550532977e+01
1.989149117348311346e+00 1.769613389337216347e+01 7.537911759105266185e+01
2.004936015105043712e+00 1.648798412215128195e+01 7.274449520328130347e+01
2.020722912861776521e+00 1.539931407709350530e+01 6.806077744656793982e+01
2.036509810618509331e+00 1.433904705256587775e+01 6.523285859008831267e+01
2.052296708375241696e+00 1.333966513921126129e+01 6.302652598437332898e+01
2.068083606131974506e+00 1.234906040921116954e+01 6.019615101951580982e+01
2.083870503888706871e+00 1.143904417622339587e+01 5.637188892547747088e+01
2.099657401645439680e+00 1.056918591557036713e+01 5.304149822883587717e+01
2.115444299402172490e+00 9.764322757418302245e+00 5.082876476428237567e+01
2.131231197158904855e+00 8.964328890700887342e+00 4.931363857856031530e+01
2.147018094915637665e+00 8.207304016913907319e+00 4.582438528929048260e+01
2.162804992672370030e+00 7.517479120046584029e+00 4.170009073159632607e+01
2.178591890429102840e+00 6.890673879261536960e+00 3.811262226057818481e+01
2.194378788185835649e+00 6.314118978309144481e+00 3.404080611250461885e+01
2.210165685942568015e+00 5.815876427951797822e+00 3.011163096404391837e+01
2.225952583699300824e+00 5.363380499673493063e+00 2.674623404242011304e+01
2.241739481456033189e+00 4.971396303541141926e+00 2.310961739232958578e+01
2.257526379212765999e+00 4.633722165733658471e+00 1.922522924160387703e+01
2.273313276969498808e+00 4.364382846767248303e+00 1.492214572277872797e+01
2.289100174726231174e+00 4.162573388060512691e+00 1.116480089855320124e+01
2.304887072482963983e+00 4.011867706247776333e+00 7.194832911704675205e+00
2.320673970239696349e+00 3.935405204952799441e+00 2.819078846037979869e+00
2.336460867996429158e+00 3.922858687226637553e+00 -1.557752693150245005e+00
2.352247765753161524e+00 3.984589369946875070e+00 -6.214960990504910576e+00
2.368034663509894333e+00 4.119088594665003100e+00 -9.465290848512369237e+00
2.383821561266627143e+00 4.283444527673278657e+00 -1.185831917977633942e+01
2.399608459023359508e+00 4.493500739580664316e+00 -1.399006100328795910e+01
2.415395356780092317e+00 4.725163853011997261e+00 -1.431341148924809303e+01
2.431182254536824683e+00 4.945429467042267824e+00 -1.439412924827036910e+01
2.446969152293557492e+00 5.179641146491275272e+00 -1.428477801035063877e+01
2.462756050050290302e+00 5.396454126896323977e+00 -1.255060555011797163e+01
2.478542947807022667e+00 5.575911399700862248e+00 -1.195715607488815913e+01
2.494329845563755477e+00 5.773986927727431606e+00 -1.127688824771863274e+01
2.510116743320487842e+00 5.931965563262529884e+00 -9.958760096796856587e+00
2.525903641077220652e+00 6.088422782591353055e+00 -9.814785833369516155e+00
2.541690538833953461e+00 6.241855604173794703e+00 -8.836949867196956632e+00
2.557477436590685826e+00 6.367438830660973714e+00 -6.889949340453907389e+00
2.573264334347418636e+00 6.459397455747421191e+00 -5.956206956117452656e+00
2.589051232104151001e+00 6.555498891129305505e+00 -3.793186771439623683e+00
2.604838129860883811e+00 6.579162759213237344e+00 -1.436887706029900791e+00
2.620625027617616620e+00 6.600866889735305776e+00 -4.420126373134029840e-02
2.636411925374348986e+00 6.580558360875727431e+00 2.681580456311110083e+00
2.652198823131081795e+00 6.516199216754833934e+00 5.482923057185945304e+00
2.667985720887814161e+00 6.407441669452074606e+00 7.197763706185404509e+00
2.683772618644546970e+00 6.288938497341494127e+00 8.982042325159676821e+00
2.699559516401279780e+00 6.123844501784192929e+00 9.931860544653156708e+00
2.715346414158012145e+00 5.975351963436361658e+00 1.147627098683173053e+01
2.731133311914744954e+00 5.761495068388853724e+00 1.425753191835537770e+01
2.746920209671477320e+00 5.525187566119504901e+00 1.486037296471839930e+01
2.762707107428210129e+00 5.292296691147007515e+00 1.453279053045560332e+01
2.778494005184942495e+00 5.066332209670875386e+00 1.441769072506396654e+01
2.794280902941675304e+00 4.837075472417453170e+00 1.385918093026743314e+01
2.810067800698408114e+00 4.628745264994494235e+00 1.477602353192315121e+01
2.825854698455140479e+00 4.370540326918360918e+00 1.453527474292579313e+01
2.841641596211873289e+00 4.169811472529318941e+00 1.207179376072069310e+01
2.857428493968605654e+00 3.989387979236640014e+00 1.179907105963340719e+01
2.873215391725338463e+00 3.797270015643607888e+00 1.129875128366271753e+01
2.889002289482071273e+00 3.632643516648770277e+00 1.021218216686176383e+01
2.904789187238803638e+00 3.474832664160858009e+00 9.420690924816110368e+00
2.920576084995536448e+00 3.335196547793068511e+00 6.517152290790832581e+00
2.936362982752268813e+00 3.269061430401316581e+00 3.642654672723809384e+00
2.952149880509001623e+00 3.220184114030318234e+00 9.875562932437617070e-01
2.967936778265734432e+00 3.237880529940402319e+00 -3.195720346545340984e+00
2.983723676022466798e+00 3.321085134770361158e+00 -6.407926483895822756e+00
2.999510573779199607e+00 3.440203090408247455e+00 -1.065201511919501165e+01
3.015297471535931972e+00 3.657409681950164693e+00 -1.465779188964130952e+01
3.031084369292664782e+00 3.903005214210711671e+00 -1.826155886626395386e+01
3.046871267049397591e+00 4.233996407350691271e+00 -2.350076852390418125e+01
3.062658164806129957e+00 4.645013673993743097e+00 -2.344245243700670045e+01
3.078445062562862766e+00 4.974163606930876114e+00 -2.290753840662979002e+01
3.094231960319595132e+00 5.368291607361523887e+00 -2.696720505155135328e+01
3.110018858076327941e+00 5.825620624798245828e+00 -2.530627673651672538e+01
3.125805755833060751e+00 6.167306814247465852e+00 -2.359357555745642898e+01
3.141592653589793116e+00 6.570559354880867176e+00 -2.554349479215613883e+01
