0.000000000000000000e+00 9.913692524403299444e+01 4.683683718103218929e+00
1.578689775673262907e-02 9.906298440805042560e+01 9.367367436206437858e+00
3.157379551346525814e-02 9.884116190010271907e+01 1.873473487241197333e+01
4.736069327019788722e-02 9.847145772018990328e+01 2.810210230861751057e+01
6.314759102693051629e-02 9.795387186831194981e+01 3.278578602672072861e+01
7.893448878366314536e-02 9.743628601643399634e+01 3.278578602672028097e+01
9.472138654039577443e-02 9.691870016455605708e+01 3.278578602671983333e+01
1.105082842971284035e-01 9.640111431267811781e+01 3.278578602672072861e+01
1.262951820538610326e-01 9.588352846080015013e+01 3.278578602672072861e+01
1.420820798105936755e-01 9.536594260892221087e+01 3.278578602672028097e+01
1.578689775673262907e-01 9.484835675704425739e+01 3.278578602672072861e+01
1.736558753240589059e-01 9.433077090516630392e+01 3.278578602672072861e+01
1.894427730807915489e-01 9.381318505328835045e+01 3.278578602672072861e+01
2.052296708375241918e-01 9.329559920141039697e+01 3.278578602672028097e+01
2.210165685942568070e-01 9.277801334953245771e+01 3.278578602672028097e+01
2.368034663509894222e-01 9.226042749765450424e+01 3.278578602672072861e+01
2.525903641077220652e-01 9.174284164577655076e+01 3.278578602672028097e+01
2.683772618644547081e-01 9.122525579389861150e+01 3.278578602672028097e+01
2.841641596211873511e-01 9.070766994202065803e+01 3.278578602672072861e+01
2.999510573779199385e-01 9.019008409014270455e+01 3.278578602672072861e+01
3.157379551346525814e-01 8.967249823826475108e+01 3.278578602672028097e+01
3.315248528913852244e-01 8.915491238638681182e+01 3.278578602672028097e+01
3.473117506481178118e-01 8.863732653450885834e+01 3.278578602672072861e+01
3.630986484048504548e-01 8.811974068263090487e+01 3.278578602672028097e+01
3.788855461615830977e-01 8.760215483075296561e+01 3.278578602672072861e+01
3.946724439183157407e-01 8.708456897887499792e+01 3.278578602672118336e+01
4.104593416750483836e-01 8.656698312699704445e+01 3.278578602672028097e+01
4.262462394317809711e-01 8.604939727511910519e+01 3.278578602672028097e+01
4.420331371885136140e-01 8.553181142324115172e+01 3.278578602672072861e+01
4.578200349452462570e-01 8.501422557136319824e+01 3.278578602671983333e+01
4.736069327019788444e-01 8.449663971948527319e+01 3.278578602672028097e+01
4.893938304587114874e-01 8.397905386760730551e+01 3.278578602672118336e+01
5.051807282154441303e-01 8.346146801572935203e+01 3.278578602672072861e+01
5.209676259721767178e-01 8.294388216385139856e+01 3.278578602672028097e+01
5.367545237289094162e-01 8.242629631197345930e+01 3.278578602672028097e+01
5.525414214856420037e-01 8.190871046009550582e+01 3.278578602672072861e+01
5.683283192423747021e-01 8.139112460821755235e+01 3.278578602672072861e+01
5.841152169991072896e-01 8.087353875633959888e+01 3.278578602672072861e+01
5.999021147558398770e-01 8.035595290446164540e+01 3.278578602672028097e+01
6.156890125125725755e-01 7.983836705258370614e+01 3.278578602671983333e+01
6.314759102693051629e-01 7.932078120070576688e+01 3.278578602672028097e+01
6.472628080260377503e-01 7.880319534882781340e+01 3.278578602672072861e+01
6.630497057827704488e-01 7.828560949694985993e+01 3.278578602672072861e+01
6.788366035395030362e-01 7.776802364507190646e+01 3.278578602672072861e+01
6.946235012962356237e-01 7.725043779319395298e+01 3.278578602672072861e+01
7.104103990529683221e-01 7.673285194131599951e+01 3.278578602672028097e+01
7.261972968097009096e-01 7.621526608943806025e+01 3.278578602672028097e+01
7.419841945664336080e-01 7.569768023756010678e+01 3.278578602672072861e+01
7.577710923231661955e-01 7.518009438568215330e+01 3.278578602672028097e+01
7.735579900798987829e-01 7.466250853380421404e+01 3.278578602672028097e+01
7.893448878366314814e-01 7.414492268192626057e+01 3.278578602672072861e+01
8.051317855933640688e-01 7.362733683004830709e+01 3.278578602672072861e+01
8.209186833500967673e-01 7.310975097817035362e+01 3.278578602672072861e+01
8.367055811068293547e-01 7.259216512629240015e+01 3.278578602672028097e+01
8.524924788635619421e-01 7.207457927441446088e+01 3.278578602672072861e+01
8.682793766202946406e-01 7.155699342253649320e+01 3.278578602672072861e+01
8.840662743770272280e-01 7.103940757065855394e+01 3.278578602671983333e+01
8.998531721337598155e-01 7.052182171878061467e+01 3.278578602672072861e+01
9.156400698904925139e-01 7.000423586690264699e+01 3.278578602672072861e+01
9.314269676472251014e-01 6.948665001502470773e+01 3.278578602671983333e+01
9.472138654039576888e-01 6.896906416314676846e+01 3.278578602672072861e+01
9.630007631606903873e-01 6.845147831126880078e+01 3.278578602672072861e+01
9.787876609174229747e-01 6.793389245939086152e+01 3.278578602672028097e+01
9.945745586741556732e-01 6.741630660751290804e+01 3.278578602672072861e+01
1.010361456430888261e+00 6.689872075563495457e+01 3.278578602672028097e+01
1.026148354187620848e+00 6.638113490375701531e+01 3.278578602672028097e+01
1.041935251944353436e+00 6.586354905187906184e+01 3.278578602672072861e+01
1.057722149701086245e+00 6.534596320000110836e+01 3.278578602672072861e+01
1.073509047457818832e+00 6.482837734812315489e+01 3.278578602672072861e+01
1.089295945214551420e+00 6.431079149624520142e+01 3.278578602672050835e+01
1.105082842971284007e+00 6.379320564436725505e+01 3.278578602672050835e+01
1.120869740728016595e+00 6.327561979248930157e+01 3.278578602672050835e+01
1.136656638484749404e+00 6.275803394061135521e+01 3.278578602672028097e+01
1.152443536241481992e+00 6.224044808873340884e+01 3.278578602672050835e+01
1.168230433998214579e+00 6.172286223685545536e+01 3.278578602672050835e+01
1.184017331754947167e+00 6.120527638497750900e+01 3.278578602672050835e+01
1.199804229511679754e+00 6.068769053309955552e+01 3.278578602672050835e+01
1.215591127268412341e+00 6.017010468122160916e+01 3.278578602672050835e+01
1.231378025025145151e+00 5.965251882934365568e+01 3.278578602672050835e+01
1.247164922781877738e+00 5.913493297746570931e+01 3.278578602672072861e+01
1.262951820538610326e+00 5.861734712558774874e+01 3.278578602672050835e+01
1.278738718295342913e+00 5.809976127370980947e+01 3.278578602672028097e+01
1.294525616052075501e+00 5.758217542183185600e+01 3.278578602672072861e+01
1.310312513808808310e+00 5.706458956995390253e+01 3.278578602672050835e+01
1.326099411565540898e+00 5.654700371807595616e+01 3.278578602672028097e+01
1.341886309322273485e+00 5.602941786619800979e+01 3.278578602672050835e+01
1.357673207079006072e+00 5.551183201432005632e+01 3.278578602672050835e+01
1.373460104835738660e+00 5.499424616244210995e+01 3.278578602672050835e+01
1.389247002592471247e+00 5.447666031056415648e+01 3.278578602672050835e+01
1.405033900349204057e+00 5.395907445868621011e+01 3.278578602672028097e+01
1.420820798105936644e+00 5.344148860680826374e+01 3.278578602672050835e+01
1.436607695862669232e+00 5.292390275493031027e+01 3.278578602672050835e+01
1.452394593619401819e+00 5.240631690305236390e+01 3.278578602672050835e+01
1.468181491376134407e+00 5.188873105117441042e+01 1.388619585460069317e+01
1.483968389132867216e+00 5.196787699467927268e+01 8.235163523232467142e+00
1.499755286889599804e+00 5.162871568207192041e+01 1.308370254104352348e+01
1.515542184646332391e+00 5.155477484608935868e+01 1.041157903584929478e+01
1.531329082403064978e+00 5.129998261462173303e+01 1.464572054996162898e+01
1.547115980159797566e+00 5.109235386029751425e+01 1.536200401932650195e+01
1.562902877916530375e+00 5.081494584103848666e+01 2.711473886690271584e+01
1.578689775673262963e+00 5.023623863991291927e+01 5.577741332462072421e+01
1.594476673429995550e+00 4.905384119845687962e+01 6.591970443735347374e+01
1.610263571186728138e+00 4.815490337169985224e+01 7.759542226117157782e+01
1.626050468943460725e+00 4.660385920320165809e+01 9.251238081527183965e+01
1.641837366700193535e+00 4.523393637737463280e+01 9.574221222631784656e+01
1.657624264456926122e+00 4.358091417236110487e+01 1.091439288150453280e+02
1.673411162213658709e+00 4.178784828743218327e+01 1.007521227852357413e+02
1.689198059970391297e+00 4.039978724999252790e+01 8.937310200689924500e+01
1.704984957727123884e+00 3.896600024026227516e+01 8.821729576822117735e+01
1.720771855483856472e+00 3.761443239265582861e+01 7.355741682694831240e+01
1.736558753240589281e+00 3.664351340286948044e+01 6.726509765206330371e+01
1.752345650997321869e+00 3.549061795419630982e+01 6.692785842612060776e+01
1.768132548754054456e+00 3.453034688676899577e+01 5.668916621082171048e+01
1.783919446510787044e+00 3.370072581242698107e+01 6.060231019660506036e+01
1.799706344267519631e+00 3.261690193697779705e+01 7.244172620861394307e+01
1.815493242024252440e+00 3.141346556247376753e+01 7.806656289646704749e+01
1.831280139780985028e+00 3.015204424364567259e+01 8.423543945570428093e+01
1.847067037537717615e+00 2.875383302211247738e+01 8.381276940970469980e+01
1.862853935294450203e+00 2.750575700088644027e+01 8.122375834629046665e+01
1.878640833051182790e+00 2.618929068525158499e+01 8.297783838823815472e+01
1.894427730807915378e+00 2.488583169946684137e+01 8.207229648276758383e+01
1.910214628564648187e+00 2.359795677878418729e+01 7.805604949899556289e+01
1.926001526321380775e+00 2.242130595399663306e+01 7.384334664812006110e+01
1.941788424078113362e+00 2.126644205168651425e+01 7.037971241717762894e+01
1.957575321834845949e+00 2.019915130584017504e+01 7.036729659718957919e+01
1.973362219591578537e+00 1.904467941809149067e+01 7.296144687786762972e+01
1.989149117348311346e+00 1.789548150175182428e+01 7.304890923776059708e+01
2.004936015105043712e+00 1.673824809533675406e+01 7.064357781444319073e+01
2.020722912861776521e+00 1.566499562149902403e+01 6.873510036253490796e+01
2.036509810618509331e+00 1.456802009189256530e+01 6.834663477525522524e+01
2.052296708375241696e+00 1.350703295107162205e+01 6.738512419545742205e+01
2.068083606131974506e+00 1.244041595989573246e+01 6.447422928385653051e+01
2.083870503888706871e+00 1.147133681977486219e+01 5.853152601479346373e+01
2.099657401645439680e+00 1.059235352641357153e+01 5.402358257922412577e+01
2.115444299402172490e+00 9.765607270513635640e+00 5.142187298698884490e+01
2.131231197158904855e+00 8.968769823803002694e+00 4.844058547383519908e+01
2.147018094915637665e+00 8.236154130210227464e+00 4.494079044751096319e+01
2.162804992672370030e+00 7.549818495999798706e+00 4.136819356385493762e+01
2.178591890429102840e+00 6.930003245863622041e+00 3.806213719840825149e+01
2.194378788185835649e+00 6.348052359291797231e+00 3.612117121611407811e+01
2.210165685942568015e+00 5.789520772179169050e+00 3.350442420306898583e+01
2.225952583699300824e+00 5.290190520707700905e+00 2.926976801907831316e+01
2.241739481456033189e+00 4.865363102018225305e+00 2.404536088028729424e+01
2.257526379212765999e+00 4.530987213226032928e+00 1.868566191544220700e+01
2.273313276969498808e+00 4.275385833666307533e+00 1.433580313686602636e+01
2.289100174726231174e+00 4.078351496461331216e+00 1.058201295660166252e+01
2.304887072482963983e+00 3.941271520453726751e+00 5.323518166199436408e+00
2.320673970239696349e+00 3.910267822469532639e+00 -3.215382536894451082e-01
2.336460867996429158e+00 3.951423703525474007e+00 -4.060487807202581401e+00
2.352247765753161524e+00 4.038472834179065885e+00 -7.090459079179003865e+00
2.368034663509894333e+00 4.175296408588065056e+00 -1.033115848544706417e+01
2.383821561266627143e+00 4.364666719615772905e+00 -1.473196083671173717e+01
2.399608459023359508e+00 4.640440327558779998e+00 -1.887496756566022427e+01
2.415395356780092317e+00 4.960621085857217949e+00 -2.030336208290021105e+01
2.431182254536824683e+00 5.281494530200115278e+00 -1.949584318458490984e+01
2.446969152293557492e+00 5.576178851929887159e+00 -1.887629073979438488e+01
2.462756050050290302e+00 5.877490674071101040e+00 -1.826057883622725342e+01
2.478542947807022667e+00 6.152734634062437813e+00 -1.602074315781070979e+01
2.494329845563755477e+00 6.383326342509564100e+00 -1.202183783453677890e+01
2.510116743320487842e+00 6.532309683546142054e+00 -7.898622888555657084e+00
2.525903641077220652e+00 6.632715846430796702e+00 -5.382349708234342778e+00
2.541690538833953461e+00 6.702250892615892575e+00 -4.569328953721327302e+00
2.557477436590685826e+00 6.776986904449350035e+00 -3.205220993751758396e+00
2.573264334347418636e+00 6.803451884848076503e+00 -1.661699160875279024e-01
2.589051232104151001e+00 6.782233519400387323e+00 2.040472742809430695e+00
2.604838129860883811e+00 6.739026415715811957e+00 2.488888341536700466e+00
2.620625027617616620e+00 6.703649867848859856e+00 2.606819945521336557e+00
2.636411925374348986e+00 6.656719215815498636e+00 4.388178577283774473e+00
2.652198823131081795e+00 6.565098414773133051e+00 7.132071818837554922e+00
2.667985720887814161e+00 6.431532638620173437e+00 8.378975631067184793e+00
2.683772618644546970e+00 6.300542351585509238e+00 8.080507898410450807e+00
2.699559516401279780e+00 6.176400334590820940e+00 7.885915582035952553e+00
2.715346414158012145e+00 6.051554065561856710e+00 9.808357040706257024e+00
2.731133311914744954e+00 5.866713275064504352e+00 1.288955264393578481e+01
2.746920209671477320e+00 5.644581966122182770e+00 1.414112613711276545e+01
2.762707107428210129e+00 5.420224250081187023e+00 1.499805170286395217e+01
2.778494005184942495e+00 5.171036548555576928e+00 1.666802355022591797e+01
2.794280902941675304e+00 4.893951482892730631e+00 1.837434583426530210e+01
2.810067800698408114e+00 4.590888710490792057e+00 2.012830334247550823e+01
2.825854698455140479e+00 4.258424549124409708e+00 2.032136142503505738e+01
2.841641596211873289e+00 3.949266200301514207e+00 1.790432799944358067e+01
2.857428493968605654e+00 3.693116958063967559e+00 1.532966610882791691e+01
2.873215391725338463e+00 3.465250457291682906e+00 1.240065646161479584e+01
2.889002289482071273e+00 3.301581166712210358e+00 8.689141227211445440e+00
2.904789187238803638e+00 3.190901288996088159e+00 3.932253716743190797e+00
2.920576084995536448e+00 3.177424991952697120e+00 -7.841838755818216766e-01
2.936362982752268813e+00 3.215660950328665280e+00 -4.614178882962257866e+00
2.952149880509001623e+00 3.323112132465896984e+00 -7.681553881130804839e+00
2.967936778265734432e+00 3.458196761797154739e+00 -9.533204810645642624e+00
2.983723676022466798e+00 3.624111591745205807e+00 -1.103417243681458260e+01
2.999510573779199607e+00 3.806587465977453011e+00 -1.288635596163766550e+01
3.015297471535931972e+00 4.030982759791677417e+00 -1.203868365035003052e+01
3.031084369292664782e+00 4.186694401804902377e+00 -1.133871234931231164e+01
3.046871267049397591e+00 4.388988944894867572e+00 -1.332356851701367262e+01
3.062658164806129957e+00 4.607370029670735612e+00 -1.421914282604787694e+01
3.078445062562862766e+00 4.837941252861259755e+00 -1.517166987532504052e+01
3.094231960319595132e+00 5.086397231912049399e+00 -1.607618800344457455e+01
3.110018858076327941e+00 5.345527525518042111e+00 -1.606922966025987876e+01
3.125805755833060751e+00 5.593763803264005574e+00 -1.793967991118725891e+01
3.141592653589793116e+00 5.911951310610889188e+00 -2.015516362048942511e+01
