0.000000000000000000e+00 2.111003593333344384e+02 1.520871392059148697e+01
1.578689775673262907e-02 2.108602609216586643e+02 3.041742784118117271e+01
3.157379551346525814e-02 2.101399656866313990e+02 6.083485568236234542e+01
4.736069327019788722e-02 2.089394736282525855e+02 9.125228352354442052e+01
6.314759102693051629e-02 2.072587847465222524e+02 1.064609974441341080e+02
7.893448878366314536e-02 2.055780958647919476e+02 1.064609974441332128e+02
9.472138654039577443e-02 2.038974069830616429e+02 1.064609974441341080e+02
1.105082842971284035e-01 2.022167181013313098e+02 1.064609974441341080e+02
1.262951820538610326e-01 2.005360292196010050e+02 1.064609974441341080e+02
1.420820798105936755e-01 1.988553403378706719e+02 1.064609974441350033e+02
1.578689775673262907e-01 1.971746514561403387e+02 1.064609974441341080e+02
1.736558753240589059e-01 1.954939625744100340e+02 1.064609974441341080e+02
1.894427730807915489e-01 1.938132736926797008e+02 1.064609974441341080e+02
2.052296708375241918e-01 1.921325848109493961e+02 1.064609974441332128e+02
2.210165685942568070e-01 1.904518959292190914e+02 1.064609974441341080e+02
2.368034663509894222e-01 1.887712070474887582e+02 1.064609974441350033e+02
2.525903641077220652e-01 1.870905181657584251e+02 1.064609974441350033e+02
2.683772618644547081e-01 1.854098292840280919e+02 1.064609974441341080e+02
2.841641596211873511e-01 1.837291404022977872e+02 1.064609974441341080e+02
2.999510573779199385e-01 1.820484515205674541e+02 1.064609974441341080e+02
3.157379551346525814e-01 1.803677626388371493e+02 1.064609974441341080e+02
3.315248528913852244e-01 1.786870737571068162e+02 1.064609974441341080e+02
3.473117506481178118e-01 1.770063848753765114e+02 1.064609974441341080e+02
3.630986484048504548e-01 1.753256959936461783e+02 1.064609974441341080e+02
3.788855461615830977e-01 1.736450071119158736e+02 1.064609974441341080e+02
3.946724439183157407e-01 1.719643182301855404e+02 1.064609974441341080e+02
4.104593416750483836e-01 1.702836293484552357e+02 1.064609974441341080e+02
4.262462394317809711e-01 1.686029404667249025e+02 1.064609974441341080e+02
4.420331371885136140e-01 1.669222515849945978e+02 1.064609974441341080e+02
4.578200349452462570e-01 1.652415627032642647e+02 1.064609974441341080e+02
4.736069327019788444e-01 1.635608738215339599e+02 1.064609974441341080e+02
4.893938304587114874e-01 1.618801849398036268e+02 1.064609974441341080e+02
5.051807282154441303e-01 1.601994960580733220e+02 1.064609974441341080e+02
5.209676259721767178e-01 1.585188071763429889e+02 1.064609974441341080e+02
5.367545237289094162e-01 1.568381182946126842e+02 1.064609974441350033e+02
5.525414214856420037e-01 1.551574294128823226e+02 1.064609974441350033e+02
5.683283192423747021e-01 1.534767405311520179e+02 1.064609974441332128e+02
5.841152169991072896e-01 1.517960516494217131e+02 1.064609974441332128e+02
5.999021147558398770e-01 1.501153627676914084e+02 1.064609974441350033e+02
6.156890125125725755e-01 1.484346738859610468e+02 1.064609974441350033e+02
6.314759102693051629e-01 1.467539850042307421e+02 1.064609974441341080e+02
6.472628080260377503e-01 1.450732961225004090e+02 1.064609974441341080e+02
6.630497057827704488e-01 1.433926072407701042e+02 1.064609974441341080e+02
6.788366035395030362e-01 1.417119183590397711e+02 1.064609974441341080e+02
6.946235012962356237e-01 1.400312294773094663e+02 1.064609974441341080e+02
7.104103990529683221e-01 1.383505405955791332e+02 1.064609974441341080e+02
7.261972968097009096e-01 1.366698517138488285e+02 1.064609974441341080e+02
7.419841945664336080e-01 1.349891628321184953e+02 1.064609974441341080e+02
7.577710923231661955e-01 1.333084739503881906e+02 1.064609974441341080e+02
7.735579900798987829e-01 1.316277850686578574e+02 1.064609974441350033e+02
7.893448878366314814e-01 1.299470961869275243e+02 1.064609974441341080e+02
8.051317855933640688e-01 1.282664073051972196e+02 1.064609974441336533e+02
8.209186833500967673e-01 1.265857184234669006e+02 1.064609974441341080e+02
8.367055811068293547e-01 1.249050295417365817e+02 1.064609974441341080e+02
8.524924788635619421e-01 1.232243406600062627e+02 1.064609974441341080e+02
8.682793766202946406e-01 1.215436517782759438e+02 1.064609974441341080e+02
8.840662743770272280e-01 1.198629628965456249e+02 1.064609974441341080e+02
8.998531721337598155e-01 1.181822740148153059e+02 1.064609974441345628e+02
9.156400698904925139e-01 1.165015851330849728e+02 1.064609974441345628e+02
9.314269676472251014e-01 1.148208962513546538e+02 1.064609974441341080e+02
9.472138654039576888e-01 1.131402073696243349e+02 1.064609974441341080e+02
9.630007631606903873e-01 1.114595184878940159e+02 1.064609974441336533e+02
9.787876609174229747e-01 1.097788296061637112e+02 1.064609974441341080e+02
9.945745586741556732e-01 1.080981407244333781e+02 1.064609974441341080e+02
1.010361456430888261e+00 1.064174518427030733e+02 1.064609974441336533e+02
1.026148354187620848e+00 1.047367629609727544e+02 1.064609974441345628e+02
1.041935251944353436e+00 1.030560740792424212e+02 1.064609974441345628e+02
1.057722149701086245e+00 1.013753851975121023e+02 1.064609974441341080e+02
1.073509047457818832e+00 9.969469631578178337e+01 1.064609974441341080e+02
1.089295945214551420e+00 9.801400743405146443e+01 1.064609974441341080e+02
1.105082842971284007e+00 9.633331855232114549e+01 1.064609974441341080e+02
1.120869740728016595e+00 9.465262967059082655e+01 1.064609974441341080e+02
1.136656638484749404e+00 9.297194078886050761e+01 1.064609974441341080e+02
1.152443536241481992e+00 9.129125190713018867e+01 1.064609974441341080e+02
1.168230433998214579e+00 8.961056302539986973e+01 1.064609974441341080e+02
1.184017331754947167e+00 8.792987414366955079e+01 1.064609974441341080e+02
1.199804229511679754e+00 8.624918526193923185e+01 1.064609974441341080e+02
1.215591127268412341e+00 8.456849638020891291e+01 1.064609974441341080e+02
1.231378025025145151e+00 8.288780749847859397e+01 1.064609974441341080e+02
1.247164922781877738e+00 8.120711861674827503e+01 1.064609974441341080e+02
1.262951820538610326e+00 7.952642973501795609e+01 1.064609974441345628e+02
1.278738718295342913e+00 7.784574085328762294e+01 1.064609974441345628e+02
1.294525616052075501e+00 7.616505197155730400e+01 1.064609974441341080e+02
1.310312513808808310e+00 7.448436308982698506e+01 1.064609974441341080e+02
1.326099411565540898e+00 7.280367420809666612e+01 9.973032090166444164e+01
1.341886309322273485e+00 7.133549833118556194e+01 1.005385752565984205e+02
1.357673207079006072e+00 6.962928979172968980e+01 1.072692517990680869e+02
1.373460104835738660e+00 6.794860090999937086e+01 1.122927351233025774e+02
1.389247002592471247e+00 6.608378193529881628e+01 1.211775042746206310e+02
1.405033900349204057e+00 6.412256716920043687e+01 1.341942297089751150e+02
1.420820798105936644e+00 6.184676076738065120e+01 1.451845085936239741e+02
1.436607695862669232e+00 5.953854118314241362e+01 1.384407719418674390e+02
1.452394593619401819e+00 5.747566014336184992e+01 1.055370698673902012e+02
1.468181491376134407e+00 5.620633532005913935e+01 7.566295335032485525e+01
1.483968389132867216e+00 5.508669352633383198e+01 6.854046626648776908e+01
1.499755286889599804e+00 5.404225265376349085e+01 5.712888389038519676e+01
1.515542184646332391e+00 5.328291782846631008e+01 3.564873950194524355e+01
1.531329082403064978e+00 5.291668664241628051e+01 2.225801341953378198e+01
1.547115980159797566e+00 5.258014786422198483e+01 3.044896957680049354e+01
1.562902877916530375e+00 5.195529710340265694e+01 6.813902106704419737e+01
1.578689775673262963e+00 5.042874034656342985e+01 1.032062319016851006e+02
1.594476673429995550e+00 4.869668464162357679e+01 1.015944817741297754e+02
1.610263571186728138e+00 4.722101695373058305e+01 1.050734439068617547e+02
1.626050468943460725e+00 4.537911720981276176e+01 1.196931332532587220e+02
1.641837366700193535e+00 4.344185044002624352e+01 1.190311616241868222e+02
1.657624264456926122e+00 4.162085165296045375e+01 1.172679453553378153e+02
1.673411162213658709e+00 3.973925631309258932e+01 9.916389765177225968e+01
1.689198059970391297e+00 3.848987102618519884e+01 7.611379874924637079e+01
1.704984957727123884e+00 3.733605479563083662e+01 7.338117882429790484e+01
1.720771855483856472e+00 3.617294869144978975e+01 6.123150352500248772e+01
1.736558753240589281e+00 3.540274382435038092e+01 4.506536684524662206e+01
1.752345650997321869e+00 3.475006401393867606e+01 4.023682056775081861e+01
1.768132548754054456e+00 3.413231467963222343e+01 4.017887445387446377e+01
1.783919446510787044e+00 3.348146444797085053e+01 5.259175630992593398e+01
1.799706344267519631e+00 3.247179332020862574e+01 6.484920157767852800e+01
1.815493242024252440e+00 3.143392901814574003e+01 7.003559912015518307e+01
1.831280139780985028e+00 3.026050363492581852e+01 8.045358459550719488e+01
1.847067037537717615e+00 2.889370398980191723e+01 8.624420708450125517e+01
1.862853935294450203e+00 2.753744667621882414e+01 8.755214001521994760e+01
1.878640833051182790e+00 2.612935062419508370e+01 8.797965746052157954e+01
1.894427730807915378e+00 2.475959496221559775e+01 8.152609646032526314e+01
1.910214628564648187e+00 2.355526232554572985e+01 7.496274984432487543e+01
1.926001526321380775e+00 2.239273642750383431e+01 7.174811263523693583e+01
1.941788424078113362e+00 2.128990208872368584e+01 6.673922155263245770e+01
1.957575321834845949e+00 2.028552589347316371e+01 6.503453292354086557e+01
1.973362219591578537e+00 1.923651504488208275e+01 6.815750949972623118e+01
1.989149117348311346e+00 1.813353462582174203e+01 7.036428541713335960e+01
2.004936015105043712e+00 1.701484748567040839e+01 6.992018623203225047e+01
2.020722912861776521e+00 1.592588896346814664e+01 6.796331650740340535e+01
2.036509810618509331e+00 1.486898762784873540e+01 6.505964137475304199e+01
2.052296708375241696e+00 1.387170915052231024e+01 6.354648862565533562e+01
2.068083606131974506e+00 1.286258379038354782e+01 6.163744426962725953e+01
2.083870503888706871e+00 1.192558108918048809e+01 5.637583799732001211e+01
2.099657401645439680e+00 1.108258460955592106e+01 5.259311370511071004e+01
2.115444299402172490e+00 1.026501687163889542e+01 5.117837130099391629e+01
2.131231197158904855e+00 9.466689179386140296e+00 4.932459144332151624e+01
2.147018094915637665e+00 8.707652307622243626e+00 4.696303064835561258e+01
2.162804992672370030e+00 7.983888053002358376e+00 4.420471449428312383e+01
2.178591890429102840e+00 7.311941691448634373e+00 4.143049210662341153e+01
2.194378788185835649e+00 6.675770167205594241e+00 3.839534058891334212e+01
2.210165685942568015e+00 6.099655059024431836e+00 3.422248405526470094e+01
2.225952583699300824e+00 5.595236453681841304e+00 2.972761530614568315e+01
2.241739481456033189e+00 5.161041412245228166e+00 2.521986487100545560e+01
2.257526379212765999e+00 4.798949597367489162e+00 2.047911710089229942e+01
2.273313276969498808e+00 4.514437956605345192e+00 1.512097344442995528e+01
2.289100174726231174e+00 4.321523073868519305e+00 9.843858020840603018e+00
2.304887072482963983e+00 4.203629996391739176e+00 5.859800230032440105e+00
2.320673970239696349e+00 4.136506939655718362e+00 1.440855988936632137e+00
2.336460867996429158e+00 4.158136704032702191e+00 -3.181464837850834559e+00
2.352247765753161524e+00 4.236957859879300514e+00 -7.009881054388857891e+00
2.368034663509894333e+00 4.379465255017690239e+00 -1.071716710419446095e+01
2.383821561266627143e+00 4.575339502510773038e+00 -1.291102324818615976e+01
2.399608459023359508e+00 4.787115262925516035e+00 -1.420113387530772009e+01
2.415395356780092317e+00 5.023723199549083418e+00 -1.729135465550474748e+01
2.431182254536824683e+00 5.333068958969228390e+00 -1.924283384286203358e+01
2.446969152293557492e+00 5.631292500403198176e+00 -1.910759513367440832e+01
2.462756050050290302e+00 5.936368260473948055e+00 -1.790592937031363618e+01
2.478542947807022667e+00 6.196650652820032690e+00 -1.548615417404426253e+01
2.494329845563755477e+00 6.425324925655218067e+00 -1.494609512646102445e+01
2.510116743320487842e+00 6.668555604067712750e+00 -1.515477358582629286e+01
2.525903641077220652e+00 6.903818647906962092e+00 -1.174992066294674586e+01
2.541690538833953461e+00 7.039545196379033420e+00 -7.178395907602236115e+00
2.557477436590685826e+00 7.130467852408290952e+00 -4.895540724884914319e+00
2.573264334347418636e+00 7.194115998154391178e+00 -4.055904255459283014e+00
2.589051232104151001e+00 7.258528143992355908e+00 -3.458699590081190323e+00
2.604838129860883811e+00 7.303320271754120796e+00 -8.836117556137510487e-01
2.620625027617616620e+00 7.286427120877398522e+00 2.453861404353136155e+00
2.636411925374348986e+00 7.225842553554690184e+00 3.870014221771150176e+00
2.652198823131081795e+00 7.164236083204993832e+00 4.538783482818175230e+00
2.667985720887814161e+00 7.082535931988295452e+00 7.173331819589940039e+00
2.683772618644546970e+00 6.937746771183027406e+00 1.038631654824073891e+01
2.699559516401279780e+00 6.754600497156022065e+00 1.303604947802605274e+01
2.715346414158012145e+00 6.526149210660417310e+00 1.568534156038107596e+01
2.731133311914744954e+00 6.259354730169691905e+00 1.779621566926472909e+01
2.746920209671477320e+00 5.964255136205526497e+00 1.950982392417735412e+01
2.762707107428210129e+00 5.643355539084003780e+00 2.057520054300974977e+01
2.778494005184942495e+00 5.314617961611997288e+00 2.002076405192651265e+01
2.794280902941675304e+00 5.011224028885139958e+00 1.822742306991074202e+01
2.810067800698408114e+00 4.739109032865216342e+00 1.717858940719487748e+01
2.825854698455140479e+00 4.468830759732588476e+00 1.597861380750734028e+01
2.841641596211873289e+00 4.234603547918347033e+00 1.404186729617461893e+01
2.857428493968605654e+00 4.025475713095955754e+00 1.206702075244402828e+01
2.873215391725338463e+00 3.853601902223937614e+00 9.241864962129859862e+00
2.889002289482071273e+00 3.733674958618608208e+00 6.488424802576014727e+00
2.904789187238803638e+00 3.648737704302906337e+00 5.164288498659061588e+00
2.920576084995536448e+00 3.570618769589406494e+00 2.075078034278386774e+00
2.936362982752268813e+00 3.583219614774117101e+00 -2.100686598328664001e+00
2.952149880509001623e+00 3.636945418682912656e+00 -4.849888424162111633e+00
2.967936778265734432e+00 3.736349000141733878e+00 -7.027962403576349715e+00
2.983723676022466798e+00 3.858844866489754111e+00 -7.717318878779297009e+00
2.999510573779199607e+00 3.980014048332516374e+00 -8.632633210659955481e+00
3.015297471535931972e+00 4.131409862225880580e+00 -8.907911790055779377e+00
3.031084369292664782e+00 4.261270633643723826e+00 -7.266433028102832203e+00
3.046871267049397591e+00 4.360838732767489567e+00 -6.579092208590219037e+00
3.062658164806129957e+00 4.468997545701983931e+00 -8.335268805188135843e+00
3.078445062562862766e+00 4.624014805572265630e+00 -9.430836751890650405e+00
3.094231960319595132e+00 4.766764856827052199e+00 -8.752333731088782542e+00
3.110018858076327941e+00 4.900359201063267278e+00 -9.600597168199122677e+00
3.125805755833060751e+00 5.069892148622924921e+00 -1.225996398581934521e+01
3.141592653589793116e+00 5.287452796953975742e+00 -1.378108933645737011e+01
