0.000000000000000000e+00 1.415822292715960202e+02 8.997861619886659668e+00
1.578689775673262907e-02 1.414401809501736409e+02 1.799572323977512056e+01
3.157379551346525814e-02 1.410140359859064461e+02 3.599144647955114351e+01
4.736069327019788722e-02 1.403037943787944641e+02 5.398716971932716291e+01
6.314759102693051629e-02 1.393094561288376667e+02 6.298503133921472141e+01
7.893448878366314536e-02 1.383151178788808977e+02 6.298503133921381902e+01
9.472138654039577443e-02 1.373207796289241287e+02 6.298503133921381902e+01
1.105082842971284035e-01 1.363264413789673597e+02 6.298503133921381902e+01
1.262951820538610326e-01 1.353321031290105907e+02 6.298503133921472141e+01
1.420820798105936755e-01 1.343377648790537933e+02 6.298503133921472141e+01
1.578689775673262907e-01 1.333434266290970243e+02 6.298503133921381902e+01
1.736558753240589059e-01 1.323490883791402553e+02 6.298503133921472141e+01
1.894427730807915489e-01 1.313547501291834578e+02 6.298503133921472141e+01
2.052296708375241918e-01 1.303604118792266888e+02 6.298503133921381902e+01
2.210165685942568070e-01 1.293660736292699198e+02 6.298503133921381902e+01
2.368034663509894222e-01 1.283717353793131508e+02 6.298503133921472141e+01
2.525903641077220652e-01 1.273773971293563534e+02 6.298503133921516906e+01
2.683772618644547081e-01 1.263830588793995702e+02 6.298503133921427377e+01
2.841641596211873511e-01 1.253887206294428012e+02 6.298503133921381902e+01
2.999510573779199385e-01 1.243943823794860322e+02 6.298503133921427377e+01
3.157379551346525814e-01 1.234000441295292489e+02 6.298503133921381902e+01
3.315248528913852244e-01 1.224057058795724942e+02 6.298503133921427377e+01
3.473117506481178118e-01 1.214113676296156967e+02 6.298503133921427377e+01
3.630986484048504548e-01 1.204170293796589419e+02 6.298503133921337138e+01
3.788855461615830977e-01 1.194226911297021729e+02 6.298503133921472141e+01
3.946724439183157407e-01 1.184283528797453755e+02 6.298503133921516906e+01
4.104593416750483836e-01 1.174340146297885923e+02 6.298503133921427377e+01
4.262462394317809711e-01 1.164396763798318233e+02 6.298503133921381902e+01
4.420331371885136140e-01 1.154453381298750543e+02 6.298503133921427377e+01
4.578200349452462570e-01 1.144509998799182711e+02 6.298503133921472141e+01
4.736069327019788444e-01 1.134566616299614878e+02 6.298503133921427377e+01
4.893938304587114874e-01 1.124623233800047188e+02 6.298503133921427377e+01
5.051807282154441303e-01 1.114679851300479356e+02 6.298503133921427377e+01
5.209676259721767178e-01 1.104736468800911666e+02 6.298503133921427377e+01
5.367545237289094162e-01 1.094793086301343834e+02 6.298503133921427377e+01
5.525414214856420037e-01 1.084849703801776144e+02 6.298503133921427377e+01
5.683283192423747021e-01 1.074906321302208312e+02 6.298503133921427377e+01
5.841152169991072896e-01 1.064962938802640622e+02 6.298503133921381902e+01
5.999021147558398770e-01 1.055019556303072932e+02 6.298503133921427377e+01
6.156890125125725755e-01 1.045076173803505100e+02 6.298503133921472141e+01
6.314759102693051629e-01 1.035132791303937267e+02 6.298503133921472141e+01
6.472628080260377503e-01 1.025189408804369435e+02 6.298503133921427377e+01
6.630497057827704488e-01 1.015246026304801745e+02 6.298503133921337138e+01
6.788366035395030362e-01 1.005302643805234197e+02 6.298503133921381902e+01
6.946235012962356237e-01 9.953592613056663652e+01 6.298503133921516906e+01
7.104103990529683221e-01 9.854158788060983909e+01 6.298503133921472141e+01
7.261972968097009096e-01 9.754724963065307008e+01 6.298503133921427377e+01
7.419841945664336080e-01 9.655291138069628687e+01 6.298503133921427377e+01
7.577710923231661955e-01 9.555857313073951786e+01 6.298503133921427377e+01
7.735579900798987829e-01 9.456423488078273465e+01 6.298503133921427377e+01
7.893448878366314814e-01 9.356989663082596564e+01 6.298503133921381902e+01
8.051317855933640688e-01 9.257555838086919664e+01 6.298503133921427377e+01
8.209186833500967673e-01 9.158122013091241342e+01 6.298503133921472141e+01
8.367055811068293547e-01 9.058688188095563021e+01 6.298503133921472141e+01
8.524924788635619421e-01 8.959254363099884699e+01 6.298503133921381902e+01
8.682793766202946406e-01 8.859820538104209220e+01 6.298503133921381902e+01
8.840662743770272280e-01 8.760386713108530898e+01 6.298503133921472141e+01
8.998531721337598155e-01 8.660952888112852577e+01 6.298503133921427377e+01
9.156400698904925139e-01 8.561519063117175676e+01 6.298503133921427377e+01
9.314269676472251014e-01 8.462085238121497355e+01 6.298503133921427377e+01
9.472138654039576888e-01 8.362651413125820454e+01 6.298503133921381902e+01
9.630007631606903873e-01 8.263217588130143554e+01 6.298503133921472141e+01
9.787876609174229747e-01 8.163783763134463811e+01 6.298503133921472141e+01
9.945745586741556732e-01 8.064349938138786911e+01 6.298503133921381902e+01
1.010361456430888261e+00 7.964916113143110010e+01 6.298503133921427377e+01
1.026148354187620848e+00 7.865482288147431689e+01 6.298503133921427377e+01
1.041935251944353436e+00 7.766048463151754788e+01 6.298503133921427377e+01
1.057722149701086245e+00 7.666614638156076467e+01 6.298503133921427377e+01
1.073509047457818832e+00 7.567180813160399566e+01 6.298503133921427377e+01
1.089295945214551420e+00 7.467746988164721245e+01 6.298503133921472141e+01
1.105082842971284007e+00 7.368313163169042923e+01 6.298503133921427377e+01
1.120869740728016595e+00 7.268879338173366023e+01 6.298503133921381902e+01
1.136656638484749404e+00 7.169445513177689122e+01 6.298503133921427377e+01
1.152443536241481992e+00 7.070011688182010801e+01 6.298503133921472141e+01
1.168230433998214579e+00 6.970577863186332479e+01 6.298503133921427377e+01
1.184017331754947167e+00 6.871144038190655579e+01 6.298503133921381902e+01
1.199804229511679754e+00 6.771710213194978678e+01 6.298503133921427377e+01
1.215591127268412341e+00 6.672276388199300357e+01 6.298503133921427377e+01
1.231378025025145151e+00 6.572842563203623456e+01 6.298503133921381902e+01
1.247164922781877738e+00 6.473408738207946556e+01 6.298503133921427377e+01
1.262951820538610326e+00 6.373974913212268234e+01 6.298503133921494879e+01
1.278738718295342913e+00 6.274541088216589202e+01 6.298503133921449404e+01
1.294525616052075501e+00 6.175107263220912301e+01 6.298503133921404640e+01
1.310312513808808310e+00 6.075673438225234690e+01 6.298503133921427377e+01
1.326099411565540898e+00 5.976239613229557079e+01 6.298503133921427377e+01
1.341886309322273485e+00 5.876805788233879468e+01 6.298503133921449404e+01
1.357673207079006072e+00 5.777371963238201147e+01 6.298503133921427377e+01
1.373460104835738660e+00 5.677938138242524246e+01 6.298503133921404640e+01
1.389247002592471247e+00 5.578504313246846635e+01 6.298503133921427377e+01
1.405033900349204057e+00 5.479070488251169024e+01 6.298503133921427377e+01
1.420820798105936644e+00 5.379636663255491413e+01 6.298503133921404640e+01
1.436607695862669232e+00 5.280202838259814513e+01 6.780634105384513077e+01
1.452394593619401819e+00 5.165546308560452360e+01 5.770689628472434407e+01
1.468181491376134407e+00 5.098000263958751077e+01 5.288558657009325259e+01
1.483968389132867216e+00 4.998566438963073466e+01 6.920958627809102381e+01
1.499755286889599804e+00 4.879479331487153360e+01 7.082225937945592875e+01
1.515542184646332391e+00 4.774953685418219607e+01 6.874699036219406878e+01
1.531329082403064978e+00 4.662418989900945121e+01 7.616562045411615145e+01
1.547115980159797566e+00 4.534469912880772569e+01 7.177933485538108016e+01
1.562902877916530375e+00 4.435784385819309961e+01 8.556451843693854187e+01
1.578689775673262963e+00 4.264310252047170025e+01 8.807139967609673192e+01
1.594476673429995550e+00 4.157709549423535123e+01 6.163960849232113048e+01
1.610263571186728138e+00 4.069690612640509642e+01 5.877291572059839808e+01
1.626050468943460725e+00 3.972141147154304974e+01 6.018340840664595959e+01
1.641837366700193535e+00 3.879668749607029099e+01 5.539763781211433979e+01
1.657624264456926122e+00 3.797229778333434069e+01 5.404753861343078114e+01
1.673411162213658709e+00 3.709020156388370992e+01 4.509486825122228026e+01
1.689198059970391297e+00 3.654848163446359166e+01 4.769673712181992187e+01
1.704984957727123884e+00 3.558423453933986025e+01 6.181468988434264134e+01
1.720771855483856472e+00 3.459675725632708776e+01 6.698816282605477568e+01
1.736558753240589281e+00 3.346916398444729168e+01 7.322438990089389677e+01
1.752345650997321869e+00 3.228478534299801339e+01 7.465316810596378616e+01
1.768132548754054456e+00 3.111208012023724478e+01 7.982236587910900028e+01
1.783919446510787044e+00 2.976449028533001950e+01 8.903620916171682609e+01
1.799706344267519631e+00 2.830086905887107562e+01 9.060257916595509187e+01
1.815493242024252440e+00 2.690382297775160580e+01 8.903729567018199020e+01
1.831280139780985028e+00 2.548962369230880398e+01 8.852433835775035220e+01
1.847067037537717615e+00 2.410877362047918737e+01 8.552633716267621367e+01
1.862853935294450203e+00 2.278923261171878067e+01 8.319299622708567199e+01
1.878640833051182790e+00 2.148205496945269743e+01 8.109312013745261538e+01
1.894427730807915378e+00 2.022881501894998024e+01 7.998064644459843464e+01
1.910214628564648187e+00 1.895676239357618442e+01 7.983920075333013244e+01
1.926001526321380775e+00 1.770798842040583310e+01 7.886720843909621692e+01
1.941788424078113362e+00 1.646662528160231886e+01 7.712537587763632985e+01
1.957575321834845949e+00 1.527284757354619771e+01 7.515154196646011542e+01
1.973362219591578537e+00 1.409380586303170446e+01 7.408629867503715616e+01
1.989149117348311346e+00 1.293366192883106258e+01 7.203743037873896071e+01
2.004936015105043712e+00 1.181931076693791027e+01 6.813887771650288983e+01
2.020722912861776521e+00 1.078225893729318585e+01 6.506578035003585114e+01
2.036509810618509331e+00 9.764937123241832495e+00 6.128384863400078331e+01
2.052296708375241696e+00 8.847295232245087959e+00 5.627856881583861792e+01
2.068083606131974506e+00 7.988009099660061452e+00 5.180438061464351307e+01
2.083870503888706871e+00 7.211634312016609982e+00 4.579423575587350115e+01
2.099657401645439680e+00 6.542111264208692489e+00 3.962633267784280378e+01
2.115444299402172490e+00 5.960480587097855221e+00 3.426880588705716946e+01
2.131231197158904855e+00 5.460114994640115071e+00 2.793671421874496374e+01
2.147018094915637665e+00 5.078412485037084423e+00 2.144514231202736099e+01
2.162804992672370030e+00 4.783010456523001608e+00 1.526340706305741790e+01
2.178591890429102840e+00 4.596488791589328216e+00 8.749415619453866810e+00
2.194378788185835649e+00 4.506758196892046264e+00 3.137563311333602112e+00
2.210165685942568015e+00 4.497424009186730132e+00 -2.518088691766827480e+00
2.225952583699300824e+00 4.586263814330661326e+00 -9.017595097594648834e+00
2.241739481456033189e+00 4.782143712821410375e+00 -1.432205138168155578e+01
2.257526379212765999e+00 5.038465335989217309e+00 -1.812618685580485334e+01
2.273313276969498808e+00 5.354456230045454568e+00 -2.173061509214409881e+01
2.289100174726231174e+00 5.724583333290397036e+00 -2.435280714993459483e+01
2.304887072482963983e+00 6.123366783176344086e+00 -2.607688314547806741e+01
2.320673970239696349e+00 6.547929509354250222e+00 -2.679664164769540591e+01
2.336460867996429158e+00 6.969438467008285620e+00 -2.516854421917515339e+01
2.352247765753161524e+00 7.342595977902094617e+00 -2.272643026373682673e+01
2.368034663509894333e+00 7.686998128906540551e+00 -2.028117473920227454e+01
2.383821561266627143e+00 7.982949641890524362e+00 -1.647162887602152637e+01
2.399608459023359508e+00 8.207069970811733839e+00 -1.252852117900160600e+01
2.415395356780092317e+00 8.378522607682439727e+00 -8.634108152444474271e+00
2.431182254536824683e+00 8.479681536058158997e+00 -4.334363390937649108e+00
2.446969152293557492e+00 8.515374911068954944e+00 -5.927284022545442621e-01
2.462756050050290302e+00 8.498396221425966957e+00 2.948800914627971892e+00
2.478542947807022667e+00 8.422270073980572036e+00 6.048395824545111488e+00
2.494329845563755477e+00 8.307425408477282502e+00 8.619210736128641415e+00
2.510116743320487842e+00 8.150128876710581949e+00 1.179185681747345349e+01
2.525903641077220652e+00 7.935111732598314482e+00 1.517291940275212525e+01
2.541690538833953461e+00 7.671062222145796916e+00 1.734985397869055035e+01
2.557477436590685826e+00 7.387310990886657436e+00 1.891908893869423025e+01
2.573264334347418636e+00 7.073714776694402850e+00 2.005768826210812605e+01
2.589051232104151001e+00 6.754013643226023156e+00 2.123455362378557965e+01
2.604838129860883811e+00 6.403259322757284266e+00 2.200751433859033668e+01
2.620625027617616620e+00 6.059152885739717220e+00 2.167412241150167418e+01
2.636411925374348986e+00 5.718925013802715895e+00 2.080399656708243938e+01
2.652198823131081795e+00 5.402291752267823099e+00 1.995617487269479184e+01
2.667985720887814161e+00 5.088832829141296976e+00 1.793818711785747766e+01
2.683772618644546970e+00 4.835915100326314331e+00 1.499372709553078131e+01
2.699559516401279780e+00 4.615423955842304693e+00 1.191861084550261296e+01
2.715346414158012145e+00 4.459599318685845581e+00 8.430495532740398090e+00
2.731133311914744954e+00 4.349241213814377005e+00 4.204845697207858279e+00
2.746920209671477320e+00 4.326836380476530408e+00 -1.099937601039845836e+00
2.762707107428210129e+00 4.383970418707180627e+00 -6.118695771966947028e+00
2.778494005184942495e+00 4.520026829589719242e+00 -1.015842459887332261e+01
2.794280902941675304e+00 4.704710439730962257e+00 -1.459179087761734195e+01
2.810067800698408114e+00 4.980745050934856977e+00 -2.057840954860060378e+01
2.825854698455140479e+00 5.354448934810818628e+00 -2.740255981750872039e+01
2.841641596211873289e+00 5.845947871158377218e+00 -3.441236377132744195e+01
2.857428493968605654e+00 6.440977871661691445e+00 -4.078076006940799658e+01
2.873215391725338463e+00 7.133551250473554539e+00 -4.852419491668183582e+01
2.889002289482071273e+00 7.973070879416534140e+00 -5.798204721867014655e+01
2.904789187238803638e+00 8.964264552807932773e+00 -6.584847104749972857e+01
2.920576084995536448e+00 1.005215703914462821e+01 -7.166761713948335455e+01
2.936362982752268813e+00 1.122708324130729807e+01 -7.656943221612296213e+01
2.952149880509001623e+00 1.246974463451863357e+01 -8.174271807804196044e+01
2.967936778265734432e+00 1.380801110661823472e+01 -8.823931799581968960e+01
2.983723676022466798e+00 1.525579481716627939e+01 -9.091691030458041212e+01
2.999510573779199607e+00 1.667860304129111881e+01 -8.523330332385002350e+01
3.015297471535931972e+00 1.794693370725067894e+01 -7.727217954048285264e+01
3.031084369292664782e+00 1.911837903698209828e+01 -7.012321273600365146e+01
3.046871267049397591e+00 2.016098968692448068e+01 -6.531969995074322810e+01
3.062658164806129957e+00 2.118076988622777179e+01 -5.519469106639161282e+01
3.078445062562862766e+00 2.190369557608361717e+01 -3.542787366051712183e+01
3.094231960319595132e+00 2.229936232466182133e+01 -2.217687231757907185e+01
3.110018858076327941e+00 2.260390360776708718e+01 -1.967782118489014209e+01
3.125805755833060751e+00 2.292066582690407728e+01 -1.419949571103536101e+01
3.141592653589793116e+00 2.305223558174164467e+01 -8.334110783827489044e+00
