0.000000000000000000e+00 8.099226777766385510e+01 3.676718184292761205e+00
1.578689775673262907e-02 8.093422380360810564e+01 7.353436368584172378e+00
3.157379551346525814e-02 8.076009188144089990e+01 1.470687273716834476e+01
4.736069327019788722e-02 8.046987201116219524e+01 2.206030910575296744e+01
6.314759102693051629e-02 8.006356419277202008e+01 2.573702729004482848e+01
7.893448878366314536e-02 7.965725637438184492e+01 2.573702729004527967e+01
9.472138654039577443e-02 7.925094855599165555e+01 2.573702729004527967e+01
1.105082842971284035e-01 7.884464073760148040e+01 2.573702729004437728e+01
1.262951820538610326e-01 7.843833291921131945e+01 2.573702729004437728e+01
1.420820798105936755e-01 7.803202510082114429e+01 2.573702729004482848e+01
1.578689775673262907e-01 7.762571728243096914e+01 2.573702729004482848e+01
1.736558753240589059e-01 7.721940946404079398e+01 2.573702729004527967e+01
1.894427730807915489e-01 7.681310164565060461e+01 2.573702729004527967e+01
2.052296708375241918e-01 7.640679382726042945e+01 2.573702729004482848e+01
2.210165685942568070e-01 7.600048600887025430e+01 2.573702729004482848e+01
2.368034663509894222e-01 7.559417819048007914e+01 2.573702729004527967e+01
2.525903641077220652e-01 7.518787037208988977e+01 2.573702729004527967e+01
2.683772618644547081e-01 7.478156255369971461e+01 2.573702729004482848e+01
2.841641596211873511e-01 7.437525473530953946e+01 2.573702729004482848e+01
2.999510573779199385e-01 7.396894691691936430e+01 2.573702729004482848e+01
3.157379551346525814e-01 7.356263909852918914e+01 2.573702729004482848e+01
3.315248528913852244e-01 7.315633128013901398e+01 2.573702729004482848e+01
3.473117506481178118e-01 7.275002346174883883e+01 2.573702729004482848e+01
3.630986484048504548e-01 7.234371564335866367e+01 2.573702729004482848e+01
3.788855461615830977e-01 7.193740782496848851e+01 2.573702729004482848e+01
3.946724439183157407e-01 7.153110000657831336e+01 2.573702729004482848e+01
4.104593416750483836e-01 7.112479218818813820e+01 2.573702729004482848e+01
4.262462394317809711e-01 7.071848436979796304e+01 2.573702729004527967e+01
4.420331371885136140e-01 7.031217655140777367e+01 2.573702729004527967e+01
4.578200349452462570e-01 6.990586873301759852e+01 2.573702729004482848e+01
4.736069327019788444e-01 6.949956091462742336e+01 2.573702729004482848e+01
4.893938304587114874e-01 6.909325309623724820e+01 2.573702729004482848e+01
5.051807282154441303e-01 6.868694527784707304e+01 2.573702729004482848e+01
5.209676259721767178e-01 6.828063745945689789e+01 2.573702729004482848e+01
5.367545237289094162e-01 6.787432964106672273e+01 2.573702729004482848e+01
5.525414214856420037e-01 6.746802182267654757e+01 2.573702729004527967e+01
5.683283192423747021e-01 6.706171400428635820e+01 2.573702729004527967e+01
5.841152169991072896e-01 6.665540618589618305e+01 2.573702729004482848e+01
5.999021147558398770e-01 6.624909836750600789e+01 2.573702729004482848e+01
6.156890125125725755e-01 6.584279054911583273e+01 2.573702729004482848e+01
6.314759102693051629e-01 6.543648273072565758e+01 2.573702729004482848e+01
6.472628080260377503e-01 6.503017491233548242e+01 2.573702729004482848e+01
6.630497057827704488e-01 6.462386709394530726e+01 2.573702729004482848e+01
6.788366035395030362e-01 6.421755927555513210e+01 2.573702729004482848e+01
6.946235012962356237e-01 6.381125145716495695e+01 2.573702729004505230e+01
7.104103990529683221e-01 6.340494363877477468e+01 2.573702729004505230e+01
7.261972968097009096e-01 6.299863582038459953e+01 2.573702729004505230e+01
7.419841945664336080e-01 6.259232800199441726e+01 2.573702729004505230e+01
7.577710923231661955e-01 6.218602018360424211e+01 2.573702729004482848e+01
7.735579900798987829e-01 6.177971236521406695e+01 2.573702729004482848e+01
7.893448878366314814e-01 6.137340454682389179e+01 2.573702729004482848e+01
8.051317855933640688e-01 6.096709672843371663e+01 2.573702729004505230e+01
8.209186833500967673e-01 6.056078891004353437e+01 2.573702729004482848e+01
8.367055811068293547e-01 6.015448109165336632e+01 2.573702729004460465e+01
8.524924788635619421e-01 5.974817327326319116e+01 2.573702729004505230e+01
8.682793766202946406e-01 5.934186545487300890e+01 2.573702729004505230e+01
8.840662743770272280e-01 5.893555763648283374e+01 2.573702729004505230e+01
8.998531721337598155e-01 5.852924981809265148e+01 2.573702729004505230e+01
9.156400698904925139e-01 5.812294199970247632e+01 2.573702729004482848e+01
9.314269676472251014e-01 5.771663418131230117e+01 2.573702729004482848e+01
9.472138654039576888e-01 5.731032636292212601e+01 2.573702729004482848e+01
9.630007631606903873e-01 5.690401854453195085e+01 2.573702729004505230e+01
9.787876609174229747e-01 5.649771072614176859e+01 2.573702729004482848e+01
9.945745586741556732e-01 5.609140290775160054e+01 2.573702729004460465e+01
1.010361456430888261e+00 5.568509508936142538e+01 2.573702729004505230e+01
1.026148354187620848e+00 5.527878727097124312e+01 2.573702729004527967e+01
1.041935251944353436e+00 5.487247945258106085e+01 2.573702729004505230e+01
1.057722149701086245e+00 5.446617163419088570e+01 2.573702729004482848e+01
1.073509047457818832e+00 5.405986381580071054e+01 2.573702729004482848e+01
1.089295945214551420e+00 5.365355599741053538e+01 2.573702729004505230e+01
1.105082842971284007e+00 5.324724817902035312e+01 2.573702729004482848e+01
1.120869740728016595e+00 5.284094036063018507e+01 2.573702729004482848e+01
1.136656638484749404e+00 5.243463254224000281e+01 2.573702729004505230e+01
1.152443536241481992e+00 5.202832472384982765e+01 2.573702729004482848e+01
1.168230433998214579e+00 5.162201690545965249e+01 2.573702729004505230e+01
1.184017331754947167e+00 5.121570908706947023e+01 2.573702729004482848e+01
1.199804229511679754e+00 5.080940126867930218e+01 2.573702729004482848e+01
1.215591127268412341e+00 5.040309345028911991e+01 2.573702729004505230e+01
1.231378025025145151e+00 4.999678563189894476e+01 2.573702729004482848e+01
1.247164922781877738e+00 4.959047781350876960e+01 2.573702729004505230e+01
1.262951820538610326e+00 4.918416999511858734e+01 2.573702729004482848e+01
1.278738718295342913e+00 4.877786217672841929e+01 2.573702729004482848e+01
1.294525616052075501e+00 4.837155435833823702e+01 2.573702729004505230e+01
1.310312513808808310e+00 4.796524653994806187e+01 2.573702729004482848e+01
1.326099411565540898e+00 4.755893872155788671e+01 2.573702729004505230e+01
1.341886309322273485e+00 4.715263090316770445e+01 2.573702729004505230e+01
1.357673207079006072e+00 4.674632308477752929e+01 2.573702729004482848e+01
1.373460104835738660e+00 4.634001526638735413e+01 2.573702729004482848e+01
1.389247002592471247e+00 4.593370744799717897e+01 2.573702729004482848e+01
1.405033900349204057e+00 4.552739962960700382e+01 2.573702729004482848e+01
1.420820798105936644e+00 4.512109181121682866e+01 2.573702729004482848e+01
1.436607695862669232e+00 4.471478399282665350e+01 2.573702729004505230e+01
1.452394593619401819e+00 4.430847617443647124e+01 2.573702729004527967e+01
1.468181491376134407e+00 4.390216835604628898e+01 2.573702729004505230e+01
1.483968389132867216e+00 4.349586053765611382e+01 2.573702729004482848e+01
1.499755286889599804e+00 4.308955271926593866e+01 2.573702729004482848e+01
1.515542184646332391e+00 4.268324490087576351e+01 2.573702729004482848e+01
1.531329082403064978e+00 4.227693708248558835e+01 2.573702729004482848e+01
1.547115980159797566e+00 4.187062926409541319e+01 2.573702729004505230e+01
1.562902877916530375e+00 4.146432144570523093e+01 2.573702729004527967e+01
1.578689775673262963e+00 4.105801362731504867e+01 2.573702729004482848e+01
1.594476673429995550e+00 4.065170580892488061e+01 2.573702729004460465e+01
1.610263571186728138e+00 4.024539799053470546e+01 2.573702729004505230e+01
1.626050468943460725e+00 3.983909017214452319e+01 2.573702729004505230e+01
1.641837366700193535e+00 3.943278235375434804e+01 2.573702729004505230e+01
1.657624264456926122e+00 3.902647453536416577e+01 2.573702729004482848e+01
1.673411162213658709e+00 3.862016671697399772e+01 2.573702729004460465e+01
1.689198059970391297e+00 3.821385889858382257e+01 2.573702729004482848e+01
1.704984957727123884e+00 3.780755108019364741e+01 2.573702729004505230e+01
1.720771855483856472e+00 3.740124326180346515e+01 2.573702729004505230e+01
1.736558753240589281e+00 3.699493544341328999e+01 2.301662498973977122e+01
1.752345650997321869e+00 3.667452105096730719e+01 1.643973302206820009e+01
1.768132548754054456e+00 3.647587067467854638e+01 1.916013532237325734e+01
1.783919446510787044e+00 3.606956285628837122e+01 3.511868564887056721e+01
1.799706344267519631e+00 3.536704047529944006e+01 5.601410605693610023e+01
1.815493242024252440e+00 3.430098492577711511e+01 7.021325390900176444e+01
1.831280139780985028e+00 3.315014155404160334e+01 8.119047780778137735e+01
1.847067037537717615e+00 3.173749338183368707e+01 9.267033439452301025e+01
1.862853935294450203e+00 3.022418736570448772e+01 1.037086337953425783e+02
1.878640833051182790e+00 2.846301818539868833e+01 1.135482119713612690e+02
1.894427730807915378e+00 2.663903934000111917e+01 1.081153073967646634e+02
1.910214628564648187e+00 2.504940757777780291e+01 9.081037366348316198e+01
1.926001526321380775e+00 2.377181117144893108e+01 8.130070065253218559e+01
1.941788424078113362e+00 2.248243588027330020e+01 7.608928769964128946e+01
1.957575321834845949e+00 2.136938356085522983e+01 7.344059960852089830e+01
1.973362219591578537e+00 2.016363740584758446e+01 7.548552046107491265e+01
1.989149117348311346e+00 1.898601917358975300e+01 6.886740749543878337e+01
2.004936015105043712e+00 1.798923196404411584e+01 6.482405106792820959e+01
2.020722912861776521e+00 1.693927784081655830e+01 6.779011647785226558e+01
2.036509810618509331e+00 1.584884068853841654e+01 6.748937295118690827e+01
2.052296708375241696e+00 1.480838217992378958e+01 6.667743008314587883e+01
2.068083606131974506e+00 1.374358114572979161e+01 6.544066196727659701e+01
2.083870503888706871e+00 1.274217210070319517e+01 6.295207132188399157e+01
2.099657401645439680e+00 1.175594531866354586e+01 6.144566669599483788e+01
2.115444299402172490e+00 1.080209918525531165e+01 5.857446469943221956e+01
2.131231197158904855e+00 9.906527147932983723e+00 5.582363220206167398e+01
2.147018094915637665e+00 9.039535237288522040e+00 5.579124497093100388e+01
2.162804992672370030e+00 8.144985787779161157e+00 5.390330708085114253e+01
2.178591890429102840e+00 7.337603242018204242e+00 5.049462126788667149e+01
2.194378788185835649e+00 6.550678941337033656e+00 4.709466536554738525e+01
2.210165685942568015e+00 5.850645907991336436e+00 4.228122447876724976e+01
2.225952583699300824e+00 5.215700205585514837e+00 3.834561282650152947e+01
2.241739481456033189e+00 4.639929369768866607e+00 3.384703304099485166e+01
2.257526379212765999e+00 4.147020905611641162e+00 2.786622857215106919e+01
2.273313276969498808e+00 3.760086767100285776e+00 2.257291219524281800e+01
2.289100174726231174e+00 3.434308391815638295e+00 1.833926890784685426e+01
2.304887072482963983e+00 3.181046440737477887e+00 1.438336010036520918e+01
2.320673970239696349e+00 2.980171121210172025e+00 1.139348421928620425e+01
2.336460867996429158e+00 2.821310899811841910e+00 7.684710886928225015e+00
2.352247765753161524e+00 2.737535631086200016e+00 3.161746920707907638e+00
2.368034663509894333e+00 2.721482549072081980e+00 -2.167241924032260458e-01
2.383821561266627143e+00 2.744378436419960376e+00 -2.861503389182112667e+00
2.399608459023359508e+00 2.811831071943205806e+00 -5.107516614278464928e+00
2.415395356780092317e+00 2.905642121580815029e+00 -6.349969670080122697e+00
2.431182254536824683e+00 3.012323715823022052e+00 -7.750751331624408103e+00
2.446969152293557492e+00 3.150362759201242646e+00 -8.864009689034574535e+00
2.462756050050290302e+00 3.292194145173974462e+00 -8.291260129250055400e+00
2.478542947807022667e+00 3.412149311071131397e+00 -8.136580908549269964e+00
2.494329845563755477e+00 3.549096886959274499e+00 -8.706375841637031598e+00
2.510116743320487842e+00 3.687042641558353040e+00 -8.921604032275542551e+00
2.525903641077220652e+00 3.830785788326449559e+00 -9.820035319764677695e+00
2.541690538833953461e+00 3.997098428679609405e+00 -1.068608987094737905e+01
2.557477436590685826e+00 4.168186204750254475e+00 -1.078463348191798055e+01
2.573264334347418636e+00 4.337610240925358518e+00 -1.112671021386464432e+01
2.589051232104151001e+00 4.519498677780402041e+00 -1.125381013799566965e+01
2.604838129860883811e+00 4.692935740969796043e+00 -1.036345279636557493e+01
2.620625027617616620e+00 4.846712217186298410e+00 -9.197841120981504304e+00
2.636411925374348986e+00 4.983346495689008115e+00 -8.009332360876056711e+00
2.652198823131081795e+00 5.099597239347978928e+00 -6.150398054824783856e+00
2.667985720887814161e+00 5.177537906198460327e+00 -4.443946531117425103e+00
2.683772618644546970e+00 5.239909498394253795e+00 -3.818900299068178850e+00
2.699559516401279780e+00 5.298115083327550323e+00 -3.455788541285346849e+00
2.715346414158012145e+00 5.349021859134573731e+00 -4.012857911145257361e+00
2.731133311914744954e+00 5.424816238438642024e+00 -5.701052573947220203e+00
2.746920209671477320e+00 5.529025727315898031e+00 -7.096330621387900273e+00
2.762707107428210129e+00 5.648874330374285435e+00 -9.341782056676144919e+00
2.778494005184942495e+00 5.823981243704749566e+00 -1.129912784877100407e+01
2.794280902941675304e+00 6.005630682551881705e+00 -1.164478133418792716e+01
2.810067800698408114e+00 6.191651188349416302e+00 -1.297126254545274726e+01
2.825854698455140479e+00 6.415182673713477612e+00 -1.263794177529438123e+01
2.841641596211873289e+00 6.590678977673641192e+00 -1.127378999539411986e+01
2.857428493968605654e+00 6.771139013689801978e+00 -1.445417084843399458e+01
2.873215391725338463e+00 7.047052012358786754e+00 -1.696508557703225861e+01
2.889002289482071273e+00 7.306791156567457257e+00 -1.643839348324545568e+01
2.904789187238803638e+00 7.566074486768658680e+00 -2.134471147307526095e+01
2.920576084995536448e+00 7.980724711912251301e+00 -2.604632658566520576e+01
2.936362982752268813e+00 8.388455876261385669e+00 -3.230350410656024707e+01
2.952149880509001623e+00 9.000668944941169869e+00 -4.129703546021076477e+01
2.967936778265734432e+00 9.692360029194404092e+00 -4.326450412519957922e+01
2.983723676022466798e+00 1.036669355118169555e+01 -4.574470650672131455e+01
2.999510573779199607e+00 1.113669403826110660e+01 -5.754509830540774118e+01
3.015297471535931972e+00 1.218361071787889571e+01 -5.830275509334529715e+01
3.031084369292664782e+00 1.297753330545003614e+01 -6.292662449748802089e+01
3.046871267049397591e+00 1.417044309211519604e+01 -6.178380806938991299e+01
3.062658164806129957e+00 1.492828262747613799e+01 -5.709964411138782481e+01
3.078445062562862766e+00 1.597329557917979592e+01 -6.915487767277311093e+01
3.094231960319595132e+00 1.711176459387498028e+01 -7.453184156234172519e+01
3.110018858076327941e+00 1.832654870391116475e+01 -8.065101174342895263e+01
3.125805755833060751e+00 1.965822314661609127e+01 -7.897864941555680218e+01
3.141592653589793116e+00 2.082020443048761749e+01 -7.360415591315125994e+01
