7.853981633974483484e-03 0.000000000000000000e+00
2.356194490192345045e-02 0.000000000000000000e+00
3.926990816987241395e-02 0.000000000000000000e+00
5.497787143782138786e-02 0.000000000000000000e+00
7.068583470577034789e-02 0.000000000000000000e+00
8.639379797371932179e-02 0.000000000000000000e+00
1.021017612416682818e-01 0.000000000000000000e+00
1.178097245096172557e-01 0.000000000000000000e+00
1.335176877775662296e-01 0.000000000000000000e+00
1.492256510455151619e-01 0.000000000000000000e+00
1.649336143134641497e-01 0.000000000000000000e+00
1.806415775814131375e-01 0.000000000000000000e+00
1.963495408493620697e-01 0.000000000000000000e+00
2.120575041173110575e-01 0.000000000000000000e+00
2.277654673852600453e-01 0.000000000000000000e+00
2.434734306532089776e-01 0.000000000000000000e+00
2.591813939211579654e-01 0.000000000000000000e+00
2.748893571891068976e-01 0.000000000000000000e+00
2.905973204570558854e-01 0.000000000000000000e+00
3.063052837250048732e-01 0.000000000000000000e+00
3.220132469929538055e-01 0.000000000000000000e+00
3.377212102609027933e-01 0.000000000000000000e+00
3.534291735288517255e-01 0.000000000000000000e+00
3.691371367968007133e-01 0.000000000000000000e+00
3.848451000647497011e-01 0.000000000000000000e+00
4.005530633326986889e-01 0.000000000000000000e+00
4.162610266006476212e-01 0.000000000000000000e+00
4.319689898685966090e-01 0.000000000000000000e+00
4.476769531365455412e-01 0.000000000000000000e+00
4.633849164044945290e-01 0.000000000000000000e+00
4.790928796724435168e-01 0.000000000000000000e+00
4.948008429403924491e-01 0.000000000000000000e+00
5.105088062083413813e-01 0.000000000000000000e+00
5.262167694762904802e-01 0.000000000000000000e+00
5.419247327442393569e-01 0.000000000000000000e+00
5.576326960121882337e-01 0.000000000000000000e+00
5.733406592801373325e-01 0.000000000000000000e+00
5.890486225480862092e-01 0.000000000000000000e+00
6.047565858160353081e-01 0.000000000000000000e+00
6.204645490839841848e-01 0.000000000000000000e+00
6.361725123519330616e-01 0.000000000000000000e+00
6.518804756198821604e-01 0.000000000000000000e+00
6.675884388878310371e-01 0.000000000000000000e+00
6.832964021557801360e-01 0.000000000000000000e+00
6.990043654237290127e-01 0.000000000000000000e+00
7.147123286916780005e-01 0.000000000000000000e+00
7.304202919596269883e-01 0.000000000000000000e+00
7.461282552275758650e-01 0.000000000000000000e+00
7.618362184955249639e-01 0.000000000000000000e+00
7.775441817634738406e-01 0.000000000000000000e+00
7.932521450314228284e-01 0.000000000000000000e+00
8.089601082993718162e-01 0.000000000000000000e+00
8.246680715673206929e-01 0.000000000000000000e+00
8.403760348352697918e-01 0.000000000000000000e+00
8.560839981032186685e-01 0.000000000000000000e+00
8.717919613711677673e-01 0.000000000000000000e+00
8.874999246391166441e-01 0.000000000000000000e+00
9.032078879070655208e-01 0.000000000000000000e+00
9.189158511750146197e-01 1.466668133334799719e-06
9.346238144429634964e-01 2.200002200002199367e-06
9.503317777109125952e-01 2.200002200002199367e-06
9.660397409788614720e-01 2.933336266669599438e-06
9.817477042468103487e-01 6.600006600006598948e-06
9.974556675147594476e-01 1.173334506667839775e-05
1.013163630782708324e+00 1.980001980001979515e-05
1.028871594050657201e+00 3.226669893336560314e-05
1.044579557318606300e+00 5.866672533339199215e-05
1.060287520586555399e+00 9.166675833342501230e-05
1.075995483854504275e+00 1.356668023334689759e-04
1.091703447122453152e+00 1.767335100668434070e-04
1.107411410390402029e+00 2.486002486002485937e-04
1.123119373658351128e+00 3.366003366003365751e-04
1.138827336926300227e+00 4.356004356004355678e-04
1.154535300194249103e+00 5.192005192005192098e-04
1.170243263462197980e+00 6.453339786673120086e-04
1.185951226730146857e+00 7.634007634007634099e-04
1.201659189998095956e+00 8.851342184675517607e-04
1.217367153266045054e+00 1.004667671334338050e-03
1.233075116533993931e+00 1.134467801134467473e-03
1.248783079801942808e+00 1.221001221001220783e-03
1.264491043069891685e+00 1.304601304601304534e-03
1.280199006337840784e+00 1.328801328801328726e-03
1.295906969605789882e+00 1.336868003534670123e-03
1.311614932873738759e+00 1.323667990334656888e-03
1.327322896141687636e+00 1.273067939734606442e-03
1.343030859409636735e+00 1.205601205601205487e-03
1.358738822677585611e+00 1.123467790134456733e-03
1.374446785945534710e+00 1.038401038401038420e-03
1.390154749213483587e+00 9.438009438009438206e-04
1.405862712481432464e+00 8.367341700675033763e-04
1.421570675749381563e+00 7.568007568007567923e-04
1.437278639017330439e+00 6.746673413340080385e-04
1.452986602285279538e+00 5.734672401339067135e-04
1.468694565553228415e+00 5.148005148005147620e-04
1.484402528821177292e+00 4.634671301337968180e-04
1.500110492089126391e+00 4.180004180004179932e-04
1.515818455357075267e+00 4.114004114004113756e-04
1.531526418625024366e+00 3.798670465337131217e-04
1.547234381892973243e+00 3.901337234670567973e-04
1.562942345160922120e+00 3.872003872003871834e-04
1.578650308428871218e+00 3.894003894003894074e-04
1.594358271696820095e+00 3.850003850003849595e-04
1.610066234964769194e+00 4.158004158004158235e-04
1.625774198232718071e+00 4.356004356004355678e-04
1.641482161500666948e+00 5.001338334671668554e-04
1.657190124768616046e+00 5.243338576671910476e-04
1.672898088036564923e+00 5.888672555339222268e-04
1.688606051304514022e+00 6.739340072673406486e-04
1.704314014572462899e+00 7.736674403341069770e-04
1.720021977840411775e+00 8.866008866008865405e-04
1.735729941108360874e+00 1.021534354867687910e-03
1.751437904376309973e+00 1.179201179201179017e-03
1.767145867644258850e+00 1.395534728868062183e-03
1.782853830912207727e+00 1.565668232334898810e-03
1.798561794180156603e+00 1.821601821601821465e-03
1.814269757448105702e+00 2.185335518668851847e-03
1.829977720716054801e+00 2.489669156335823103e-03
1.845685683984003678e+00 2.897402897402897096e-03
1.861393647251952554e+00 3.302203302203301962e-03
1.877101610519901431e+00 3.793537126870459488e-03
1.892809573787850530e+00 4.375071041737708250e-03
1.908517537055799629e+00 4.983738317071649895e-03
1.924225500323748506e+00 5.627605627605627991e-03
1.939933463591697382e+00 6.449673116339782811e-03
1.955641426859646259e+00 7.356074022740688445e-03
1.971349390127595358e+00 8.457541790875124782e-03
1.987057353395544457e+00 9.656542989876320399e-03
2.002765316663493333e+00 1.085114418447751840e-02
2.018473279931442210e+00 1.243954577287910597e-02
2.034181243199391087e+00 1.410934744268077523e-02
2.049889206467340408e+00 1.565961565961565896e-02
2.065597169735289285e+00 1.754428421095087509e-02
2.081305133003238161e+00 1.930428597095263862e-02
2.097013096271187038e+00 2.082595415928749014e-02
2.112721059539135915e+00 2.267982267982267958e-02
2.128429022807084792e+00 2.401082401082401188e-02
2.144136986075034113e+00 2.519515852849186360e-02
2.159844949342982989e+00 2.592482592482592274e-02
2.175552912610931866e+00 2.636482636482636449e-02
2.191260875878880743e+00 2.653862653862654186e-02
2.206968839146830064e+00 2.626949293615959968e-02
2.222676802414778940e+00 2.561902561902561909e-02
2.238384765682727817e+00 2.469942469942469979e-02
2.254092728950676694e+00 2.358842358842358836e-02
2.269800692218625571e+00 2.238355571688904755e-02
2.285508655486574447e+00 2.090368757035423325e-02
2.301216618754523768e+00 1.937541937541937404e-02
2.316924582022472645e+00 1.818228484895151667e-02
2.332632545290421522e+00 1.695835029168362568e-02
2.348340508558370399e+00 1.587521587521587701e-02
2.364048471826319719e+00 1.479941479941479857e-02
2.379756435094268596e+00 1.411008077674744468e-02
2.395464398362217473e+00 1.347061347061347114e-02
2.411172361630166350e+00 1.301227967894634518e-02
2.426880324898115227e+00 1.250481250481250486e-02
2.442588288166064103e+00 1.217627884294550898e-02
2.458296251434013424e+00 1.184481184481184397e-02
2.474004214701962301e+00 1.152874486207819404e-02
2.489712177969911178e+00 1.154194487527820945e-02
2.505420141237860054e+00 1.149427816094482704e-02
2.521128104505809375e+00 1.152654485987819263e-02
2.536836067773758252e+00 1.161674495007828170e-02
2.552544031041707129e+00 1.174654507987841177e-02
2.568251994309656006e+00 1.202301202301202243e-02
2.583959957577604882e+00 1.231854565187898501e-02
2.599667920845554203e+00 1.250407917074583888e-02
2.615375884113503080e+00 1.274607941274607734e-02
2.631083847381451957e+00 1.290814624147957300e-02
2.646791810649400833e+00 1.296974630307963505e-02
2.662499773917350154e+00 1.312814646147979561e-02
2.678207737185299031e+00 1.322201322201322325e-02
2.693915700453247908e+00 1.327701327701327760e-02
2.709623663721196785e+00 1.328581328581328672e-02
2.725331626989145661e+00 1.315527982194648893e-02
2.741039590257094538e+00 1.295067961734628313e-02
2.756747553525043859e+00 1.277761277761277695e-02
2.772455516792992736e+00 1.223274556607889876e-02
2.788163480060941612e+00 1.148914482247815651e-02
2.803871443328890489e+00 1.068907735574402100e-02
2.819579406596839810e+00 9.745276411943077505e-03
2.835287369864788687e+00 8.706875373542038651e-03
2.850995333132737564e+00 7.617140950474282288e-03
2.866703296400686440e+00 6.624939958273292143e-03
2.882411259668635317e+00 5.607805607805608356e-03
2.898119222936584194e+00 4.780604780604780397e-03
2.913827186204533515e+00 4.001070667737333976e-03
2.929535149472482392e+00 3.247936581269914025e-03
2.945243112740431268e+00 2.705269371936038555e-03
2.960951076008380145e+00 2.219802219802220148e-03
2.976659039276329466e+00 1.788601788601788811e-03
2.992367002544278343e+00 1.430734764068097549e-03
3.008074965812227219e+00 1.105134438467771877e-03
3.023782929080176096e+00 8.763342096675428650e-04
3.039490892348124973e+00 7.252673919340585926e-04
3.055198855616073850e+00 5.419338752672085138e-04
3.070906818884023171e+00 4.275337608670941704e-04
3.086614782151972047e+00 3.241336574669907841e-04
3.102322745419920924e+00 2.618002618002618288e-04
3.118030708687869801e+00 2.229335562668895675e-04
3.133738671955818678e+00 2.273335606668939882e-04
