7.853981633974483484e-03 0.000000000000000000e+00
2.356194490192345045e-02 0.000000000000000000e+00
3.926990816987241395e-02 0.000000000000000000e+00
5.497787143782138786e-02 0.000000000000000000e+00
7.068583470577034789e-02 0.000000000000000000e+00
8.639379797371932179e-02 0.000000000000000000e+00
1.021017612416682818e-01 0.000000000000000000e+00
1.178097245096172557e-01 0.000000000000000000e+00
1.335176877775662296e-01 0.000000000000000000e+00
1.492256510455151619e-01 0.000000000000000000e+00
1.649336143134641497e-01 0.000000000000000000e+00
1.806415775814131375e-01 0.000000000000000000e+00
1.963495408493620697e-01 0.000000000000000000e+00
2.120575041173110575e-01 0.000000000000000000e+00
2.277654673852600453e-01 0.000000000000000000e+00
2.434734306532089776e-01 0.000000000000000000e+00
2.591813939211579654e-01 0.000000000000000000e+00
2.748893571891068976e-01 0.000000000000000000e+00
2.905973204570558854e-01 0.000000000000000000e+00
3.063052837250048732e-01 0.000000000000000000e+00
3.220132469929538055e-01 0.000000000000000000e+00
3.377212102609027933e-01 0.000000000000000000e+00
3.534291735288517255e-01 0.000000000000000000e+00
3.691371367968007133e-01 0.000000000000000000e+00
3.848451000647497011e-01 0.000000000000000000e+00
4.005530633326986889e-01 0.000000000000000000e+00
4.162610266006476212e-01 0.000000000000000000e+00
4.319689898685966090e-01 0.000000000000000000e+00
4.476769531365455412e-01 0.000000000000000000e+00
4.633849164044945290e-01 0.000000000000000000e+00
4.790928796724435168e-01 0.000000000000000000e+00
4.948008429403924491e-01 0.000000000000000000e+00
5.105088062083413813e-01 0.000000000000000000e+00
5.262167694762904802e-01 0.000000000000000000e+00
5.419247327442393569e-01 0.000000000000000000e+00
5.576326960121882337e-01 0.000000000000000000e+00
5.733406592801373325e-01 0.000000000000000000e+00
5.890486225480862092e-01 0.000000000000000000e+00
6.047565858160353081e-01 0.000000000000000000e+00
6.204645490839841848e-01 0.000000000000000000e+00
6.361725123519330616e-01 0.000000000000000000e+00
6.518804756198821604e-01 0.000000000000000000e+00
6.675884388878310371e-01 0.000000000000000000e+00
6.832964021557801360e-01 0.000000000000000000e+00
6.990043654237290127e-01 0.000000000000000000e+00
7.147123286916780005e-01 0.000000000000000000e+00
7.304202919596269883e-01 0.000000000000000000e+00
7.461282552275758650e-01 0.000000000000000000e+00
7.618362184955249639e-01 0.000000000000000000e+00
7.775441817634738406e-01 0.000000000000000000e+00
7.932521450314228284e-01 0.000000000000000000e+00
8.089601082993718162e-01 0.000000000000000000e+00
8.246680715673206929e-01 0.000000000000000000e+00
8.403760348352697918e-01 0.000000000000000000e+00
8.560839981032186685e-01 0.000000000000000000e+00
8.717919613711677673e-01 0.000000000000000000e+00
8.874999246391166441e-01 0.000000000000000000e+00
9.032078879070655208e-01 1.466668133334799719e-06
9.189158511750146197e-01 1.466668133334799719e-06
9.346238144429634964e-01 1.466668133334799719e-06
9.503317777109125952e-01 3.666670333336999510e-06
9.660397409788614720e-01 8.800008800008799162e-06
9.817477042468103487e-01 1.100001100001099768e-05
9.974556675147594476e-01 3.226669893336560314e-05
1.013163630782708324e+00 4.473337806671140096e-05
1.028871594050657201e+00 8.360008360008358780e-05
1.044579557318606300e+00 1.158667825334491909e-04
1.060287520586555399e+00 1.738001738001738203e-04
1.075995483854504275e+00 2.500669167335834277e-04
1.091703447122453152e+00 3.725337058670392227e-04
1.107411410390402029e+00 4.942671609338276277e-04
1.123119373658351128e+00 6.732006732006731503e-04
1.138827336926300227e+00 8.272008272008270907e-04
1.154535300194249103e+00 1.056001056001055777e-03
1.170243263462197980e+00 1.322934656267989607e-03
1.185951226730146857e+00 1.613334946668280130e-03
1.201659189998095956e+00 1.894935228268561757e-03
1.217367153266045054e+00 2.176535509868843168e-03
1.233075116533993931e+00 2.428069094735761484e-03
1.248783079801942808e+00 2.648069314735981058e-03
1.264491043069891685e+00 2.790336123669456651e-03
1.280199006337840784e+00 2.818202818202817685e-03
1.295906969605789882e+00 2.810136143469476287e-03
1.311614932873738759e+00 2.732402732402732740e-03
1.327322896141687636e+00 2.593069259735926273e-03
1.343030859409636735e+00 2.457402457402457514e-03
1.358738822677585611e+00 2.275535608868942215e-03
1.374446785945534710e+00 2.093668760335426916e-03
1.390154749213483587e+00 1.926468593135259632e-03
1.405862712481432464e+00 1.710868377535044397e-03
1.421570675749381563e+00 1.516534849868183144e-03
1.437278639017330439e+00 1.362534695868029095e-03
1.452986602285279538e+00 1.152067818734485482e-03
1.468694565553228415e+00 1.019334352667686065e-03
1.484402528821177292e+00 8.704675371342038542e-04
1.500110492089126391e+00 7.890674557341223819e-04
1.515818455357075267e+00 7.230673897340564229e-04
1.531526418625024366e+00 7.040007040007039600e-04
1.547234381892973243e+00 6.746673413340080385e-04
1.562942345160922120e+00 6.746673413340080385e-04
1.578650308428871218e+00 6.746673413340079301e-04
1.594358271696820095e+00 7.318673985340651018e-04
1.610066234964769194e+00 7.546007546007546226e-04
1.625774198232718071e+00 8.008008008008008372e-04
1.641482161500666948e+00 8.580008580008579005e-04
1.657190124768616046e+00 9.254675921342587477e-04
1.672898088036564923e+00 1.013467680134346729e-03
1.688606051304514022e+00 1.157934491267824601e-03
1.704314014572462899e+00 1.267934601267934388e-03
1.720021977840411775e+00 1.389668056334723064e-03
1.735729941108360874e+00 1.578134911468244764e-03
1.751437904376309973e+00 1.795201795201795212e-03
1.767145867644258850e+00 2.084868751535418237e-03
1.782853830912207727e+00 2.330535663868997000e-03
1.798561794180156603e+00 2.629735963069296419e-03
1.814269757448105702e+00 2.996402996402996143e-03
1.829977720716054801e+00 3.385070051736718214e-03
1.845685683984003678e+00 3.764937098270431607e-03
1.861393647251952554e+00 4.226937560270893103e-03
1.877101610519901431e+00 4.654471321137988032e-03
1.892809573787850530e+00 5.162671829338496068e-03
1.908517537055799629e+00 5.736872403539069847e-03
1.924225500323748506e+00 6.371206371206370248e-03
1.939933463591697382e+00 7.062007062007061298e-03
1.955641426859646259e+00 7.914874581541248011e-03
1.971349390127595358e+00 8.698075364742031274e-03
1.987057353395544457e+00 9.737209737209736107e-03
2.002765316663493333e+00 1.076534409867743215e-02
2.018473279931442210e+00 1.205454538787872031e-02
2.034181243199391087e+00 1.345154678488011749e-02
2.049889206467340408e+00 1.475394808728141757e-02
2.065597169735289285e+00 1.620521620521620659e-02
2.081305133003238161e+00 1.778921778921778787e-02
2.097013096271187038e+00 1.904981904981905075e-02
2.112721059539135915e+00 2.054582054582054437e-02
2.128429022807084792e+00 2.167222167222166915e-02
2.144136986075034113e+00 2.273042273042272937e-02
2.159844949342982989e+00 2.343809010475677093e-02
2.175552912610931866e+00 2.382235715569049062e-02
2.191260875878880743e+00 2.391915725249058738e-02
2.206968839146830064e+00 2.372775706109039179e-02
2.222676802414778940e+00 2.329582329582329317e-02
2.238384765682727817e+00 2.249795583128916254e-02
2.254092728950676694e+00 2.147348814015480681e-02
2.269800692218625571e+00 2.049008715675382231e-02
2.285508655486574447e+00 1.938568605235271858e-02
2.301216618754523768e+00 1.820941820941820652e-02
2.316924582022472645e+00 1.714315047648381010e-02
2.332632545290421522e+00 1.604608271274937659e-02
2.348340508558370399e+00 1.522768189434856034e-02
2.364048471826319719e+00 1.438214771548104731e-02
2.379756435094268596e+00 1.377274710608043795e-02
2.395464398362217473e+00 1.324621324621324571e-02
2.411172361630166350e+00 1.287001287001287089e-02
2.426880324898115227e+00 1.261481261481261530e-02
2.442588288166064103e+00 1.237427904094570708e-02
2.458296251434013424e+00 1.220634553967887316e-02
2.474004214701962301e+00 1.202007868674535331e-02
2.489712177969911178e+00 1.202081202081202102e-02
2.505420141237860054e+00 1.194674528007861301e-02
2.521128104505809375e+00 1.184407851074517626e-02
2.536836067773758252e+00 1.180667847334513840e-02
2.552544031041707129e+00 1.190714524047857201e-02
2.568251994309656006e+00 1.198487865154531859e-02
2.583959957577604882e+00 1.205307871974538661e-02
2.599667920845554203e+00 1.205894539227872313e-02
2.615375884113503080e+00 1.225107891774558470e-02
2.631083847381451957e+00 1.241681241681241721e-02
2.646791810649400833e+00 1.253194586527919818e-02
2.662499773917350154e+00 1.264634597967931318e-02
2.678207737185299031e+00 1.259207925874592307e-02
2.693915700453247908e+00 1.255467922134588868e-02
2.709623663721196785e+00 1.256861256861256659e-02
2.725331626989145661e+00 1.237134570467903795e-02
2.741039590257094538e+00 1.220194553527886860e-02
2.756747553525043859e+00 1.184041184041184115e-02
2.772455516792992736e+00 1.131241131241131348e-02
2.788163480060941612e+00 1.074701074701074795e-02
2.803871443328890489e+00 1.010974344307677755e-02
2.819579406596839810e+00 9.285475952142619588e-03
2.835287369864788687e+00 8.423075089741756047e-03
2.850995333132737564e+00 7.418407418407417346e-03
2.866703296400686440e+00 6.676273342940008786e-03
2.882411259668635317e+00 5.780139113472446827e-03
2.898119222936584194e+00 4.991071657738323578e-03
2.913827186204533515e+00 4.290004290004289719e-03
2.929535149472482392e+00 3.668137001470334838e-03
2.945243112740431268e+00 3.112269778936445266e-03
2.960951076008380145e+00 2.691336024669358472e-03
2.976659039276329466e+00 2.241802241802241628e-03
2.992367002544278343e+00 1.895668562335228822e-03
3.008074965812227219e+00 1.579601579601579110e-03
3.023782929080176096e+00 1.331001331001331004e-03
3.039490892348124973e+00 1.087534420867754086e-03
3.055198855616073850e+00 8.741342074675406953e-04
3.070906818884023171e+00 6.644006644006643630e-04
3.086614782151972047e+00 4.891338224671557900e-04
3.102322745419920924e+00 3.842670509337176238e-04
3.118030708687869801e+00 3.432003432003432469e-04
3.133738671955818678e+00 3.380670047336714092e-04
