7.853981633974483484e-03 0.000000000000000000e+00
2.356194490192345045e-02 0.000000000000000000e+00
3.926990816987241395e-02 0.000000000000000000e+00
5.497787143782138786e-02 0.000000000000000000e+00
7.068583470577034789e-02 0.000000000000000000e+00
8.639379797371932179e-02 0.000000000000000000e+00
1.021017612416682818e-01 0.000000000000000000e+00
1.178097245096172557e-01 0.000000000000000000e+00
1.335176877775662296e-01 0.000000000000000000e+00
1.492256510455151619e-01 0.000000000000000000e+00
1.649336143134641497e-01 0.000000000000000000e+00
1.806415775814131375e-01 0.000000000000000000e+00
1.963495408493620697e-01 0.000000000000000000e+00
2.120575041173110575e-01 0.000000000000000000e+00
2.277654673852600453e-01 0.000000000000000000e+00
2.434734306532089776e-01 0.000000000000000000e+00
2.591813939211579654e-01 0.000000000000000000e+00
2.748893571891068976e-01 0.000000000000000000e+00
2.905973204570558854e-01 0.000000000000000000e+00
3.063052837250048732e-01 0.000000000000000000e+00
3.220132469929538055e-01 0.000000000000000000e+00
3.377212102609027933e-01 0.000000000000000000e+00
3.534291735288517255e-01 0.000000000000000000e+00
3.691371367968007133e-01 0.000000000000000000e+00
3.848451000647497011e-01 0.000000000000000000e+00
4.005530633326986889e-01 0.000000000000000000e+00
4.162610266006476212e-01 0.000000000000000000e+00
4.319689898685966090e-01 0.000000000000000000e+00
4.476769531365455412e-01 0.000000000000000000e+00
4.633849164044945290e-01 0.000000000000000000e+00
4.790928796724435168e-01 0.000000000000000000e+00
4.948008429403924491e-01 0.000000000000000000e+00
5.105088062083413813e-01 0.000000000000000000e+00
5.262167694762904802e-01 0.000000000000000000e+00
5.419247327442393569e-01 0.000000000000000000e+00
5.576326960121882337e-01 0.000000000000000000e+00
5.733406592801373325e-01 0.000000000000000000e+00
5.890486225480862092e-01 0.000000000000000000e+00
6.047565858160353081e-01 0.000000000000000000e+00
6.204645490839841848e-01 0.000000000000000000e+00
6.361725123519330616e-01 0.000000000000000000e+00
6.518804756198821604e-01 0.000000000000000000e+00
6.675884388878310371e-01 0.000000000000000000e+00
6.832964021557801360e-01 0.000000000000000000e+00
6.990043654237290127e-01 0.000000000000000000e+00
7.147123286916780005e-01 0.000000000000000000e+00
7.304202919596269883e-01 0.000000000000000000e+00
7.461282552275758650e-01 0.000000000000000000e+00
7.618362184955249639e-01 0.000000000000000000e+00
7.775441817634738406e-01 0.000000000000000000e+00
7.932521450314228284e-01 0.000000000000000000e+00
8.089601082993718162e-01 0.000000000000000000e+00
8.246680715673206929e-01 0.000000000000000000e+00
8.403760348352697918e-01 0.000000000000000000e+00
8.560839981032186685e-01 0.000000000000000000e+00
8.717919613711677673e-01 0.000000000000000000e+00
8.874999246391166441e-01 0.000000000000000000e+00
9.032078879070655208e-01 0.000000000000000000e+00
9.189158511750146197e-01 0.000000000000000000e+00
9.346238144429634964e-01 1.466668133334799719e-06
9.503317777109125952e-01 4.400004400004399581e-06
9.660397409788614720e-01 7.333340666673999019e-06
9.817477042468103487e-01 1.980001980001979854e-05
9.974556675147594476e-01 4.400004400004399073e-05
1.013163630782708324e+00 7.040007040007037974e-05
1.028871594050657201e+00 1.151334484667818010e-04
1.044579557318606300e+00 1.606001606001605851e-04
1.060287520586555399e+00 2.434669101335767830e-04
1.075995483854504275e+00 3.344003344003343512e-04
1.091703447122453152e+00 4.598004598004598142e-04
1.107411410390402029e+00 6.057339390672723031e-04
1.123119373658351128e+00 7.883341216674548835e-04
1.138827336926300227e+00 9.797343130676463598e-04
1.154535300194249103e+00 1.273801273801273724e-03
1.170243263462197980e+00 1.599401599401599396e-03
1.185951226730146857e+00 1.964601964601964557e-03
1.201659189998095956e+00 2.337869004535670682e-03
1.217367153266045054e+00 2.728736062069395032e-03
1.233075116533993931e+00 3.085869752536419229e-03
1.248783079801942808e+00 3.397536730870064602e-03
1.264491043069891685e+00 3.617536950870284176e-03
1.280199006337840784e+00 3.706270372937039113e-03
1.295906969605789882e+00 3.693803693803694027e-03
1.311614932873738759e+00 3.630736964070297411e-03
1.327322896141687636e+00 3.443003443003442125e-03
1.343030859409636735e+00 3.204669871336537912e-03
1.358738822677585611e+00 2.919402919402919010e-03
1.374446785945534710e+00 2.639269305935972379e-03
1.390154749213483587e+00 2.385535718869051785e-03
1.405862712481432464e+00 2.128868795535462065e-03
1.421570675749381563e+00 1.875868542535209186e-03
1.437278639017330439e+00 1.661001661001660799e-03
1.452986602285279538e+00 1.467401467401467261e-03
1.468694565553228415e+00 1.372068038734705056e-03
1.484402528821177292e+00 1.232734566067899456e-03
1.500110492089126391e+00 1.121267787934454455e-03
1.515818455357075267e+00 1.081667748334414966e-03
1.531526418625024366e+00 1.034001034001033863e-03
1.547234381892973243e+00 9.848676515343181975e-04
1.562942345160922120e+00 9.797343130676463598e-04
1.578650308428871218e+00 9.203342536675870184e-04
1.594358271696820095e+00 9.196009196009195200e-04
1.610066234964769194e+00 9.452676119342787089e-04
1.625774198232718071e+00 9.562676229342894491e-04
1.641482161500666948e+00 9.958676625343291546e-04
1.657190124768616046e+00 1.105867772534439158e-03
1.672898088036564923e+00 1.210734544067877325e-03
1.688606051304514022e+00 1.384534717868051009e-03
1.704314014572462899e+00 1.600868267534933959e-03
1.720021977840411775e+00 1.758535091868425283e-03
1.735729941108360874e+00 1.999068665735332425e-03
1.751437904376309973e+00 2.238135571468904787e-03
1.767145867644258850e+00 2.508002508002508176e-03
1.782853830912207727e+00 2.813069479736145847e-03
1.798561794180156603e+00 3.151136484469817256e-03
1.814269757448105702e+00 3.496536829870162781e-03
1.829977720716054801e+00 3.878603878603878452e-03
1.845685683984003678e+00 4.319337652670986183e-03
1.861393647251952554e+00 4.828271494938161067e-03
1.877101610519901431e+00 5.321071987738654023e-03
1.892809573787850530e+00 5.820472487139153814e-03
1.908517537055799629e+00 6.423273089939757208e-03
1.924225500323748506e+00 6.974006974006972774e-03
1.939933463591697382e+00 7.588540921874255274e-03
1.955641426859646259e+00 8.301341634674965636e-03
1.971349390127595358e+00 9.081609081609081507e-03
1.987057353395544457e+00 9.978476645143313783e-03
2.002765316663493333e+00 1.087167753834420401e-02
2.018473279931442210e+00 1.194674528007861301e-02
2.034181243199391087e+00 1.306287972954639498e-02
2.049889206467340408e+00 1.416361416361416360e-02
2.065597169735289285e+00 1.539268205934872860e-02
2.081305133003238161e+00 1.671268337935004691e-02
2.097013096271187038e+00 1.775328441995108891e-02
2.112721059539135915e+00 1.907035240368573983e-02
2.128429022807084792e+00 1.999068665735332512e-02
2.144136986075034113e+00 2.084648751315418269e-02
2.159844949342982989e+00 2.137962137962137743e-02
2.175552912610931866e+00 2.177782177782177503e-02
2.191260875878880743e+00 2.173968840635507466e-02
2.206968839146830064e+00 2.151602151602151694e-02
2.222676802414778940e+00 2.108702108702108571e-02
2.238384765682727817e+00 2.053188719855386299e-02
2.254092728950676694e+00 1.975895309228642427e-02
2.269800692218625571e+00 1.903001903001902764e-02
2.285508655486574447e+00 1.802681802681802697e-02
2.301216618754523768e+00 1.719081719081718904e-02
2.316924582022472645e+00 1.642594975928309345e-02
2.332632545290421522e+00 1.560754894088227374e-02
2.348340508558370399e+00 1.486174819508152833e-02
2.364048471826319719e+00 1.436088102754769572e-02
2.379756435094268596e+00 1.376981376981377056e-02
2.395464398362217473e+00 1.337161337161336949e-02
2.411172361630166350e+00 1.293087959754626350e-02
2.426880324898115227e+00 1.268887935554601984e-02
2.442588288166064103e+00 1.247107913774580384e-02
2.458296251434013424e+00 1.230387897054563764e-02
2.474004214701962301e+00 1.202301202301202243e-02
2.489712177969911178e+00 1.213154546487879744e-02
2.505420141237860054e+00 1.211834545167878377e-02
2.521128104505809375e+00 1.210734544067877325e-02
2.536836067773758252e+00 1.199074532407865858e-02
2.552544031041707129e+00 1.196067862734529266e-02
2.568251994309656006e+00 1.195261195261195127e-02
2.583959957577604882e+00 1.201861201861201787e-02
2.599667920845554203e+00 1.209194542527875990e-02
2.615375884113503080e+00 1.209634542967876272e-02
2.631083847381451957e+00 1.218434551767885211e-02
2.646791810649400833e+00 1.231487898154564817e-02
2.662499773917350154e+00 1.251361251361251224e-02
2.678207737185299031e+00 1.261481261481261530e-02
2.693915700453247908e+00 1.261774595107928443e-02
2.709623663721196785e+00 1.253707920374587045e-02
2.725331626989145661e+00 1.242634575967909230e-02
2.741039590257094538e+00 1.212787879454546233e-02
2.756747553525043859e+00 1.182794516127849346e-02
2.772455516792992736e+00 1.129701129701129667e-02
2.788163480060941612e+00 1.071841071841071746e-02
2.803871443328890489e+00 9.940343273676608207e-03
2.819579406596839810e+00 9.197475864142530197e-03
2.835287369864788687e+00 8.384941718275050471e-03
2.850995333132737564e+00 7.642074308740975930e-03
2.866703296400686440e+00 6.869873536540204058e-03
2.882411259668635317e+00 6.016272682939349629e-03
2.898119222936584194e+00 5.223538556871890406e-03
2.913827186204533515e+00 4.639071305737972953e-03
2.929535149472482392e+00 4.009137342470675373e-03
2.945243112740431268e+00 3.408536741870075125e-03
2.960951076008380145e+00 2.884936218269551576e-03
2.976659039276329466e+00 2.472069138735805312e-03
2.992367002544278343e+00 2.065802065802065882e-03
3.008074965812227219e+00 1.729201729201729253e-03
3.023782929080176096e+00 1.463734797068130204e-03
3.039490892348124973e+00 1.193134526467859750e-03
3.055198855616073850e+00 1.012001012001011949e-03
3.070906818884023171e+00 8.220674887341553614e-04
3.086614782151972047e+00 6.167339500672833685e-04
3.102322745419920924e+00 4.979338312671645773e-04
3.118030708687869801e+00 4.304670971337637843e-04
3.133738671955818678e+00 4.055337388670722564e-04
