0.000000000000000000e+00 4.827360320461103811e+02 6.037190029809725189e+01
1.578689775673262907e-02 4.817829470287246636e+02 1.207438005961981133e+02
3.157379551346525814e-02 4.789236919765673974e+02 2.414876011923944077e+02
4.736069327019788722e-02 4.741582668896387531e+02 3.622314017885889257e+02
6.314759102693051629e-02 4.674866717679386170e+02 4.226033020866915990e+02
7.893448878366314536e-02 4.608150766462383672e+02 4.226033020866897800e+02
9.472138654039577443e-02 4.541434815245382879e+02 4.226033020866861989e+02
1.105082842971284035e-01 4.474718864028381518e+02 4.226033020866915990e+02
1.262951820538610326e-01 4.408002912811379019e+02 4.226033020866933612e+02
1.420820798105936755e-01 4.341286961594377090e+02 4.226033020866897800e+02
1.578689775673262907e-01 4.274571010377375728e+02 4.226033020866843799e+02
1.736558753240589059e-01 4.207855059160375504e+02 4.226033020866861989e+02
1.894427730807915489e-01 4.141139107943373574e+02 4.226033020866897800e+02
2.052296708375241918e-01 4.074423156726372213e+02 4.226033020866879610e+02
2.210165685942568070e-01 4.007707205509370851e+02 4.226033020866897800e+02
2.368034663509894222e-01 3.940991254292368922e+02 4.226033020866897800e+02
2.525903641077220652e-01 3.874275303075367560e+02 4.226033020866879610e+02
2.683772618644547081e-01 3.807559351858366199e+02 4.226033020866897800e+02
2.841641596211873511e-01 3.740843400641364269e+02 4.226033020866897800e+02
2.999510573779199385e-01 3.674127449424362908e+02 4.226033020866879610e+02
3.157379551346525814e-01 3.607411498207361547e+02 4.226033020866897800e+02
3.315248528913852244e-01 3.540695546990359617e+02 4.226033020866897800e+02
3.473117506481178118e-01 3.473979595773358255e+02 4.226033020866879610e+02
3.630986484048504548e-01 3.407263644556356894e+02 4.226033020866897800e+02
3.788855461615830977e-01 3.340547693339354964e+02 4.226033020866897800e+02
3.946724439183157407e-01 3.273831742122353603e+02 4.226033020866879610e+02
4.104593416750483836e-01 3.207115790905352242e+02 4.226033020866897800e+02
4.262462394317809711e-01 3.140399839688350312e+02 4.226033020866897800e+02
4.420331371885136140e-01 3.073683888471348951e+02 4.226033020866879610e+02
4.578200349452462570e-01 3.006967937254347589e+02 4.226033020866897800e+02
4.736069327019788444e-01 2.940251986037345659e+02 4.226033020866897800e+02
4.893938304587114874e-01 2.873536034820344298e+02 4.226033020866879610e+02
5.051807282154441303e-01 2.806820083603342937e+02 4.226033020866897800e+02
5.209676259721767178e-01 2.740104132386341007e+02 4.226033020866897800e+02
5.367545237289094162e-01 2.673388181169339646e+02 4.226033020866879610e+02
5.525414214856420037e-01 2.606672229952338284e+02 4.226033020866897800e+02
5.683283192423747021e-01 2.539956278735336355e+02 4.226033020866897800e+02
5.841152169991072896e-01 2.473240327518334993e+02 4.226033020866879610e+02
5.999021147558398770e-01 2.406524376301333632e+02 4.226033020866888705e+02
6.156890125125725755e-01 2.339808425084331986e+02 4.226033020866888705e+02
6.314759102693051629e-01 2.273092473867330625e+02 4.226033020866888705e+02
6.472628080260377503e-01 2.206376522650328980e+02 4.226033020866897800e+02
6.630497057827704488e-01 2.139660571433327334e+02 4.226033020866888705e+02
6.788366035395030362e-01 2.072944620216325973e+02 4.226033020866888705e+02
6.946235012962356237e-01 2.006228668999324327e+02 4.226033020866897800e+02
7.104103990529683221e-01 1.939512717782322682e+02 4.226033020866888705e+02
7.261972968097009096e-01 1.872796766565321320e+02 4.226033020866888705e+02
7.419841945664336080e-01 1.806080815348319675e+02 4.226033020866897800e+02
7.577710923231661955e-01 1.739364864131318029e+02 4.226033020866888705e+02
7.735579900798987829e-01 1.672648912914316668e+02 4.226033020866888705e+02
7.893448878366314814e-01 1.605932961697315022e+02 4.226033020866888705e+02
8.051317855933640688e-01 1.539217010480313661e+02 4.226033020866888705e+02
8.209186833500967673e-01 1.472501059263312015e+02 4.226033020866897800e+02
8.367055811068293547e-01 1.405785108046310370e+02 4.226033020866888705e+02
8.524924788635619421e-01 1.339069156829309009e+02 4.226033020866888705e+02
8.682793766202946406e-01 1.272353205612307363e+02 4.226033020866893253e+02
8.840662743770272280e-01 1.205637254395305860e+02 4.226033020866888705e+02
8.998531721337598155e-01 1.138921303178304356e+02 4.226033020866888705e+02
9.156400698904925139e-01 1.072205351961302853e+02 4.226033020866893253e+02
9.314269676472251014e-01 1.005489400744301207e+02 4.226033020866888705e+02
9.472138654039576888e-01 9.387734495272998458e+01 4.253225913660112951e+02
9.630007631606903873e-01 8.711989154738253660e+01 4.253225913660117499e+02
9.787876609174229747e-01 8.044829642568238626e+01 4.015032914140305138e+02
9.945745586741556732e-01 7.444290872629268563e+01 3.503212862877790599e+02
1.010361456430888261e+00 6.938732376841792870e+01 2.925832328634064083e+02
1.026148354187620848e+00 6.520494556119490426e+01 2.445153498139320618e+02
1.041935251944353436e+00 6.166704611348941256e+01 2.117432630214798337e+02
1.057722149701086245e+00 5.851940707320081003e+01 1.765838639830020895e+02
1.073509047457818832e+00 5.609162330111254136e+01 1.373099142692215651e+02
1.089295945214551420e+00 5.418401191809296336e+01 1.190842728246291813e+02
1.105082842971284007e+00 5.233168082207799188e+01 1.250790069076162041e+02
1.120869740728016595e+00 5.023479293096458065e+01 1.393311856829505189e+02
1.136656638484749404e+00 4.793246645667585426e+01 1.416305552163935602e+02
1.152443536241481992e+00 4.576297874210361982e+01 1.239087244297583368e+02
1.168230433998214579e+00 4.402019772919634732e+01 1.048266426248061975e+02
1.184017331754947167e+00 4.245320376350488800e+01 9.221184386192173577e+01
1.199804229511679754e+00 4.110871982718044393e+01 8.005577768799889782e+01
1.215591127268412341e+00 3.992553900911257614e+01 6.734196706584050673e+01
1.231378025025145151e+00 3.898247832956908354e+01 5.238686723179356619e+01
1.247164922781877738e+00 3.827148677554487222e+01 4.037807636843199788e+01
1.262951820538610326e+00 3.770758920308512785e+01 3.180986859457379623e+01
1.278738718295342913e+00 3.726712848922959864e+01 2.158327572962486229e+01
1.294525616052075501e+00 3.702612326868721482e+01 8.427026959812710771e+00
1.310312513808808310e+00 3.700105526321401328e+01 -1.676363214758369358e+00
1.326099411565540898e+00 3.707905241803629082e+01 -3.898706751549422478e+00
1.341886309322273485e+00 3.712415223295440114e+01 -7.832589091828279670e+00
1.357673207079006072e+00 3.732635698436267546e+01 -1.560598583576211240e+01
1.373460104835738660e+00 3.761689243851878928e+01 -2.384834181460675850e+01
1.389247002592471247e+00 3.807933965215229222e+01 -2.845071324788249711e+01
1.405033900349204057e+00 3.851518944081966822e+01 -2.613316174944624493e+01
1.420820798105936644e+00 3.890446275734962001e+01 -2.482570231493802737e+01
1.436607695862669232e+00 3.929903108918968258e+01 -3.018855756352190767e+01
1.452394593619401819e+00 3.985763010070673573e+01 -3.359642763118357323e+01
1.468181491376134407e+00 4.035979782519960679e+01 -2.956597240685622907e+01
1.483968389132867216e+00 4.079114006763757061e+01 -2.177227548881550945e+01
1.499755286889599804e+00 4.104723119934629949e+01 -1.416135480610088138e+01
1.515542184646332391e+00 4.123826778847902830e+01 -8.832326368834079844e+00
1.531329082403064978e+00 4.132610126602405387e+01 -4.181941934514707526e+00
1.547115980159797566e+00 4.137030756796858100e+01 5.279890503649372846e+00
1.562902877916530375e+00 4.115939508292834148e+01 1.797425748294050152e+01
1.578689775673262963e+00 4.080279203769584484e+01 2.461654543991193833e+01
1.594476673429995550e+00 4.038215731096063621e+01 3.034470458666439541e+01
1.610263571186728138e+00 3.984469454015999190e+01 3.828014206859290880e+01
1.626050468943460725e+00 3.917350793306048473e+01 4.460359940497535547e+01
1.641837366700193535e+00 3.843638961338277937e+01 5.404224219414368235e+01
1.657624264456926122e+00 3.746718922893342807e+01 6.219553701594661987e+01
1.673411162213658709e+00 3.647264044579112152e+01 6.451764298965666455e+01
1.689198059970391297e+00 3.543012236216725341e+01 6.755912815984746089e+01
1.704984957727123884e+00 3.433954234820410534e+01 6.970678903671188209e+01
1.720771855483856472e+00 3.322921445922185057e+01 6.993857901515272602e+01
1.736558753240589281e+00 3.213131595587734068e+01 7.091430317562657137e+01
1.752345650997321869e+00 3.099018075177473719e+01 6.886291302395443381e+01
1.768132548754054456e+00 2.995705242159746007e+01 6.376458899408925163e+01
1.783919446510787044e+00 2.897689065787520590e+01 6.263320782572897372e+01
1.799706344267519631e+00 2.797948432535552143e+01 6.401679829307654757e+01
1.815493242024252440e+00 2.695563735914285530e+01 6.469962373442746184e+01
1.831280139780985028e+00 2.593667163576656520e+01 6.301545009871376379e+01
1.847067037537717615e+00 2.496600042353709270e+01 6.155455300606094227e+01
1.862853935294450203e+00 2.399316076623043870e+01 6.180180237565230783e+01
1.878640833051182790e+00 2.301468295296465527e+01 6.430381601680838344e+01
1.894427730807915378e+00 2.196284522858023891e+01 6.611111137730139831e+01
1.910214628564648187e+00 2.092730424116981425e+01 6.529736092931733538e+01
1.926001526321380775e+00 1.990115970702903780e+01 6.470186088817023062e+01
1.941788424078113362e+00 1.888442091614605189e+01 6.563489755974620721e+01
1.957575321834845949e+00 1.782881687293037132e+01 6.513708656021123033e+01
1.973362219591578537e+00 1.682779586475105660e+01 6.367656030230957498e+01
1.989149117348311346e+00 1.581830617894440927e+01 6.204463046068717347e+01
2.004936015105043712e+00 1.486881138987680195e+01 5.921717450653067516e+01
2.020722912861776521e+00 1.394859522019002185e+01 5.749418606216021033e+01
2.036509810618509331e+00 1.305350171593703124e+01 5.503322303300056717e+01
2.052296708375241696e+00 1.221098748969913572e+01 5.146566749921529293e+01
2.068083606131974506e+00 1.142853525435281270e+01 4.814640961784736817e+01
2.083870503888706871e+00 1.069082259771768584e+01 4.384730181602003540e+01
2.099657401645439680e+00 1.004410951299660226e+01 3.916002494314964366e+01
2.115444299402172490e+00 9.454391977860479912e+00 3.489112138871512059e+01
2.131231197158904855e+00 8.942464381033817133e+00 2.998370150429832037e+01
2.147018094915637665e+00 8.507692717826984108e+00 2.583454914635947475e+01
2.162804992672370030e+00 8.126769609104094627e+00 2.180954574605080154e+01
2.178591890429102840e+00 7.819082580199610000e+00 1.749765398312464271e+01
2.194378788185835649e+00 7.574302260275546317e+00 1.392283675932880627e+01
2.210165685942568015e+00 7.379485779393204936e+00 1.012211460693180598e+01
2.225952583699300824e+00 7.254708683512421707e+00 5.943938794902654088e+00
2.241739481456033189e+00 7.191813071338395424e+00 1.824543943242218580e+00
2.257526379212765999e+00 7.197100906143160337e+00 -2.044111453497237996e+00
2.273313276969498808e+00 7.256353428377849468e+00 -4.797518218619392982e+00
2.289100174726231174e+00 7.348576765349973172e+00 -6.796610415314402687e+00
2.304887072482963983e+00 7.470948215815674587e+00 -8.826878721556163043e+00
2.320673970239696349e+00 7.627274829126545086e+00 -1.026068394767472824e+01
2.336460867996429158e+00 7.794916952607851890e+00 -1.031038467913105450e+01
2.352247765753161524e+00 7.952812806650594091e+00 -9.068238701924210332e+00
2.368034663509894333e+00 8.081235667049698534e+00 -7.335836009754760134e+00
2.383821561266627143e+00 8.184432992742905810e+00 -5.889280853822542738e+00
2.399608459023359508e+00 8.267182616449657573e+00 -4.190509891225900674e+00
2.415395356780092317e+00 8.316743295145625936e+00 -1.464282910144033112e+00
2.431182254536824683e+00 8.313415585628407101e+00 1.349697540801889417e+00
2.446969152293557492e+00 8.274128220987320148e+00 4.042996590597925710e+00
2.462756050050290302e+00 8.185762838015230969e+00 6.744097160065582131e+00
2.478542947807022667e+00 8.061191476332467687e+00 8.756892028465875555e+00
2.494329845563755477e+00 7.909274519774955436e+00 1.038532212639457164e+01
2.510116743320487842e+00 7.733287439172219280e+00 1.255166314726512411e+01
2.525903641077220652e+00 7.512970874209308647e+00 1.568205875946667582e+01
2.541690538833953461e+00 7.238145322670671789e+00 1.826979022419251564e+01
2.557477436590685826e+00 6.936124253596747558e+00 1.917643023980742001e+01
2.573264334347418636e+00 6.632672635600760813e+00 1.942659495838138994e+01
2.589051232104151001e+00 6.322752916857898420e+00 2.021348488830344436e+01
2.604838129860883811e+00 5.994456197122947749e+00 2.146701030466740079e+01
2.620625027617616620e+00 5.644957923212878370e+00 2.114064708437600615e+01
2.636411925374348986e+00 5.326965729058524168e+00 1.761882394553607867e+01
2.652198823131081795e+00 5.088664778768777097e+00 1.465142358532314759e+01
2.667985720887814161e+00 4.864364676794369124e+00 1.354044898393712693e+01
2.683772618644546970e+00 4.661141411389437827e+00 1.193794336651140320e+01
2.699559516401279780e+00 4.487438494088809016e+00 9.191773159815150862e+00
2.715346414158012145e+00 4.370922245235275838e+00 5.317070493228266415e+00
2.731133311914744954e+00 4.319558397604939870e+00 1.745065608125448309e+00
2.746920209671477320e+00 4.315823900566742033e+00 9.012653945990049820e-02
2.762707107428210129e+00 4.316712760677696714e+00 -2.582426439692310005e+00
2.778494005184942495e+00 4.397360904902153145e+00 -7.764428284138514158e+00
2.794280902941675304e+00 4.561865231600052084e+00 -1.426689196234515578e+01
2.810067800698408114e+00 4.847820834333940176e+00 -2.050144361272519689e+01
2.825854698455140479e+00 5.209173619959075907e+00 -2.416525171101777403e+01
2.841641596211873289e+00 5.610809550389031841e+00 -2.783176457523385494e+01
2.857428493968605654e+00 6.087928063436415904e+00 -3.431308093671340487e+01
2.873215391725338463e+00 6.694203751321803786e+00 -4.045311037200888649e+01
2.889002289482071273e+00 7.365186298205864901e+00 -4.366362509349624332e+01
2.904789187238803638e+00 8.072830121400464520e+00 -4.415782892035355900e+01
2.920576084995536448e+00 8.759416558855690482e+00 -4.550234813676885182e+01
2.936362982752268813e+00 9.509511956853311077e+00 -5.150183026047325541e+01
2.952149880509001623e+00 1.038552481606907030e+01 -5.612328601487395474e+01
2.967936778265734432e+00 1.128153711303066586e+01 -5.684572749222181898e+01
2.983723676022466798e+00 1.218036019172265227e+01 -5.673163648270450921e+01
2.999510573779199607e+00 1.307277020247982335e+01 -5.641195575528488604e+01
3.015297471535931972e+00 1.396149974725466691e+01 -5.464492590709051711e+01
3.031084369292664782e+00 1.479811791891875927e+01 -4.758348179046068083e+01
3.046871267049397591e+00 1.546389087112537020e+01 -3.586512297868947741e+01
3.062658164806129957e+00 1.593051597791318486e+01 -2.538116617750662130e+01
3.078445062562862766e+00 1.626527062190724493e+01 -1.409535542747379644e+01
3.094231960319595132e+00 1.637555984786985519e+01 -6.181878203552376050e+00
3.110018858076327941e+00 1.646045598019535561e+01 -2.612373465356969682e+00
3.125805755833060751e+00 1.645804239346983877e+01 8.244475668696780168e-01
3.141592653589793116e+00 1.643442504130743842e+01 1.496009699076455535e+00
