0.000000000000000000e+00 2.836878219871402962e+02 3.137917544804481196e+01
1.578689775673262907e-02 2.831924421526514379e+02 6.275835089608422379e+01
3.157379551346525814e-02 2.817063026491850337e+02 1.255167017921684476e+02
4.736069327019788722e-02 2.792294034767409130e+02 1.882750526882526856e+02
6.314759102693051629e-02 2.757617446353192463e+02 2.196542281362938809e+02
7.893448878366314536e-02 2.722940857938975228e+02 2.196542281362956999e+02
9.472138654039577443e-02 2.688264269524757992e+02 2.196542281362938809e+02
1.105082842971284035e-01 2.653587681110541325e+02 2.196542281362938809e+02
1.262951820538610326e-01 2.618911092696324090e+02 2.196542281362956999e+02
1.420820798105936755e-01 2.584234504282106855e+02 2.196542281362965809e+02
1.578689775673262907e-01 2.549557915867889335e+02 2.196542281362956999e+02
1.736558753240589059e-01 2.514881327453672384e+02 2.196542281362947904e+02
1.894427730807915489e-01 2.480204739039455148e+02 2.196542281362956999e+02
2.052296708375241918e-01 2.445528150625237913e+02 2.196542281362956999e+02
2.210165685942568070e-01 2.410851562211020678e+02 2.196542281362947904e+02
2.368034663509894222e-01 2.376174973796803727e+02 2.196542281362947904e+02
2.525903641077220652e-01 2.341498385382586491e+02 2.196542281362947904e+02
2.683772618644547081e-01 2.306821796968369540e+02 2.196542281362947904e+02
2.841641596211873511e-01 2.272145208554152305e+02 2.196542281362956999e+02
2.999510573779199385e-01 2.237468620139935069e+02 2.196542281362956999e+02
3.157379551346525814e-01 2.202792031725717834e+02 2.196542281362947904e+02
3.315248528913852244e-01 2.168115443311500883e+02 2.196542281362938809e+02
3.473117506481178118e-01 2.133438854897283932e+02 2.196542281362947904e+02
3.630986484048504548e-01 2.098762266483066696e+02 2.196542281362956999e+02
3.788855461615830977e-01 2.064085678068849461e+02 2.196542281362947904e+02
3.946724439183157407e-01 2.029409089654632510e+02 2.196542281362947904e+02
4.104593416750483836e-01 1.994732501240415274e+02 2.196542281362947904e+02
4.262462394317809711e-01 1.960055912826198323e+02 2.196542281362947904e+02
4.420331371885136140e-01 1.925379324411981088e+02 2.196542281362956999e+02
4.578200349452462570e-01 1.890702735997763853e+02 2.196542281362947904e+02
4.736069327019788444e-01 1.856026147583546901e+02 2.196542281362956999e+02
4.893938304587114874e-01 1.821349559169329382e+02 2.196542281362947904e+02
5.051807282154441303e-01 1.786672970755112715e+02 2.196542281362947904e+02
5.209676259721767178e-01 1.751996382340895195e+02 2.196542281362956999e+02
5.367545237289094162e-01 1.717319793926678244e+02 2.196542281362947904e+02
5.525414214856420037e-01 1.682643205512461009e+02 2.196542281362947904e+02
5.683283192423747021e-01 1.647966617098244058e+02 2.196542281362947904e+02
5.841152169991072896e-01 1.613290028684026822e+02 2.196542281362956999e+02
5.999021147558398770e-01 1.578613440269809587e+02 2.196542281362947904e+02
6.156890125125725755e-01 1.543936851855592636e+02 2.196542281362947904e+02
6.314759102693051629e-01 1.509260263441375400e+02 2.196542281362956999e+02
6.472628080260377503e-01 1.474583675027158165e+02 2.196542281362947904e+02
6.630497057827704488e-01 1.439907086612941214e+02 2.196542281362947904e+02
6.788366035395030362e-01 1.405230498198723978e+02 2.196542281362947904e+02
6.946235012962356237e-01 1.370553909784507027e+02 2.196542281362947904e+02
7.104103990529683221e-01 1.335877321370289792e+02 2.196542281362947904e+02
7.261972968097009096e-01 1.301200732956072841e+02 2.196542281362947904e+02
7.419841945664336080e-01 1.266524144541855605e+02 2.196542281362961262e+02
7.577710923231661955e-01 1.231847556127638228e+02 2.196542281362961262e+02
7.735579900798987829e-01 1.197170967713420993e+02 2.196542281362952451e+02
7.893448878366314814e-01 1.162494379299203899e+02 2.196542281362947904e+02
8.051317855933640688e-01 1.127817790884986806e+02 2.196542281362952451e+02
8.209186833500967673e-01 1.093141202470769571e+02 2.196542281362952451e+02
8.367055811068293547e-01 1.058464614056552477e+02 2.196542281362943356e+02
8.524924788635619421e-01 1.023788025642335526e+02 2.196542281362947904e+02
8.682793766202946406e-01 9.891114372281182909e+01 2.196542281362952451e+02
8.840662743770272280e-01 9.544348488139011977e+01 2.325781157249531361e+02
8.998531721337598155e-01 9.156776985600509988e+01 2.325781157249531361e+02
9.156400698904925139e-01 8.810011101458339056e+01 2.339542897926705223e+02
9.314269676472251014e-01 8.418094495059332871e+01 2.516813838254013547e+02
9.472138654039576888e-01 8.015357446713420586e+01 2.519379408246567209e+02
9.630007631606903873e-01 7.622630792491210627e+01 2.530401475472655477e+02
9.787876609174229747e-01 7.216413659177976569e+01 2.664626453583490502e+02
9.945745586741556732e-01 6.781307084839058064e+01 2.646772843297728741e+02
1.010361456430888261e+00 6.380727013929221414e+01 2.643883168928470582e+02
1.026148354187620848e+00 5.946532819466657571e+01 2.555724814860194272e+02
1.041935251944353436e+00 5.573787686998375079e+01 2.288392087756216142e+02
1.057722149701086245e+00 5.224000581132191456e+01 2.222716074184137085e+02
1.073509047457818832e+00 4.871991858890552862e+01 2.137252279057309750e+02
1.089295945214551420e+00 4.549188916935760574e+01 1.854898259995696606e+02
1.105082842971284007e+00 4.286330075296686459e+01 1.562190080819747209e+02
1.120869740728016595e+00 4.055946215286095935e+01 1.405866698736634817e+02
1.136656638484749404e+00 3.842444598645676734e+01 1.297835320828052659e+02
1.152443536241481992e+00 3.646170344986320799e+01 1.161096422618635415e+02
1.168230433998214579e+00 3.475842388453908427e+01 9.770216528739616990e+01
1.184017331754947167e+00 3.337687526185617770e+01 7.970796768666006926e+01
1.199804229511679754e+00 3.224174081200658293e+01 6.816377366423242279e+01
1.215591127268412341e+00 3.122468621075557493e+01 5.837860989479638363e+01
1.231378025025145151e+00 3.039850652082792237e+01 4.499957507948181501e+01
1.247164922781877738e+00 2.980387882900318886e+01 3.371601543787883060e+01
1.262951820538610326e+00 2.933396394386349826e+01 2.671449793263338890e+01
1.278738718295342913e+00 2.896040073403333182e+01 1.982587116982356790e+01
1.294525616052075501e+00 2.870798594167118267e+01 1.134928063007323829e+01
1.310312513808808310e+00 2.860206086819446725e+01 3.890065219018483678e+00
1.326099411565540898e+00 2.858516181791184962e+01 -1.533096142334984702e+00
1.341886309322273485e+00 2.865046653229503448e+01 -6.802820691604227754e+00
1.357673207079006072e+00 2.879995268734333180e+01 -1.448763285352695718e+01
1.373460104835738660e+00 2.910789608948645579e+01 -2.189327599362917098e+01
1.389247002592471247e+00 2.949120650668603716e+01 -2.574200915972714299e+01
1.405033900349204057e+00 2.992066902280143026e+01 -2.617628935484853869e+01
1.420820798105936644e+00 3.031769131407732232e+01 -2.676682303464763635e+01
1.436607695862669232e+00 3.076579921984250632e+01 -2.939875399799441880e+01
1.452394593619401819e+00 3.124592156116066732e+01 -3.242115178435954448e+01
1.468181491376134407e+00 3.178945803659289382e+01 -2.943917939526704686e+01
1.483968389132867216e+00 3.217542819147104893e+01 -2.433125171444636692e+01
1.499755286889599804e+00 3.255768800281147435e+01 -2.194032042161160589e+01
1.515542184646332391e+00 3.286816738196291965e+01 -2.043570614617333803e+01
1.531329082403064978e+00 3.320292080984401650e+01 -1.931664426628285725e+01
1.547115980159797566e+00 3.347806715803288569e+01 -1.293950333534396613e+01
1.562902877916530375e+00 3.361147004219996859e+01 -3.549540349296373964e+00
1.578689775673262963e+00 3.359013961918836344e+01 3.068028846123762587e+00
1.594476673429995550e+00 3.351460072678304414e+01 9.985493482959176603e+00
1.610263571186728138e+00 3.327485968985637044e+01 1.863729040897752753e+01
1.626050468943460725e+00 3.292615073048492036e+01 2.734288366571596285e+01
1.641837366700193535e+00 3.241154107224658532e+01 3.708109144660492262e+01
1.657624264456926122e+00 3.175535993173371097e+01 4.167060211276720594e+01
1.673411162213658709e+00 3.109584200221510031e+01 4.763241886089585364e+01
1.689198059970391297e+00 3.025142367880805949e+01 5.262576002375720208e+01
1.704984957727123884e+00 2.943424701648429576e+01 5.025961604351810053e+01
1.720771855483856472e+00 2.866453683926474127e+01 4.886892396457803045e+01
1.736558753240589281e+00 2.789126960426362700e+01 4.840030327268946309e+01
1.752345650997321869e+00 2.713635556094314083e+01 4.747741968907902077e+01
1.768132548754054456e+00 2.639222726349367676e+01 4.874351387458228402e+01
1.783919446510787044e+00 2.559733782125932322e+01 4.666688629292829660e+01
1.799706344267519631e+00 2.491877653843062390e+01 4.534130683806881734e+01
1.815493242024252440e+00 2.416574067084085442e+01 4.984529652642491016e+01
1.831280139780985028e+00 2.334497133859724372e+01 5.160105989933086335e+01
1.847067037537717615e+00 2.253649935730130949e+01 5.232773465507307975e+01
1.862853935294450203e+00 2.169278614491509671e+01 5.359042877814163575e+01
1.878640833051182790e+00 2.084444611758134158e+01 5.319369276446642658e+01
1.894427730807915378e+00 2.001325936696373731e+01 5.201955016154064992e+01
1.910214628564648187e+00 1.920199147807840845e+01 5.060936905236587791e+01
1.926001526321380775e+00 1.841532949743884018e+01 4.903293610434135985e+01
1.941788424078113362e+00 1.765383558009512655e+01 4.849431082759426204e+01
1.957575321834845949e+00 1.688418004380195470e+01 4.725685993329193479e+01
1.973362219591578537e+00 1.616175714795289764e+01 4.515467295956243987e+01
1.989149117348311346e+00 1.545847563329933116e+01 4.343195215723230262e+01
2.004936015105043712e+00 1.479044557178983865e+01 4.312002720693398317e+01
2.020722912861776521e+00 1.409701271173253900e+01 4.284831567503604077e+01
2.036509810618509331e+00 1.343756161456984266e+01 4.078477411253516749e+01
2.052296708375241696e+00 1.280928259384048218e+01 3.865955122644438546e+01
2.068083606131974506e+00 1.221693284950375258e+01 3.677606619023603685e+01
2.083870503888706871e+00 1.164812260016030621e+01 3.384710127751497311e+01
2.099657401645439680e+00 1.114825139504394613e+01 3.160957808775076217e+01
2.115444299402172490e+00 1.065008824535075149e+01 2.917218138113488024e+01
2.131231197158904855e+00 1.022717490543427488e+01 2.486563184779120661e+01
2.147018094915637665e+00 9.864985870075482666e+00 2.094752683117139469e+01
2.162804992672370030e+00 9.565781976754042404e+00 1.672924587415181463e+01
2.178591890429102840e+00 9.336780081750530869e+00 1.190270232390035687e+01
2.194378788185835649e+00 9.189968487521564811e+00 8.448890654873997264e+00
2.210165685942568015e+00 9.070016535897911680e+00 4.667406325525583988e+00
2.225952583699300824e+00 9.042600754621165748e+00 4.729847313797505559e-01
2.241739481456033189e+00 9.055082612708336143e+00 -1.263038376557258147e+00
2.257526379212765999e+00 9.082479670048243747e+00 -1.957204654089402585e+00
2.273313276969498808e+00 9.116878992234557444e+00 -2.717772141235354155e+00
2.289100174726231174e+00 9.168290051887801440e+00 -2.358187804658914200e+00
2.304887072482963983e+00 9.191335931761205558e+00 -1.482903349408747129e+00
2.320673970239696349e+00 9.215110939008265944e+00 -6.049809181865628549e-01
2.336460867996429158e+00 9.210437475561576548e+00 9.207334564474355387e-01
2.352247765753161524e+00 9.186039889131988545e+00 1.389318508588652801e+00
2.368034663509894333e+00 9.166571417068325900e+00 1.130683947195235239e+00
2.383821561266627143e+00 9.150339905392888440e+00 2.161962258031874029e+00
2.399608459023359508e+00 9.098310062825397893e+00 3.435530626201953819e+00
2.415395356780092317e+00 9.041867163920940698e+00 3.575083172584209379e+00
2.431182254536824683e+00 8.985431117790593447e+00 3.900553758247621072e+00
2.446969152293557492e+00 8.918711877168751911e+00 4.480152479458068271e+00
2.462756050050290302e+00 8.843975699535040036e+00 5.834344227817853223e+00
2.478542947807022667e+00 8.734499485564464649e+00 7.317005751748443920e+00
2.494329845563755477e+00 8.612950056158485523e+00 7.510890184958502580e+00
2.510116743320487842e+00 8.497352174740491648e+00 7.747054062705275079e+00
2.525903641077220652e+00 8.368346155350868898e+00 9.015814473702979726e+00
2.541690538833953461e+00 8.212688692160453385e+00 1.049171982470592646e+01
2.557477436590685826e+00 8.037082739021034428e+00 1.162122511303186734e+01
2.573264334347418636e+00 7.845762506825638027e+00 1.247025035285264316e+01
2.589051232104151001e+00 7.643349604378347095e+00 1.358181416372439543e+01
2.604838129860883811e+00 7.416933083718317832e+00 1.550946393038471882e+01
2.620625027617616620e+00 7.153656961716914786e+00 1.642890759984077320e+01
2.636411925374348986e+00 6.898210114651329938e+00 1.579880893262380503e+01
2.652198823131081795e+00 6.654828599121942467e+00 1.499203194885192936e+01
2.667985720887814161e+00 6.424854763566941074e+00 1.328498758997132789e+01
2.683772618644546970e+00 6.235371117557264142e+00 9.983590892014602147e+00
2.699559516401279780e+00 6.109634906252377817e+00 7.156729170679604124e+00
2.715346414158012145e+00 6.009406014176974509e+00 3.588990119851426908e+00
2.731133311914744954e+00 5.996316866108341692e+00 -8.225762910224833080e-01
2.746920209671477320e+00 6.035377869783943083e+00 -4.071579300488268771e+00
2.762707107428210129e+00 6.124872078358816196e+00 -8.046142403160303047e+00
2.778494005184942495e+00 6.289425124693548419e+00 -1.065869889888408473e+01
2.794280902941675304e+00 6.461407657831779616e+00 -1.102383738186001949e+01
2.810067800698408114e+00 6.637489511962090916e+00 -1.469688637748843441e+01
2.825854698455140479e+00 6.925444142999232611e+00 -1.853495632774766833e+01
2.841641596211873289e+00 7.222708432905404763e+00 -2.001491226258584177e+01
2.857428493968605654e+00 7.557390889998066186e+00 -2.290948045012435230e+01
2.873215391725338463e+00 7.946047683957361052e+00 -2.539345113129111198e+01
2.889002289482071273e+00 8.359158523398624752e+00 -2.835269111607960113e+01
2.904789187238803638e+00 8.841249755512901487e+00 -3.305236066120549765e+01
2.920576084995536448e+00 9.402747000152830381e+00 -3.373328337819405220e+01
2.936362982752268813e+00 9.906337546893777102e+00 -3.268498902687008467e+01
2.952149880509001623e+00 1.043473616004708227e+01 -3.183830350688394617e+01
2.967936778265734432e+00 1.091159363131577464e+01 -2.913431462868095068e+01
2.983723676022466798e+00 1.135461705255801412e+01 -2.677174608576386916e+01
2.999510573779199607e+00 1.175687926776609693e+01 -2.307631679884771359e+01
3.015297471535931972e+00 1.208322396036877500e+01 -1.872567533537644380e+01
3.031084369292664782e+00 1.234811991165681277e+01 -1.470749904443282396e+01
3.046871267049397591e+00 1.254759552771218267e+01 -1.178604616863608179e+01
3.062658164806129957e+00 1.272025012329758908e+01 -9.932256061554015858e+00
3.078445062562862766e+00 1.286119454958706498e+01 -5.918771627255298817e+00
3.094231960319595132e+00 1.290712820834744790e+01 -3.196237214330856613e+00
3.110018858076327941e+00 1.296211188980487528e+01 -3.703468741771605011e+00
3.125805755833060751e+00 1.302406077309065502e+01 -1.218980015148075857e+00
3.141592653589793116e+00 1.300059971553816140e+01 1.486109425297835296e+00
