0.000000000000000000e+00 4.395670682226867143e+02 4.159553125341140145e+01
1.578689775673262907e-02 4.389104038236521319e+02 8.319106250681740278e+01
3.157379551346525814e-02 4.369404106265485552e+02 1.663821250136329866e+02
4.736069327019788722e-02 4.336570886313758706e+02 2.495731875204504036e+02
6.314759102693051629e-02 4.290604378381341348e+02 2.911687187738564262e+02
7.893448878366314536e-02 4.244637870448924559e+02 2.911687187738581883e+02
9.472138654039577443e-02 4.198671362516506633e+02 2.911687187738581883e+02
1.105082842971284035e-01 4.152704854584089844e+02 2.911687187738564262e+02
1.262951820538610326e-01 4.106738346651672487e+02 2.911687187738600073e+02
1.420820798105936755e-01 4.060771838719254561e+02 2.911687187738600073e+02
1.578689775673262907e-01 4.014805330786837203e+02 2.911687187738564262e+02
1.736558753240589059e-01 3.968838822854420414e+02 2.911687187738564262e+02
1.894427730807915489e-01 3.922872314922003056e+02 2.911687187738581883e+02
2.052296708375241918e-01 3.876905806989585699e+02 2.911687187738564262e+02
2.210165685942568070e-01 3.830939299057168910e+02 2.911687187738618263e+02
2.368034663509894222e-01 3.784972791124749847e+02 2.911687187738618263e+02
2.525903641077220652e-01 3.739006283192333058e+02 2.911687187738564262e+02
2.683772618644547081e-01 3.693039775259915700e+02 2.911687187738581883e+02
2.841641596211873511e-01 3.647073267327498343e+02 2.911687187738564262e+02
2.999510573779199385e-01 3.601106759395081554e+02 2.911687187738564262e+02
3.157379551346525814e-01 3.555140251462664196e+02 2.911687187738581883e+02
3.315248528913852244e-01 3.509173743530246838e+02 2.911687187738600073e+02
3.473117506481178118e-01 3.463207235597828912e+02 2.911687187738600073e+02
3.630986484048504548e-01 3.417240727665411555e+02 2.911687187738581883e+02
3.788855461615830977e-01 3.371274219732994197e+02 2.911687187738581883e+02
3.946724439183157407e-01 3.325307711800576840e+02 2.911687187738564262e+02
4.104593416750483836e-01 3.279341203868160051e+02 2.911687187738564262e+02
4.262462394317809711e-01 3.233374695935742693e+02 2.911687187738600073e+02
4.420331371885136140e-01 3.187408188003324767e+02 2.911687187738600073e+02
4.578200349452462570e-01 3.141441680070907410e+02 2.911687187738581883e+02
4.736069327019788444e-01 3.095475172138490052e+02 2.911687187738564262e+02
4.893938304587114874e-01 3.049508664206073263e+02 2.911687187738564262e+02
5.051807282154441303e-01 3.003542156273655905e+02 2.911687187738581883e+02
5.209676259721767178e-01 2.957575648341238548e+02 2.911687187738600073e+02
5.367545237289094162e-01 2.911609140408820622e+02 2.911687187738581883e+02
5.525414214856420037e-01 2.865642632476403833e+02 2.911687187738581883e+02
5.683283192423747021e-01 2.819676124543985907e+02 2.911687187738600073e+02
5.841152169991072896e-01 2.773709616611568549e+02 2.911687187738581883e+02
5.999021147558398770e-01 2.727743108679151192e+02 2.911687187738581883e+02
6.156890125125725755e-01 2.681776600746733834e+02 2.911687187738564262e+02
6.314759102693051629e-01 2.635810092814317045e+02 2.911687187738564262e+02
6.472628080260377503e-01 2.589843584881899687e+02 2.911687187738590978e+02
6.630497057827704488e-01 2.543877076949482046e+02 2.911687187738581883e+02
6.788366035395030362e-01 2.497910569017064972e+02 2.911687187738581883e+02
6.946235012962356237e-01 2.451944061084647331e+02 2.911687187738590978e+02
7.104103990529683221e-01 2.405977553152229973e+02 2.911687187738581883e+02
7.261972968097009096e-01 2.360011045219812615e+02 2.911687187738590978e+02
7.419841945664336080e-01 2.314044537287394974e+02 2.911687187738590978e+02
7.577710923231661955e-01 2.268078029354977616e+02 2.911687187738581883e+02
7.735579900798987829e-01 2.222111521422560259e+02 2.911687187738581883e+02
7.893448878366314814e-01 2.176145013490142901e+02 2.911687187738581883e+02
8.051317855933640688e-01 2.130178505557725543e+02 2.911687187738581883e+02
8.209186833500967673e-01 2.084211997625308186e+02 2.911687187738581883e+02
8.367055811068293547e-01 2.038245489692890828e+02 2.911687187738581883e+02
8.524924788635619421e-01 1.992278981760473471e+02 2.911687187738572788e+02
8.682793766202946406e-01 1.946312473828056397e+02 2.911687187738581883e+02
8.840662743770272280e-01 1.900345965895638756e+02 2.911687187738581883e+02
8.998531721337598155e-01 1.854379457963221682e+02 2.911687187738581883e+02
9.156400698904925139e-01 1.808412950030804041e+02 2.911687187738590978e+02
9.314269676472251014e-01 1.762446442098386683e+02 2.911687187738572788e+02
9.472138654039576888e-01 1.716479934165969610e+02 2.911687187738581883e+02
9.630007631606903873e-01 1.670513426233551968e+02 2.911687187738590978e+02
9.787876609174229747e-01 1.624546918301134610e+02 2.911687187738581883e+02
9.945745586741556732e-01 1.578580410368717253e+02 2.911687187738581883e+02
1.010361456430888261e+00 1.532613902436299895e+02 2.911687187738581883e+02
1.026148354187620848e+00 1.486647394503882538e+02 2.911687187738581883e+02
1.041935251944353436e+00 1.440680886571465180e+02 2.911687187738572788e+02
1.057722149701086245e+00 1.394714378639048107e+02 2.911687187738581883e+02
1.073509047457818832e+00 1.348747870706630465e+02 2.911687187738590978e+02
1.089295945214551420e+00 1.302781362774213108e+02 2.911687187738581883e+02
1.105082842971284007e+00 1.256814854841795750e+02 2.911687187738577336e+02
1.120869740728016595e+00 1.210848346909378535e+02 2.911687187738581883e+02
1.136656638484749404e+00 1.164881838976961035e+02 2.911687187738586431e+02
1.152443536241481992e+00 1.118915331044543677e+02 2.911687187738577336e+02
1.168230433998214579e+00 1.072948823112126462e+02 2.911687187738577336e+02
1.184017331754947167e+00 1.026982315179709104e+02 2.911687187738581883e+02
1.199804229511679754e+00 9.810158072472917468e+01 2.911687187738586431e+02
1.215591127268412341e+00 9.350492993148742471e+01 2.911687187738586431e+02
1.231378025025145151e+00 8.890827913824568896e+01 2.935156076521666364e+02
1.247164922781877738e+00 8.423752815546741601e+01 2.935156076521666364e+02
1.262951820538610326e+00 7.964087736222568026e+01 2.671345254859239731e+02
1.278738718295342913e+00 7.580307727318827915e+01 2.148485442862557875e+02
1.294525616052075501e+00 7.285729335856575517e+01 1.664784494788798952e+02
1.310312513808808310e+00 7.054672075194336855e+01 1.193978295782910664e+02
1.326099411565540898e+00 6.908745070270921929e+01 7.599759418648764608e+01
1.341886309322273485e+00 6.814718825358389154e+01 3.310082043460511159e+01
1.357673207079006072e+00 6.804233216697906528e+01 -1.818918215159278873e+01
1.373460104835738660e+00 6.872148977139545423e+01 -3.839713949852222896e+01
1.389247002592471247e+00 6.925467559780740601e+01 -1.640195359301783640e+01
1.405033900349204057e+00 6.923936170016274616e+01 1.499154751298646993e+01
1.420820798105936644e+00 6.878133554220197254e+01 5.037249001995670028e+01
1.436607695862669232e+00 6.764891100076856389e+01 7.028068981658711323e+01
1.452394593619401819e+00 6.656230741338777079e+01 8.413360024845644602e+01
1.468181491376134407e+00 6.499249391071217019e+01 1.146057679045615458e+02
1.483968389132867216e+00 6.294376833290548490e+01 1.397930598238542359e+02
1.499755286889599804e+00 6.057869642563218093e+01 1.479642926497085398e+02
1.515542184646332391e+00 5.827197401348905714e+01 1.392078553681853634e+02
1.531329082403064978e+00 5.618337606636904979e+01 1.230806366818995912e+02
1.547115980159797566e+00 5.438585115922764857e+01 1.206314029983673493e+02
1.562902877916530375e+00 5.237458481559617951e+01 1.242020303193375526e+02
1.578689775673262963e+00 5.046432165156767269e+01 1.234826067454148699e+02
1.594476673429995550e+00 4.847577024074680452e+01 1.204473060891769762e+02
1.610263571186728138e+00 4.666134303896023994e+01 1.157244826813966512e+02
1.626050468943460725e+00 4.482190908866283507e+01 1.121811621463948541e+02
1.641837366700193535e+00 4.311935796488707950e+01 1.053542559072507032e+02
1.657624264456926122e+00 4.149547535617401195e+01 9.703438552941265982e+01
1.673411162213658709e+00 4.005561411840665187e+01 8.882572369352671160e+01
1.689198059970391297e+00 3.869091011993903351e+01 7.906219375156089768e+01
1.704984957727123884e+00 3.755932058004889740e+01 7.216695066289788940e+01
1.720771855483856472e+00 3.641232557687835936e+01 6.753629425694603583e+01
1.736558753240589281e+00 3.542694343544286539e+01 6.362135179127447770e+01
1.752345650997321869e+00 3.440355802513042249e+01 6.639819562287105725e+01
1.768132548754054456e+00 3.333050038438327078e+01 6.966008166237929800e+01
1.783919446510787044e+00 3.220412485127116753e+01 7.072181231913529587e+01
1.799706344267519631e+00 3.109754434387722455e+01 7.188363504013742045e+01
1.815493242024252440e+00 2.993448565774930259e+01 7.370571583216613476e+01
1.831280139780985028e+00 2.877037514401883200e+01 7.587959923862658229e+01
1.847067037537717615e+00 2.753867870774521265e+01 7.999185535009640091e+01
1.862853935294450203e+00 2.624472866045219632e+01 8.466516257652324384e+01
1.878640833051182790e+00 2.486547817743977618e+01 8.857003955709528498e+01
1.894427730807915378e+00 2.344823634285694069e+01 8.918375817709873843e+01
1.910214628564648187e+00 2.204960843363372547e+01 8.783431910797861519e+01
1.926001526321380775e+00 2.067497351227716962e+01 8.543010867850631485e+01
1.941788424078113362e+00 1.935225565152545357e+01 8.318014390374295886e+01
1.957575321834845949e+00 1.804866065787977547e+01 8.025909610479128276e+01
1.973362219591578537e+00 1.681817136301721760e+01 7.389071070924720175e+01
1.989149117348311346e+00 1.571565046760138706e+01 6.682794141329476645e+01
2.004936015105043712e+00 1.470815960624801200e+01 6.172192121282116517e+01
2.020722912861776521e+00 1.376685514852955805e+01 5.903089827425787206e+01
2.036509810618509331e+00 1.284433009516042468e+01 5.669398081778948750e+01
2.052296708375241696e+00 1.197681099134435101e+01 5.235503846260749583e+01
2.068083606131974506e+00 1.119128281664244717e+01 4.777813549385860625e+01
2.083870503888706871e+00 1.046827391124662299e+01 4.443256424689040074e+01
2.099657401645439680e+00 9.788378118972222097e+00 4.099019385353005163e+01
2.115444299402172490e+00 9.174057912457964648e+00 3.766563431181016597e+01
2.131231197158904855e+00 8.599131083326167158e+00 3.268977762101978612e+01
2.147018094915637665e+00 8.141917558471233107e+00 2.673761182236239975e+01
2.162804992672370030e+00 7.754923195128485602e+00 2.247456213753194021e+01
2.178591890429102840e+00 7.432310329286131001e+00 1.858893291234920753e+01
2.194378788185835649e+00 7.168000028540447488e+00 1.407605204167101931e+01
2.210165685942568015e+00 6.987875940485515081e+00 9.699529449598999875e+00
2.225952583699300824e+00 6.861749069121974465e+00 5.587021055162147753e+00
2.241739481456033189e+00 6.811472480160400522e+00 1.866231879527666004e+00
2.257526379212765999e+00 6.802825045377058011e+00 -1.302613747845062786e+00
2.273313276969498808e+00 6.852600940267889129e+00 -5.217368900736653714e+00
2.289100174726231174e+00 6.967557184167230133e+00 -9.195822947271180325e+00
2.304887072482963983e+00 7.142947973583060772e+00 -1.198245700062754615e+01
2.320673970239696349e+00 7.345888831253934548e+00 -1.434512688809681968e+01
2.336460867996429158e+00 7.595878076562541992e+00 -1.652881811537409007e+01
2.352247765753161524e+00 7.867766354508016313e+00 -1.700044363280676762e+01
2.368034663509894333e+00 8.132646607462975297e+00 -1.587530449303007885e+01
2.383821561266627143e+00 8.369009972284944254e+00 -1.332249443887858220e+01
2.399608459023359508e+00 8.553288322605405725e+00 -9.517206981865001580e+00
2.415395356780092317e+00 8.669504319389673697e+00 -5.158980444649916564e+00
2.431182254536824683e+00 8.716176916222748261e+00 5.340693824583591515e-02
2.446969152293557492e+00 8.667818059642499406e+00 5.907133690910785440e+00
2.462756050050290302e+00 8.529666284995229830e+00 1.048711428711687432e+01
2.478542947807022667e+00 8.336700057614731207e+00 1.357225393583876105e+01
2.494329845563755477e+00 8.101138714568232757e+00 1.599087013939075241e+01
2.510116743320487842e+00 7.831807593751229923e+00 1.745016538045875620e+01
2.525903641077220652e+00 7.550170761169477274e+00 1.796422267889011337e+01
2.541690538833953461e+00 7.264608900329598384e+00 1.811800471473426200e+01
2.557477436590685826e+00 6.978116585194458210e+00 1.829906728050780629e+01
2.573264334347418636e+00 6.686837891927702060e+00 1.908479029739555344e+01
2.589051232104151001e+00 6.375537318927125163e+00 1.996060712950242078e+01
2.604838129860883811e+00 6.056605764096175903e+00 2.043344163892665222e+01
2.620625027617616620e+00 5.730376010983328605e+00 2.093500079495948185e+01
2.636411925374348986e+00 5.395608329921892654e+00 2.137529809552550120e+01
2.652198823131081795e+00 5.055476719875843017e+00 2.034219870434659683e+01
2.667985720887814161e+00 4.753327907736575320e+00 1.753050845243383193e+01
2.683772618644546970e+00 4.501972030751622889e+00 1.440396289079064651e+01
2.699559516401279780e+00 4.298540128839209551e+00 1.154712426067221109e+01
2.715346414158012145e+00 4.137385490576584779e+00 7.947966429160956636e+00
2.731133311914744954e+00 4.047592662056994861e+00 3.235452253509536025e+00
2.746920209671477320e+00 4.035229982730694331e+00 -2.343940661725889996e+00
2.762707107428210129e+00 4.121599765206024557e+00 -7.231380480136237132e+00
2.778494005184942495e+00 4.263552111290580093e+00 -1.107179826955598401e+01
2.794280902941675304e+00 4.471178459735323685e+00 -1.739158821655962583e+01
2.810067800698408114e+00 4.812670561294625671e+00 -2.537244159783296027e+01
2.825854698455140479e+00 5.272282742422641277e+00 -3.261385050977700928e+01
2.841641596211873289e+00 5.842413608197049690e+00 -3.938479616061406574e+01
2.857428493968605654e+00 6.515810242737381408e+00 -4.520802377022663876e+01
2.873215391725338463e+00 7.269802506286062282e+00 -5.124365934226965891e+01
2.889002289482071273e+00 8.133767064171877337e+00 -5.784901862817701357e+01
2.904789187238803638e+00 9.096315591106765908e+00 -6.142322731058537499e+01
2.920576084995536448e+00 1.007313148305339467e+01 -6.267786807913122971e+01
2.936362982752268813e+00 1.107529378105720674e+01 -6.283085459563939423e+01
2.952149880509001623e+00 1.205694003799238168e+01 -6.238497391568956374e+01
2.967936778265734432e+00 1.304502419058405316e+01 -6.130035051852359373e+01
2.983723676022466798e+00 1.399242477016798958e+01 -5.865214950968497476e+01
2.999510573779199607e+00 1.489689516562803817e+01 -5.676920379783737758e+01
3.015297471535931972e+00 1.578484400234314222e+01 -5.730557898672932993e+01
3.031084369292664782e+00 1.670624979833576162e+01 -5.839307034205271663e+01
3.046871267049397591e+00 1.762853486472650744e+01 -5.721722374812625134e+01
3.062658164806129957e+00 1.851281472080728818e+01 -5.079057934267024876e+01
3.078445062562862766e+00 1.923218623090241053e+01 -4.946483094572555927e+01
3.094231960319595132e+00 2.007460717819575535e+01 -5.675903978954916340e+01
3.110018858076327941e+00 2.102428454675827396e+01 -5.492975887092413956e+01
3.125805755833060751e+00 2.180894815239026840e+01 -4.667670878603533424e+01
3.141592653589793116e+00 2.249804540521012086e+01 -4.364994715481536502e+01
