0.000000000000000000e+00 4.887703248925037656e+02 6.157473520468166583e+01
1.578689775673262907e-02 4.877982508434295710e+02 1.231494704093651222e+02
3.157379551346525814e-02 4.848820286962069304e+02 2.462989408187302445e+02
4.736069327019788722e-02 4.800216584508359006e+02 3.694484112280971999e+02
6.314759102693051629e-02 4.732171401073163679e+02 4.310231464327806634e+02
7.893448878366314536e-02 4.664126217637968921e+02 4.310231464327788444e+02
9.472138654039577443e-02 4.596081034202774163e+02 4.310231464327788444e+02
1.105082842971284035e-01 4.528035850767579404e+02 4.310231464327788444e+02
1.262951820538610326e-01 4.459990667332384646e+02 4.310231464327788444e+02
1.420820798105936755e-01 4.391945483897189888e+02 4.310231464327788444e+02
1.578689775673262907e-01 4.323900300461995130e+02 4.310231464327788444e+02
1.736558753240589059e-01 4.255855117026800372e+02 4.310231464327770254e+02
1.894427730807915489e-01 4.187809933591606182e+02 4.310231464327788444e+02
2.052296708375241918e-01 4.119764750156410855e+02 4.310231464327788444e+02
2.210165685942568070e-01 4.051719566721216665e+02 4.310231464327788444e+02
2.368034663509894222e-01 3.983674383286021339e+02 4.310231464327806634e+02
2.525903641077220652e-01 3.915629199850826581e+02 4.310231464327770254e+02
2.683772618644547081e-01 3.847584016415632391e+02 4.310231464327788444e+02
2.841641596211873511e-01 3.779538832980437064e+02 4.310231464327806634e+02
2.999510573779199385e-01 3.711493649545242306e+02 4.310231464327788444e+02
3.157379551346525814e-01 3.643448466110047548e+02 4.310231464327788444e+02
3.315248528913852244e-01 3.575403282674852790e+02 4.310231464327788444e+02
3.473117506481178118e-01 3.507358099239658031e+02 4.310231464327788444e+02
3.630986484048504548e-01 3.439312915804463273e+02 4.310231464327788444e+02
3.788855461615830977e-01 3.371267732369268515e+02 4.310231464327806634e+02
3.946724439183157407e-01 3.303222548934073188e+02 4.310231464327806634e+02
4.104593416750483836e-01 3.235177365498878430e+02 4.310231464327770254e+02
4.262462394317809711e-01 3.167132182063684240e+02 4.310231464327770254e+02
4.420331371885136140e-01 3.099086998628489482e+02 4.310231464327788444e+02
4.578200349452462570e-01 3.031041815193294724e+02 4.310231464327788444e+02
4.736069327019788444e-01 2.962996631758099966e+02 4.310231464327788444e+02
4.893938304587114874e-01 2.894951448322905208e+02 4.310231464327788444e+02
5.051807282154441303e-01 2.826906264887710449e+02 4.310231464327788444e+02
5.209676259721767178e-01 2.758861081452515691e+02 4.310231464327788444e+02
5.367545237289094162e-01 2.690815898017320933e+02 4.310231464327788444e+02
5.525414214856420037e-01 2.622770714582126175e+02 4.310231464327797539e+02
5.683283192423747021e-01 2.554725531146931132e+02 4.310231464327797539e+02
5.841152169991072896e-01 2.486680347711736374e+02 4.310231464327788444e+02
5.999021147558398770e-01 2.418635164276541616e+02 4.310231464327788444e+02
6.156890125125725755e-01 2.350589980841346858e+02 4.310231464327788444e+02
6.314759102693051629e-01 2.282544797406152099e+02 4.310231464327779349e+02
6.472628080260377503e-01 2.214499613970957625e+02 4.310231464327779349e+02
6.630497057827704488e-01 2.146454430535762867e+02 4.310231464327788444e+02
6.788366035395030362e-01 2.078409247100568109e+02 4.310231464327788444e+02
6.946235012962356237e-01 2.010364063665373351e+02 4.310231464327797539e+02
7.104103990529683221e-01 1.942318880230178308e+02 4.310231464327797539e+02
7.261972968097009096e-01 1.874273696794983550e+02 4.310231464327788444e+02
7.419841945664336080e-01 1.806228513359788792e+02 4.310231464327797539e+02
7.577710923231661955e-01 1.738183329924593750e+02 4.310231464327788444e+02
7.735579900798987829e-01 1.670138146489399276e+02 4.310231464327788444e+02
7.893448878366314814e-01 1.602092963054204233e+02 4.310231464327788444e+02
8.051317855933640688e-01 1.534047779619009759e+02 4.310231464327779349e+02
8.209186833500967673e-01 1.466002596183815001e+02 4.310231464327788444e+02
8.367055811068293547e-01 1.397957412748620243e+02 4.310231464327788444e+02
8.524924788635619421e-01 1.329912229313425485e+02 4.310231464327792992e+02
8.682793766202946406e-01 1.261867045878230584e+02 4.310231464327792992e+02
8.840662743770272280e-01 1.193821862443035826e+02 4.310231464327788444e+02
8.998531721337598155e-01 1.125776679007841068e+02 4.188464794141544871e+02
9.156400698904925139e-01 1.061576131517462329e+02 4.188464794141544871e+02
9.314269676472251014e-01 9.935309480822675710e+01 4.292390437194388255e+02
9.472138654039576888e-01 9.260490735895329806e+01 4.233806120523616983e+02
9.630007631606903873e-01 8.598536193891972346e+01 4.072631147707925265e+02
9.787876609174229747e-01 7.974606505300336323e+01 3.836181313283215673e+02
9.945745586741556732e-01 7.387308150510163784e+01 3.655986074548694091e+02
1.010361456430888261e+00 6.820272938121566142e+01 3.526555959051867148e+02
1.026148354187620848e+00 6.273840583331203646e+01 3.094414960898887443e+02
1.041935251944353436e+00 5.843248686029275518e+01 2.580706815932256859e+02
1.057722149701086245e+00 5.459013490466692531e+01 2.268882535812308561e+02
1.073509047457818832e+00 5.126876353731172031e+01 2.004169171074601081e+02
1.089295945214551420e+00 4.826221214647686253e+01 1.829911638850579436e+02
1.105082842971284007e+00 4.549103794803389178e+01 1.602533037476965490e+02
1.120869740728016595e+00 4.320240710358985581e+01 1.390670529812148573e+02
1.136656638484749404e+00 4.110016325454477482e+01 1.320577093284283876e+02
1.152443536241481992e+00 3.903284399327742449e+01 1.199431111526936746e+02
1.168230433998214579e+00 3.731310398976079057e+01 1.030343553231033269e+02
1.184017331754947167e+00 3.577965832744403940e+01 9.158282244080666601e+01
1.199804229511679754e+00 3.442148668146876389e+01 7.567316300113664340e+01
1.215591127268412341e+00 3.339036935298902620e+01 5.637935329135344631e+01
1.231378025025145151e+00 3.264137650946615565e+01 4.121505996091773483e+01
1.247164922781877738e+00 3.208905347770780025e+01 3.021713208131862416e+01
1.262951820538610326e+00 3.168730696012723058e+01 2.144840346669162656e+01
1.278738718295342913e+00 3.141184597256017952e+01 1.114861492084039440e+01
1.294525616052075501e+00 3.133530287235824829e+01 1.020246046602599987e+00
1.310312513808808310e+00 3.137963293251132768e+01 -6.382029919612136837e+00
1.326099411565540898e+00 3.153680778000089902e+01 -1.240531616265866433e+01
1.341886309322273485e+00 3.177131584831099786e+01 -1.789515426130465414e+01
1.357673207079006072e+00 3.210182572132924861e+01 -2.325867617044712787e+01
1.373460104835738660e+00 3.250568053363060272e+01 -2.696867822915880808e+01
1.389247002592471247e+00 3.295332925300515114e+01 -2.948855113603430311e+01
1.405033900349204057e+00 3.343674601718811346e+01 -3.305157231748504643e+01
1.420820798105936644e+00 3.399689283875593304e+01 -3.450989865675650492e+01
1.436607695862669232e+00 3.452635450056695277e+01 -3.268095973135816479e+01
1.452394593619401819e+00 3.502875477849762831e+01 -2.566466953576345134e+01
1.468181491376134407e+00 3.533668552840980936e+01 -1.676513683486072281e+01
1.483968389132867216e+00 3.555809378067678495e+01 -1.278054588293568017e+01
1.499755286889599804e+00 3.574021587066808081e+01 -6.873669435620027635e+00
1.515542184646332391e+00 3.577512161386420786e+01 3.187793386713354327e+00
1.531329082403064978e+00 3.563956513413681648e+01 9.153601603547368626e+00
1.547115980159797566e+00 3.548610766862207555e+01 1.227525519797351450e+01
1.562902877916530375e+00 3.525198873664039922e+01 1.286103868631200520e+01
1.578689775673262963e+00 3.508003586304969446e+01 9.999646665603522777e+00
1.594476673429995550e+00 3.493626193761372889e+01 1.378117548315294627e+01
1.610263571186728138e+00 3.464491184640944255e+01 2.145139251676755521e+01
1.626050468943460725e+00 3.425896005681023126e+01 2.356302164994626480e+01
1.641837366700193535e+00 3.390093781915468441e+01 2.875300294636380016e+01
1.657624264456926122e+00 3.335111862138367655e+01 3.940391108478468851e+01
1.673411162213658709e+00 3.265680678813292559e+01 4.691882729881207581e+01
1.689198059970391297e+00 3.186971316251939257e+01 5.538863719133007635e+01
1.704984957727123884e+00 3.090797728368435315e+01 6.001338608885743042e+01
1.720771855483856472e+00 2.997486278207916754e+01 5.864494817380586511e+01
1.736558753240589281e+00 2.905633368214683898e+01 6.129521241880885185e+01
1.752345650997321869e+00 2.803954027921328063e+01 6.295565108487756589e+01
1.768132548754054456e+00 2.706858482837584745e+01 5.780557451666567204e+01
1.783919446510787044e+00 2.621439888988570033e+01 5.316524356893214076e+01
1.799706344267519631e+00 2.538995629950681021e+01 5.010086855698929753e+01
1.815493242024252440e+00 2.463252431102031892e+01 4.936207890658761244e+01
1.831280139780985028e+00 2.383140811399067616e+01 5.003995573559302557e+01
1.847067037537717615e+00 2.305257298112185183e+01 4.806791679244449256e+01
1.862853935294450203e+00 2.231372153842777095e+01 4.630422078937136376e+01
1.878640833051182790e+00 2.159057298250789358e+01 4.836414019707601852e+01
1.894427730807915378e+00 2.078668206566072740e+01 5.263571505609852608e+01
1.910214628564648187e+00 1.992866367862161425e+01 5.457652755257104360e+01
1.926001526321380775e+00 1.906349394488084670e+01 5.402150693055654784e+01
1.941788424078113362e+00 1.822299966546697547e+01 5.407719599856208958e+01
1.957575321834845949e+00 1.735607161648066565e+01 5.526830042427553025e+01
1.973362219591578537e+00 1.647796964949413479e+01 5.599681185825669871e+01
1.989149117348311346e+00 1.558803972946208205e+01 5.498703716138839326e+01
2.004936015105043712e+00 1.474182018226914259e+01 5.161621249225255781e+01
2.020722912861776521e+00 1.395831999105212873e+01 4.912883635453007258e+01
2.036509810618509331e+00 1.319063634939671203e+01 4.789672844571254018e+01
2.052296708375241696e+00 1.244603848134322632e+01 4.521711994178640026e+01
2.068083606131974506e+00 1.176296025064691619e+01 4.181414686115873280e+01
2.083870503888706871e+00 1.112580715877899529e+01 3.794993763158286981e+01
2.099657401645439680e+00 1.056473668011855871e+01 3.408874429783615057e+01
2.115444299402172490e+00 1.004949611700831191e+01 3.075277337665612265e+01
2.131231197158904855e+00 9.593754902052079814e+00 2.674898071179562820e+01
2.147018094915637665e+00 9.204929269820450344e+00 2.245616461753936477e+01
2.162804992672370030e+00 8.884728552401178092e+00 1.847404373978393721e+01
2.178591890429102840e+00 8.621633590473699371e+00 1.433368341261932954e+01
2.194378788185835649e+00 8.432159763376386508e+00 1.022006423353987437e+01
2.210165685942568015e+00 8.298947372229431352e+00 6.214993384421140910e+00
2.225952583699300824e+00 8.235928833139134042e+00 3.116522963105712751e+00
2.241739481456033189e+00 8.200546913479312749e+00 1.121523246395078166e+00
2.257526379212765999e+00 8.200518087493858133e+00 -7.495156197335661741e-01
2.273313276969498808e+00 8.224211966390928552e+00 -2.439791744955079444e+00
2.289100174726231174e+00 8.277551573144510400e+00 -3.266097107731999127e+00
2.304887072482963983e+00 8.327335048597579004e+00 -2.705649928954258598e+00
2.320673970239696349e+00 8.362979210732333968e+00 -1.928264358519225175e+00
2.336460867996429158e+00 8.388217673149368281e+00 -1.740293890242997632e+00
2.352247765753161524e+00 8.417926894156199324e+00 -1.742670372503845710e+00
2.368034663509894333e+00 8.443240391138179035e+00 -1.680841060886204330e+00
2.383821561266627143e+00 8.470997426103256345e+00 -1.211029587347023373e+00
2.399608459023359508e+00 8.481477191689830164e+00 -2.713926395604541741e-01
2.415395356780092317e+00 8.479566321808597706e+00 7.762743021993545600e-01
2.431182254536824683e+00 8.456967265609829809e+00 2.174333433748514288e+00
2.446969152293557492e+00 8.410914362593331361e+00 3.157500533875591042e+00
2.462756050050290302e+00 8.357272989419584519e+00 4.026125924092084141e+00
2.478542947807022667e+00 8.283794285954586556e+00 5.588686773147924391e+00
2.494329845563755477e+00 8.180816936055403943e+00 7.468020278271722212e+00
2.510116743320487842e+00 8.048000540798023295e+00 8.993050186105872257e+00
2.525903641077220652e+00 7.896872208436966467e+00 9.831314200499853939e+00
2.541690538833953461e+00 7.737588636602813708e+00 1.062216066953101290e+01
2.557477436590685826e+00 7.561490279546021043e+00 1.195687012099272728e+01
2.573264334347418636e+00 7.360064864421526742e+00 1.329408419897115934e+01
2.589051232104151001e+00 7.141745583508916084e+00 1.430587325510263774e+01
2.604838129860883811e+00 6.908374147623364436e+00 1.481927694145585761e+01
2.620625027617616620e+00 6.673844763701977989e+00 1.468389378702867099e+01
2.636411925374348986e+00 6.444747887850278190e+00 1.434481864254786743e+01
2.652198823131081795e+00 6.220924393204427361e+00 1.395376205574266315e+01
2.667985720887814161e+00 6.004174658058708758e+00 1.371859651160478855e+01
2.683772618644546970e+00 5.787776232215279926e+00 1.205997882240738939e+01
2.699559516401279780e+00 5.623395352823296278e+00 9.267698150123971246e+00
2.715346414158012145e+00 5.495159825942745435e+00 6.787675359917767715e+00
2.731133311914744954e+00 5.409082678997465976e+00 4.513558290537697637e+00
2.746920209671477320e+00 5.352649659439202345e+00 1.659442685304328702e+00
2.762707107428210129e+00 5.356687774985351425e+00 -2.415112150287050063e+00
2.778494005184942495e+00 5.428903916614451042e+00 -7.211903097899174497e+00
2.794280902941675304e+00 5.584394928661346569e+00 -1.019676833265544680e+01
2.810067800698408114e+00 5.750854594847892187e+00 -1.283994281612571342e+01
2.825854698455140479e+00 5.989800657542287077e+00 -1.776854186356550969e+01
2.841641596211873289e+00 6.311874902220556471e+00 -2.336077199621662714e+01
2.857428493968605654e+00 6.727388895587516515e+00 -2.841098316364404042e+01
2.873215391725338463e+00 7.208917474965957695e+00 -3.249290130046257019e+01
2.889002289482071273e+00 7.753313116887531109e+00 -3.636809895704531925e+01
2.904789187238803638e+00 8.357196394649175630e+00 -4.078322069367108327e+01
2.920576084995536448e+00 9.040994187450026587e+00 -4.590339197617439737e+01
2.936362982752268813e+00 9.806540706279347930e+00 -4.837265341343586300e+01
2.952149880509001623e+00 1.056830245476957764e+01 -4.915730316971416869e+01
2.967936778265734432e+00 1.135862334455332068e+01 -4.862605815474451276e+01
2.983723676022466798e+00 1.210361167157335061e+01 -4.527450357612319465e+01
2.999510573779199607e+00 1.278811126243948593e+01 -3.993953214501405569e+01
3.015297471535931972e+00 1.336465429242349678e+01 -3.432256649076303034e+01
3.031084369292664782e+00 1.387180495831615268e+01 -2.471339484803218767e+01
3.046871267049397591e+00 1.414494996779879088e+01 -1.515536468307296580e+01
3.062658164806129957e+00 1.435031734375149171e+01 -9.592898753494056407e+00
3.078445062562862766e+00 1.444783419142298797e+01 -2.911267453614254208e+00
3.094231960319595132e+00 1.444223710701691488e+01 1.828564969194246548e-01
3.110018858076327941e+00 1.444206071778094547e+01 7.387454269824608177e-01
3.125805755833060751e+00 1.441891210996886308e+01 3.332345865241242322e+00
3.141592653589793116e+00 1.433684591085167703e+01 5.198374017605030595e+00
