0.000000000000000000e+00 2.018146796657780442e+02 1.387120141503691784e+01
1.578689775673262907e-02 2.015956964272758114e+02 2.774240283007563335e+01
3.157379551346525814e-02 2.009387467117690562e+02 5.548480566015037141e+01
4.736069327019788722e-02 1.998438305192578639e+02 8.322720849022419998e+01
6.314759102693051629e-02 1.983109478497421776e+02 9.709840990526292615e+01
7.893448878366314536e-02 1.967780651802264629e+02 9.709840990526292615e+01
9.472138654039577443e-02 1.952451825107107766e+02 9.709840990526292615e+01
1.105082842971284035e-01 1.937122998411950618e+02 9.709840990526292615e+01
1.262951820538610326e-01 1.921794171716793755e+02 9.709840990526201665e+01
1.420820798105936755e-01 1.906465345021636892e+02 9.709840990526292615e+01
1.578689775673262907e-01 1.891136518326479745e+02 9.709840990526292615e+01
1.736558753240589059e-01 1.875807691631322882e+02 9.709840990526201665e+01
1.894427730807915489e-01 1.860478864936166019e+02 9.709840990526382143e+01
2.052296708375241918e-01 1.845150038241008588e+02 9.709840990526382143e+01
2.210165685942568070e-01 1.829821211545851725e+02 9.709840990526112137e+01
2.368034663509894222e-01 1.814492384850695146e+02 9.709840990526201665e+01
2.525903641077220652e-01 1.799163558155537999e+02 9.709840990526292615e+01
2.683772618644547081e-01 1.783834731460381136e+02 9.709840990526201665e+01
2.841641596211873511e-01 1.768505904765224273e+02 9.709840990526382143e+01
2.999510573779199385e-01 1.753177078070066841e+02 9.709840990526292615e+01
3.157379551346525814e-01 1.737848251374910262e+02 9.709840990526201665e+01
3.315248528913852244e-01 1.722519424679753115e+02 9.709840990526382143e+01
3.473117506481178118e-01 1.707190597984595968e+02 9.709840990526201665e+01
3.630986484048504548e-01 1.691861771289439389e+02 9.709840990526292615e+01
3.788855461615830977e-01 1.676532944594281958e+02 9.709840990526382143e+01
3.946724439183157407e-01 1.661204117899125094e+02 9.709840990526201665e+01
4.104593416750483836e-01 1.645875291203968231e+02 9.709840990526201665e+01
4.262462394317809711e-01 1.630546464508811368e+02 9.709840990526292615e+01
4.420331371885136140e-01 1.615217637813654221e+02 9.709840990526201665e+01
4.578200349452462570e-01 1.599888811118497642e+02 9.709840990526292615e+01
4.736069327019788444e-01 1.584559984423340211e+02 9.709840990526382143e+01
4.893938304587114874e-01 1.569231157728183348e+02 9.709840990526201665e+01
5.051807282154441303e-01 1.553902331033026485e+02 9.709840990526292615e+01
5.209676259721767178e-01 1.538573504337869338e+02 9.709840990526292615e+01
5.367545237289094162e-01 1.523244677642712475e+02 9.709840990526201665e+01
5.525414214856420037e-01 1.507915850947555612e+02 9.709840990526292615e+01
5.683283192423747021e-01 1.492587024252398464e+02 9.709840990526292615e+01
5.841152169991072896e-01 1.477258197557241601e+02 9.709840990526201665e+01
5.999021147558398770e-01 1.461929370862084738e+02 9.709840990526292615e+01
6.156890125125725755e-01 1.446600544166927591e+02 9.709840990526292615e+01
6.314759102693051629e-01 1.431271717471770728e+02 9.709840990526201665e+01
6.472628080260377503e-01 1.415942890776613865e+02 9.709840990526292615e+01
6.630497057827704488e-01 1.400614064081456718e+02 9.709840990526292615e+01
6.788366035395030362e-01 1.385285237386299855e+02 9.709840990526201665e+01
6.946235012962356237e-01 1.369956410691142992e+02 9.709840990526292615e+01
7.104103990529683221e-01 1.354627583995985844e+02 9.709840990526292615e+01
7.261972968097009096e-01 1.339298757300828981e+02 9.709840990526292615e+01
7.419841945664336080e-01 1.323969930605671834e+02 9.709840990526382143e+01
7.577710923231661955e-01 1.308641103910514687e+02 9.709840990526201665e+01
7.735579900798987829e-01 1.293312277215358108e+02 9.709840990526247140e+01
7.893448878366314814e-01 1.277983450520200819e+02 9.709840990526336668e+01
8.051317855933640688e-01 1.262654623825043956e+02 9.709840990526201665e+01
8.209186833500967673e-01 1.247325797129887093e+02 9.709840990526292615e+01
8.367055811068293547e-01 1.231996970434729946e+02 9.709840990526292615e+01
8.524924788635619421e-01 1.216668143739573082e+02 9.709840990526247140e+01
8.682793766202946406e-01 1.201339317044416077e+02 9.709840990526292615e+01
8.840662743770272280e-01 1.186010490349259072e+02 9.709840990526292615e+01
8.998531721337598155e-01 1.170681663654102067e+02 9.709840990526247140e+01
9.156400698904925139e-01 1.155352836958945204e+02 9.709840990526247140e+01
9.314269676472251014e-01 1.140024010263788199e+02 9.709840990526292615e+01
9.472138654039576888e-01 1.124695183568631194e+02 9.709840990526247140e+01
9.630007631606903873e-01 1.109366356873474331e+02 9.709840990526247140e+01
9.787876609174229747e-01 1.094037530178317326e+02 9.709840990526292615e+01
9.945745586741556732e-01 1.078708703483160321e+02 9.709840990526247140e+01
1.010361456430888261e+00 1.063379876788003457e+02 9.709840990526247140e+01
1.026148354187620848e+00 1.048051050092846452e+02 9.709840990526336668e+01
1.041935251944353436e+00 1.032722223397689305e+02 9.709840990526336668e+01
1.057722149701086245e+00 1.017393396702532300e+02 9.709840990526247140e+01
1.073509047457818832e+00 1.002064570007375437e+02 9.709840990526247140e+01
1.089295945214551420e+00 9.867357433122184318e+01 9.709840990526292615e+01
1.105082842971284007e+00 9.714069166170614267e+01 9.709840990526292615e+01
1.120869740728016595e+00 9.560780899219044215e+01 9.289777584699402269e+01
1.136656638484749404e+00 9.420755628345742139e+01 9.289777584699402269e+01
1.152443536241481992e+00 9.267467361394172087e+01 9.410255880064470091e+01
1.168230433998214579e+00 9.123638133459202493e+01 9.407349520848396196e+01
1.184017331754947167e+00 8.970441631299209462e+01 1.002798227936975337e+02
1.199804229511679754e+00 8.807016671557728671e+01 1.144098532098884391e+02
1.215591127268412341e+00 8.609206300301750048e+01 1.361908338967580221e+02
1.231378025025145151e+00 8.377010517531273592e+01 1.602830104502398569e+02
1.247164922781877738e+00 8.103132000677901203e+01 1.734327221251060962e+02
1.262951820538610326e+00 7.829417587159099412e+01 1.792954131355608354e+02
1.278738718295342913e+00 7.537028329593454146e+01 1.879360984749277179e+02
1.294525616052075501e+00 7.236031992874515595e+01 1.873832176981364341e+02
1.310312513808808310e+00 6.945388389767843762e+01 1.444179410868729292e+02
1.326099411565540898e+00 6.780049738839255724e+01 9.294495446446852327e+01
1.341886309322273485e+00 6.651925891140896852e+01 6.339289034163041947e+01
1.357673207079006072e+00 6.579894323173839155e+01 3.862913256637499160e+01
1.373460104835738660e+00 6.529959057889570317e+01 2.545010878626554884e+01
1.389247002592471247e+00 6.499538670112539762e+01 9.654689332596674944e+00
1.405033900349204057e+00 6.499475539216226139e+01 -3.995480552839565824e+00
1.420820798105936644e+00 6.512153918707878120e+01 3.196518232324041620e+01
1.436607695862669232e+00 6.398549326193763420e+01 6.783020570515793679e+01
1.452394593619401819e+00 6.297988214250784011e+01 8.091446214701718986e+01
1.468181491376134407e+00 6.143071658002568824e+01 1.041536682691115061e+02
1.483968389132867216e+00 5.969135551860161826e+01 1.143952841068961419e+02
1.499755286889599804e+00 5.781882327192978721e+01 1.170579515026995381e+02
1.515542184646332391e+00 5.599539169463024990e+01 1.224980844970539806e+02
1.531329082403064978e+00 5.395109380122861609e+01 1.135823343269986765e+02
1.547115980159797566e+00 5.240916629664754822e+01 1.042002634784289512e+02
1.562902877916530375e+00 5.066109598971149808e+01 9.834682837999176286e+01
1.578689775673262963e+00 4.930398364797982680e+01 8.229841075578664800e+01
1.594476673429995550e+00 4.806262279742512078e+01 7.307583009084829939e+01
1.610263571186728138e+00 4.699670233171465128e+01 7.090800529547480835e+01
1.626050468943460725e+00 4.582378793795808747e+01 6.976885145454731685e+01
1.641837366700193535e+00 4.479383488267944102e+01 7.209904534695196787e+01
1.657624264456926122e+00 4.354734742345736720e+01 7.482654677872785953e+01
1.673411162213658709e+00 4.243127679570914523e+01 7.337780046818926394e+01
1.689198059970391297e+00 4.123053175624690425e+01 7.560030558771121889e+01
1.704984957727123884e+00 4.004428820632726627e+01 8.073584609497284248e+01
1.720771855483856472e+00 3.868139466103762913e+01 8.894047482539177452e+01
1.736558753240589281e+00 3.723609984131984163e+01 8.912692700334842755e+01
1.752345650997321869e+00 3.586731929309036104e+01 8.490805294770963485e+01
1.768132548754054456e+00 3.455523034010237637e+01 8.445691289370088839e+01
1.783919446510787044e+00 3.320069399568610180e+01 8.640969236343369175e+01
1.799706344267519631e+00 3.182694838303788032e+01 8.798552687447299547e+01
1.815493242024252440e+00 3.042265696200698954e+01 8.728103087339459876e+01
1.831280139780985028e+00 2.907115496203687144e+01 8.409729892943994400e+01
1.847067037537717615e+00 2.776738604237409191e+01 8.666836345080386650e+01
1.862853935294450203e+00 2.633470577695450388e+01 8.900229913157930639e+01
1.878640833051182790e+00 2.495724564936534051e+01 8.753615370075662838e+01
1.894427730807915378e+00 2.357085715997154907e+01 8.727680984543820841e+01
1.910214628564648187e+00 2.220158550223788296e+01 8.549102900982117603e+01
1.926001526321380775e+00 2.087158089177972897e+01 8.311379415775869006e+01
1.941788424078113362e+00 1.957736756115256682e+01 8.151699866859281940e+01
1.957575321834845949e+00 1.829777984494615950e+01 7.896962858663646045e+01
1.973362219591578537e+00 1.708399665638380682e+01 7.599995818547759541e+01
1.989149117348311346e+00 1.589817270616597966e+01 7.363204350454962821e+01
2.004936015105043712e+00 1.475915357153257901e+01 7.002390799945311528e+01
2.020722912861776521e+00 1.368725215393754269e+01 6.579311848665047080e+01
2.036509810618509331e+00 1.268181510224188635e+01 6.192018153620858101e+01
2.052296708375241696e+00 1.173219700395664589e+01 5.751025567340276723e+01
2.068083606131974506e+00 1.086599804968276217e+01 5.245395804314910038e+01
2.083870503888706871e+00 1.007602645883036985e+01 4.709078976317267973e+01
2.099657401645439680e+00 9.379163083132764811e+00 4.181826591728741960e+01
2.115444299402172490e+00 8.755665082030223090e+00 3.753697666330906202e+01
2.131231197158904855e+00 8.193978257771727058e+00 3.280836429877822980e+01
2.147018094915637665e+00 7.719780496529325298e+00 2.653422533521328219e+01
2.162804992672370030e+00 7.356192052929493741e+00 2.008736753414050114e+01
2.178591890429102840e+00 7.085546061602552292e+00 1.463724753302489923e+01
2.194378788185835649e+00 6.894038592441791735e+00 1.009610763864615279e+01
2.210165685942568015e+00 6.766773623538004045e+00 4.647712567222085589e+00
2.225952583699300824e+00 6.747292666238958958e+00 -1.859305789580194546e+00
2.241739481456033189e+00 6.825478964335211174e+00 -6.700184458087211858e+00
2.257526379212765999e+00 6.958842920221102624e+00 -8.707021579635711106e+00
2.273313276969498808e+00 7.100392683221958379e+00 -9.551964876575729235e+00
2.289100174726231174e+00 7.260434705985907122e+00 -1.140279279454009931e+01
2.304887072482963983e+00 7.460422131199182516e+00 -1.275841734591317689e+01
2.320673970239696349e+00 7.663266366341217939e+00 -1.264540787773002606e+01
2.336460867996429158e+00 7.859685653714993059e+00 -1.085802002902662267e+01
2.352247765753161524e+00 8.006095270418814636e+00 -9.366142865523999106e+00
2.368034663509894333e+00 8.155410333300949333e+00 -8.943138315692131357e+00
2.383821561266627143e+00 8.288464090847114107e+00 -7.801681307742952320e+00
2.399608459023359508e+00 8.401739023572849518e+00 -5.736713174901403534e+00
2.415395356780092317e+00 8.469593899550853067e+00 -3.465518247504200566e+00
2.431182254536824683e+00 8.511158588067729625e+00 7.958406920656185823e-02
2.446969152293557492e+00 8.467081128423595615e+00 3.585202582818609152e+00
2.462756050050290302e+00 8.397960134843467372e+00 6.516028253881392729e+00
2.478542947807022667e+00 8.261345384775582446e+00 9.448832343156409408e+00
2.494329845563755477e+00 8.099624634599630113e+00 1.164718082357175000e+01
2.510116743320487842e+00 7.893599679143774139e+00 1.471211699943816420e+01
2.525903641077220652e+00 7.635107260889193448e+00 1.696979186612006529e+01
2.541690538833953461e+00 7.357798940856833170e+00 1.778102522455975176e+01
2.557477436590685826e+00 7.073692806429176194e+00 1.853596021802755445e+01
2.573264334347418636e+00 6.772548323287104211e+00 1.991217007709983733e+01
2.589051232104151001e+00 6.444990020185484170e+00 2.166741748449199179e+01
2.604838129860883811e+00 6.088425714326872296e+00 2.285718217170972011e+01
2.620625027617616620e+00 5.723302024281897715e+00 2.238496233555855852e+01
2.636411925374348986e+00 5.381647490967324643e+00 2.200601943152861750e+01
2.652198823131081795e+00 5.028488466685470115e+00 1.998290545195585111e+01
2.667985720887814161e+00 4.750711320462360554e+00 1.618844886315449472e+01
2.683772618644546970e+00 4.517357692600040941e+00 1.272906668391626006e+01
2.699559516401279780e+00 4.348806371907125268e+00 8.276945466993998579e+00
2.715346414158012145e+00 4.256023108949069211e+00 3.351913764875221524e+00
2.731133311914744954e+00 4.242973732116185559e+00 -9.921775511597428210e-01
2.746920209671477320e+00 4.287349920062437647e+00 -5.357902336054643833e+00
2.762707107428210129e+00 4.412143044855892704e+00 -8.651294485295354164e+00
2.778494005184942495e+00 4.560504123067922855e+00 -1.151725275110491964e+01
2.794280902941675304e+00 4.775786428096174596e+00 -1.589612010243368445e+01
2.810067800698408114e+00 5.062404968639648395e+00 -2.008226516816377938e+01
2.825854698455140479e+00 5.409859761962963809e+00 -2.537731695763945083e+01
2.841641596211873289e+00 5.863663184940550721e+00 -3.182892286787250669e+01
2.857428493968605654e+00 6.414819664007028521e+00 -3.825112104369745225e+01
2.873215391725338463e+00 7.071396258935061852e+00 -4.368158872726312580e+01
2.889002289482071273e+00 7.794013214184923655e+00 -4.828365045754030405e+01
2.904789187238803638e+00 8.595894365125072767e+00 -5.285727959322570513e+01
2.920576084995536448e+00 9.462918151459492222e+00 -5.851408617469771656e+01
2.936362982752268813e+00 1.044340615666226313e+01 -6.022441888104660990e+01
2.952149880509001623e+00 1.136443163812693413e+01 -6.213704369666935889e+01
2.967936778265734432e+00 1.240530846815215682e+01 -6.859317601659425634e+01
2.983723676022466798e+00 1.353017855129401070e+01 -7.077126185994659124e+01
2.999510573779199607e+00 1.463982581834801344e+01 -7.182357567959397215e+01
3.015297471535931972e+00 1.579792144284740729e+01 -7.889054502112895761e+01
3.031084369292664782e+00 1.713069975479096385e+01 -8.486822625829066169e+01
3.046871267049397591e+00 1.847753346431717958e+01 -9.165435789722540960e+01
3.062658164806129957e+00 2.002457570895591843e+01 -9.224498833779701101e+01
3.078445062562862766e+00 2.139005786323676972e+01 -8.131159299455555356e+01
3.094231960319595132e+00 2.259189131904012982e+01 -7.522169578954427038e+01
3.110018858076327941e+00 2.376509230427193131e+01 -7.010880679033802210e+01
3.125805755833060751e+00 2.480549244833130729e+01 -6.470200298825247387e+01
3.141592653589793116e+00 2.580798011593463315e+01 -6.350124533971821705e+01
