0.000000000000000000e+00 1.016961188769666649e+02 3.306582888492093808e+00
1.578689775673262907e-02 1.016439181909818785e+02 6.613165776984187616e+00
3.157379551346525814e-02 1.014873161330275195e+02 1.322633155396837523e+01
4.736069327019788722e-02 1.012263127031035879e+02 1.983949733095256107e+01
6.314759102693051629e-02 1.008609079012100835e+02 2.314608021944465577e+01
7.893448878366314536e-02 1.004955030993165792e+02 2.314608021944465577e+01
9.472138654039577443e-02 1.001300982974230749e+02 2.314608021944420813e+01
1.105082842971284035e-01 9.976469349552958477e+01 2.314608021944375693e+01
1.262951820538610326e-01 9.939928869363609465e+01 2.314608021944420813e+01
1.420820798105936755e-01 9.903388389174259032e+01 2.314608021944465577e+01
1.578689775673262907e-01 9.866847908984908599e+01 2.314608021944420813e+01
1.736558753240589059e-01 9.830307428795559588e+01 2.314608021944375693e+01
1.894427730807915489e-01 9.793766948606210576e+01 2.314608021944375693e+01
2.052296708375241918e-01 9.757226468416861564e+01 2.314608021944420813e+01
2.210165685942568070e-01 9.720685988227511132e+01 2.314608021944465577e+01
2.368034663509894222e-01 9.684145508038160699e+01 2.314608021944420813e+01
2.525903641077220652e-01 9.647605027848811687e+01 2.314608021944420813e+01
2.683772618644547081e-01 9.611064547659461255e+01 2.314608021944465577e+01
2.841641596211873511e-01 9.574524067470110822e+01 2.314608021944420813e+01
2.999510573779199385e-01 9.537983587280761810e+01 2.314608021944420813e+01
3.157379551346525814e-01 9.501443107091411377e+01 2.314608021944465577e+01
3.315248528913852244e-01 9.464902626902060945e+01 2.314608021944420813e+01
3.473117506481178118e-01 9.428362146712711933e+01 2.314608021944420813e+01
3.630986484048504548e-01 9.391821666523361500e+01 2.314608021944465577e+01
3.788855461615830977e-01 9.355281186334011068e+01 2.314608021944375693e+01
3.946724439183157407e-01 9.318740706144663477e+01 2.314608021944375693e+01
4.104593416750483836e-01 9.282200225955313044e+01 2.314608021944465577e+01
4.262462394317809711e-01 9.245659745765962612e+01 2.314608021944375693e+01
4.420331371885136140e-01 9.209119265576615021e+01 2.314608021944375693e+01
4.578200349452462570e-01 9.172578785387264588e+01 2.314608021944465577e+01
4.736069327019788444e-01 9.136038305197914156e+01 2.314608021944465577e+01
4.893938304587114874e-01 9.099497825008563723e+01 2.314608021944420813e+01
5.051807282154441303e-01 9.062957344819214711e+01 2.314608021944420813e+01
5.209676259721767178e-01 9.026416864629864278e+01 2.314608021944465577e+01
5.367545237289094162e-01 8.989876384440513846e+01 2.314608021944420813e+01
5.525414214856420037e-01 8.953335904251164834e+01 2.314608021944420813e+01
5.683283192423747021e-01 8.916795424061814401e+01 2.314608021944465577e+01
5.841152169991072896e-01 8.880254943872463969e+01 2.314608021944465577e+01
5.999021147558398770e-01 8.843714463683113536e+01 2.314608021944420813e+01
6.156890125125725755e-01 8.807173983493764524e+01 2.314608021944375693e+01
6.314759102693051629e-01 8.770633503304415513e+01 2.314608021944420813e+01
6.472628080260377503e-01 8.734093023115065080e+01 2.314608021944465577e+01
6.630497057827704488e-01 8.697552542925714647e+01 2.314608021944420813e+01
6.788366035395030362e-01 8.661012062736365635e+01 2.314608021944375693e+01
6.946235012962356237e-01 8.624471582547016624e+01 2.314608021944420813e+01
7.104103990529683221e-01 8.587931102357666191e+01 2.314608021944420813e+01
7.261972968097009096e-01 8.551390622168317179e+01 2.314608021944420813e+01
7.419841945664336080e-01 8.514850141978966747e+01 2.314608021944420813e+01
7.577710923231661955e-01 8.478309661789617735e+01 2.314608021944420813e+01
7.735579900798987829e-01 8.441769181600267302e+01 2.314608021944465577e+01
7.893448878366314814e-01 8.405228701410916869e+01 2.314608021944420813e+01
8.051317855933640688e-01 8.368688221221567858e+01 2.314608021944420813e+01
8.209186833500967673e-01 8.332147741032217425e+01 2.314608021944465577e+01
8.367055811068293547e-01 8.295607260842866992e+01 2.314608021944465577e+01
8.524924788635619421e-01 8.259066780653516560e+01 2.314608021944420813e+01
8.682793766202946406e-01 8.222526300464167548e+01 2.314608021944375693e+01
8.840662743770272280e-01 8.185985820274818536e+01 2.314608021944375693e+01
8.998531721337598155e-01 8.149445340085469525e+01 2.314608021944420813e+01
9.156400698904925139e-01 8.112904859896119092e+01 2.314608021944465577e+01
9.314269676472251014e-01 8.076364379706768659e+01 2.314608021944420813e+01
9.472138654039576888e-01 8.039823899517419648e+01 2.314608021944420813e+01
9.630007631606903873e-01 8.003283419328069215e+01 2.314608021944465577e+01
9.787876609174229747e-01 7.966742939138718782e+01 2.314608021944465577e+01
9.945745586741556732e-01 7.930202458949368349e+01 2.314608021944420813e+01
1.010361456430888261e+00 7.893661978760019338e+01 2.314608021944375693e+01
1.026148354187620848e+00 7.857121498570670326e+01 2.314608021944375693e+01
1.041935251944353436e+00 7.820581018381321314e+01 2.314608021944420813e+01
1.057722149701086245e+00 7.784040538191970882e+01 2.314608021944465577e+01
1.073509047457818832e+00 7.747500058002620449e+01 2.314608021944465577e+01
1.089295945214551420e+00 7.710959577813270016e+01 2.314608021944465577e+01
1.105082842971284007e+00 7.674419097623919583e+01 2.314608021944420813e+01
1.120869740728016595e+00 7.637878617434570572e+01 2.314608021944420813e+01
1.136656638484749404e+00 7.601338137245220139e+01 2.314608021944420813e+01
1.152443536241481992e+00 7.564797657055871127e+01 2.314608021944420813e+01
1.168230433998214579e+00 7.528257176866520695e+01 2.314608021944465577e+01
1.184017331754947167e+00 7.491716696677170262e+01 2.314608021944420813e+01
1.199804229511679754e+00 7.455176216487821250e+01 2.314608021944375693e+01
1.215591127268412341e+00 7.418635736298472239e+01 2.314608021944420813e+01
1.231378025025145151e+00 7.382095256109121806e+01 2.314608021944465577e+01
1.247164922781877738e+00 7.345554775919771373e+01 2.314608021944420813e+01
1.262951820538610326e+00 7.309014295730422361e+01 2.314608021944375693e+01
1.278738718295342913e+00 7.272473815541073350e+01 1.203407311460409090e+01
1.294525616052075501e+00 7.271018159358962407e+01 5.420907337620353594e+00
1.310312513808808310e+00 7.255357953563526507e+01 7.702017741792607453e+00
1.326099411565540898e+00 7.246699966036918283e+01 1.077188248681908966e+01
1.341886309322273485e+00 7.221347032070136152e+01 1.560906435575517648e+01
1.357673207079006072e+00 7.197416225424404956e+01 2.111260940373703932e+01
1.373460104835738660e+00 7.154686510863210458e+01 5.256487151073331887e+01
1.389247002592471247e+00 7.031448974997258006e+01 9.837821349817389205e+01
1.405033900349204057e+00 6.844069151266073447e+01 1.036743209228925622e+02
1.420820798105936644e+00 6.704109794115579746e+01 1.090077530803569488e+02
1.436607695862669232e+00 6.499890300751923178e+01 1.271553921136456893e+02
1.452394593619401819e+00 6.302631959212505564e+01 1.304377861719969474e+02
1.468181491376134407e+00 6.088048701969549370e+01 1.351553934366991427e+02
1.483968389132867216e+00 5.875895083721277246e+01 1.167810284078190080e+02
1.499755286889599804e+00 5.719326670889483921e+01 9.725578525964503740e+01
1.515542184646332391e+00 5.568821656092325156e+01 1.089230969956314681e+02
1.531329082403064978e+00 5.375415111766142928e+01 1.050758253599653500e+02
1.547115980159797566e+00 5.237057393759911861e+01 8.518772911419092964e+01
1.562902877916530375e+00 5.106445117835349379e+01 8.261584268865890124e+01
1.578689775673262963e+00 4.976207821437478884e+01 8.535950789831665020e+01
1.594476673429995550e+00 4.836932753084202119e+01 8.518937333134010714e+01
1.610263571186728138e+00 4.707232636089080557e+01 7.246196078604450008e+01
1.626050468943460725e+00 4.608142839847871386e+01 6.547516757097240259e+01
1.641837366700193535e+00 4.500502680879505135e+01 6.818960403861758834e+01
1.657624264456926122e+00 4.392842378441923756e+01 7.179008720364396368e+01
1.673411162213658709e+00 4.273834127553335804e+01 7.450891699009449098e+01
1.689198059970391297e+00 4.157589447544423678e+01 6.765218721604647101e+01
1.704984957727123884e+00 4.060230495033523823e+01 6.268478389037684195e+01
1.720771855483856472e+00 3.959669792708371716e+01 7.366029483772210540e+01
1.736558753240589281e+00 3.827656986366744007e+01 8.536580356840582340e+01
1.752345650997321869e+00 3.690137550137222888e+01 9.297623149628165606e+01
1.768132548754054456e+00 3.534095734279123491e+01 9.971936030892865688e+01
1.783919446510787044e+00 3.375285681024455187e+01 1.024390019994983021e+02
1.799706344267519631e+00 3.210656924105561671e+01 1.070360104143641138e+02
1.815493242024252440e+00 3.037332370484428168e+01 1.073249268613955962e+02
1.831280139780985028e+00 2.871791394683629761e+01 1.017892945189025369e+02
1.847067037537717615e+00 2.715944933424456309e+01 9.277484190495641769e+01
1.862853935294450203e+00 2.578866005973513609e+01 8.440539626953014363e+01
1.878640833051182790e+00 2.449445061219741504e+01 8.145956112876314137e+01
1.894427730807915378e+00 2.321667253403894549e+01 7.791202871099241634e+01
1.910214628564648187e+00 2.203447214963730616e+01 7.490172106922831574e+01
1.926001526321380775e+00 2.085174090939251812e+01 7.516994366106527536e+01
1.941788424078113362e+00 1.966107171972412715e+01 7.470301647909714404e+01
1.957575321834845949e+00 1.849308314284247956e+01 7.552284655923935475e+01
1.973362219591578537e+00 1.727652880586789053e+01 7.498859536152014016e+01
1.989149117348311346e+00 1.612540856705585313e+01 7.033690717897111710e+01
2.004936015105043712e+00 1.505572568154947000e+01 6.753709543050597119e+01
2.020722912861776521e+00 1.399300612635966878e+01 6.470283501350945699e+01
2.036509810618509331e+00 1.301281159969144241e+01 6.082998014353977112e+01
2.052296708375241696e+00 1.207237277221939209e+01 5.704436772641391684e+01
2.068083606131974506e+00 1.121170439790273221e+01 5.257779219736555376e+01
2.083870503888706871e+00 1.041229231283030288e+01 4.986825246119424548e+01
2.099657401645439680e+00 9.637174392079124630e+00 4.729488539793045021e+01
2.115444299402172490e+00 8.919013272443272911e+00 4.298415733370702441e+01
2.131231197158904855e+00 8.280001398106040966e+00 3.762980452250372565e+01
2.147018094915637665e+00 7.730897519238070004e+00 3.106858998001401417e+01
2.162804992672370030e+00 7.299048091185382781e+00 2.464400583716332349e+01
2.178591890429102840e+00 6.952792718302831076e+00 1.892750993354976785e+01
2.194378788185835649e+00 6.701434762964399994e+00 1.218673871714114298e+01
2.210165685942568015e+00 6.568011122071786723e+00 5.589318269135165274e+00
2.225952583699300824e+00 6.524958770875050718e+00 -1.334328956565863644e-01
2.241739481456033189e+00 6.572224105034017327e+00 -5.451059320697615007e+00
2.257526379212765999e+00 6.697069403198526061e+00 -9.565290210735952314e+00
2.273313276969498808e+00 6.874236622174745293e+00 -1.271343187360230154e+01
2.289100174726231174e+00 7.098480701450016639e+00 -1.457540374915241443e+01
2.304887072482963983e+00 7.334437439676678494e+00 -1.526928596269710781e+01
2.320673970239696349e+00 7.580590014072840610e+00 -1.463385726144686316e+01
2.336460867996429158e+00 7.796483856422840475e+00 -1.351446293302131707e+01
2.352247765753161524e+00 8.007292903194361600e+00 -1.227470022527740490e+01
2.368034663509894333e+00 8.184042731324835174e+00 -1.024076138684448978e+01
2.383821561266627143e+00 8.330632609124780430e+00 -8.165191749055882298e+00
2.399608459023359508e+00 8.441848825937759315e+00 -5.594587587008377660e+00
2.415395356780092317e+00 8.507274973579153965e+00 -2.317812885946989532e+00
2.431182254536824683e+00 8.515030976037124333e+00 3.159141562349745969e-01
2.446969152293557492e+00 8.497300364610381962e+00 3.582692777804162620e+00
2.462756050050290302e+00 8.401911766883166877e+00 7.236546228576218986e+00
2.478542947807022667e+00 8.268815133765578196e+00 1.032703978192822092e+01
2.494329845563755477e+00 8.075847924549144352e+00 1.428028150402644769e+01
2.510116743320487842e+00 7.817932445682727050e+00 1.537674658084835677e+01
2.525903641077220652e+00 7.590345672343062233e+00 1.571290496274394677e+01
2.541690538833953461e+00 7.321816397466536230e+00 1.817040697014838813e+01
2.557477436590685826e+00 7.016636958271153190e+00 1.924695560369431746e+01
2.573264334347418636e+00 6.714116956978747552e+00 1.996098264348275819e+01
2.589051232104151001e+00 6.386392974037999437e+00 2.067120669362030938e+01
2.604838129860883811e+00 6.061448503817805644e+00 2.061339571942334459e+01
2.620625027617616620e+00 5.735549832754786692e+00 2.297984746056496519e+01
2.636411925374348986e+00 5.335887499167303538e+00 2.450737863698754992e+01
2.652198823131081795e+00 4.961758871099474888e+00 2.207912437782354331e+01
2.667985720887814161e+00 4.638765740945537175e+00 1.911218432819864788e+01
2.683772618644546970e+00 4.358314671305275390e+00 1.642253850897636980e+01
2.699559516401279780e+00 4.120243868251108665e+00 1.346229214610672642e+01
2.715346414158012145e+00 3.933259011941572236e+00 8.916902145368782229e+00
2.731133311914744954e+00 3.838703423299655082e+00 2.657561576450475194e+00
2.746920209671477320e+00 3.849349706162282558e+00 -3.181533244813492534e+00
2.762707107428210129e+00 3.939156503390687902e+00 -7.297786044132358541e+00
2.778494005184942495e+00 4.079768510420738181e+00 -1.012677776339201685e+01
2.794280902941675304e+00 4.258897313702334486e+00 -1.383154606549280885e+01
2.810067800698408114e+00 4.516482917527683050e+00 -1.897649860582038883e+01
2.825854698455140479e+00 4.858057400244065960e+00 -2.375035886326999091e+01
2.841641596211873289e+00 5.266371891647986914e+00 -2.782854865620458540e+01
2.857428493968605654e+00 5.736710304951587958e+00 -3.309043116116863814e+01
2.873215391725338463e+00 6.311162398583124222e+00 -3.940350712970695923e+01
2.889002289482071273e+00 6.980828581578325753e+00 -4.723161986278105218e+01
2.904789187238803638e+00 7.802443905900297239e+00 -5.410432817036164721e+01
2.920576084995536448e+00 8.689107575622742274e+00 -5.844619043152304982e+01
2.936362982752268813e+00 9.647811971126255770e+00 -6.327137540427527540e+01
2.952149880509001623e+00 1.068682504449302506e+01 -7.103413093657191268e+01
2.967936778265734432e+00 1.189062909579429395e+01 -8.043827700484872878e+01
2.983723676022466798e+00 1.322656675409959348e+01 -8.354466399784594444e+01
2.999510573779199607e+00 1.452845123310344455e+01 -8.195196339527512919e+01
3.015297471535931972e+00 1.581410128826900063e+01 -8.666915686245870631e+01
3.031084369292664782e+00 1.726492546920315974e+01 -8.641681509850214127e+01
3.046871267049397591e+00 1.854260813711404410e+01 -7.511665647775635080e+01
3.062658164806129957e+00 1.963664342048705436e+01 -6.465104370683442880e+01
3.078445062562862766e+00 2.058388697084573948e+01 -4.540829216056439321e+01
3.094231960319595132e+00 2.107035555178040198e+01 -3.338227145550247599e+01
3.110018858076327941e+00 2.163789198355676291e+01 -2.695449023353053519e+01
3.125805755833060751e+00 2.192141111458359148e+01 -8.607683094987555350e+00
3.141592653589793116e+00 2.190966920944261176e+01 7.437753333122184562e-01
