0.000000000000000000e+00 1.141508436031682550e+02 4.478721513276423316e+00
1.578689775673262907e-02 1.140801384845572812e+02 8.957443026552846632e+00
3.157379551346525814e-02 1.138680231287243600e+02 1.791488605310569326e+01
4.736069327019788722e-02 1.135144975356694914e+02 2.687232907965853812e+01
6.314759102693051629e-02 1.130195617053926753e+02 3.135105059293496055e+01
7.893448878366314536e-02 1.125246258751158592e+02 3.135105059293496055e+01
9.472138654039577443e-02 1.120296900448390431e+02 3.135105059293496055e+01
1.105082842971284035e-01 1.115347542145622270e+02 3.135105059293496055e+01
1.262951820538610326e-01 1.110398183842854110e+02 3.135105059293496055e+01
1.420820798105936755e-01 1.105448825540085949e+02 3.135105059293496055e+01
1.578689775673262907e-01 1.100499467237317788e+02 3.135105059293496055e+01
1.736558753240589059e-01 1.095550108934549627e+02 3.135105059293496055e+01
1.894427730807915489e-01 1.090600750631781466e+02 3.135105059293496055e+01
2.052296708375241918e-01 1.085651392329013305e+02 3.135105059293496055e+01
2.210165685942568070e-01 1.080702034026245144e+02 3.135105059293496055e+01
2.368034663509894222e-01 1.075752675723476983e+02 3.135105059293496055e+01
2.525903641077220652e-01 1.070803317420708822e+02 3.135105059293496055e+01
2.683772618644547081e-01 1.065853959117940661e+02 3.135105059293541174e+01
2.841641596211873511e-01 1.060904600815172358e+02 3.135105059293496055e+01
2.999510573779199385e-01 1.055955242512404340e+02 3.135105059293496055e+01
3.157379551346525814e-01 1.051005884209636037e+02 3.135105059293541174e+01
3.315248528913852244e-01 1.046056525906867876e+02 3.135105059293496055e+01
3.473117506481178118e-01 1.041107167604099715e+02 3.135105059293496055e+01
3.630986484048504548e-01 1.036157809301331554e+02 3.135105059293496055e+01
3.788855461615830977e-01 1.031208450998563393e+02 3.135105059293496055e+01
3.946724439183157407e-01 1.026259092695795232e+02 3.135105059293496055e+01
4.104593416750483836e-01 1.021309734393027071e+02 3.135105059293496055e+01
4.262462394317809711e-01 1.016360376090258910e+02 3.135105059293496055e+01
4.420331371885136140e-01 1.011411017787490749e+02 3.135105059293496055e+01
4.578200349452462570e-01 1.006461659484722588e+02 3.135105059293496055e+01
4.736069327019788444e-01 1.001512301181954427e+02 3.135105059293496055e+01
4.893938304587114874e-01 9.965629428791862665e+01 3.135105059293496055e+01
5.051807282154441303e-01 9.916135845764181056e+01 3.135105059293541174e+01
5.209676259721767178e-01 9.866642262736498026e+01 3.135105059293541174e+01
5.367545237289094162e-01 9.817148679708816417e+01 3.135105059293496055e+01
5.525414214856420037e-01 9.767655096681134808e+01 3.135105059293496055e+01
5.683283192423747021e-01 9.718161513653453198e+01 3.135105059293496055e+01
5.841152169991072896e-01 9.668667930625771589e+01 3.135105059293496055e+01
5.999021147558398770e-01 9.619174347598089980e+01 3.135105059293496055e+01
6.156890125125725755e-01 9.569680764570408371e+01 3.135105059293496055e+01
6.314759102693051629e-01 9.520187181542726762e+01 3.135105059293496055e+01
6.472628080260377503e-01 9.470693598515045153e+01 3.135105059293496055e+01
6.630497057827704488e-01 9.421200015487363544e+01 3.135105059293496055e+01
6.788366035395030362e-01 9.371706432459681935e+01 3.135105059293496055e+01
6.946235012962356237e-01 9.322212849432000326e+01 3.135105059293541174e+01
7.104103990529683221e-01 9.272719266404317295e+01 3.135105059293541174e+01
7.261972968097009096e-01 9.223225683376635686e+01 3.135105059293496055e+01
7.419841945664336080e-01 9.173732100348954077e+01 3.135105059293496055e+01
7.577710923231661955e-01 9.124238517321272468e+01 3.135105059293496055e+01
7.735579900798987829e-01 9.074744934293590859e+01 3.135105059293541174e+01
7.893448878366314814e-01 9.025251351265907829e+01 3.135105059293585938e+01
8.051317855933640688e-01 8.975757768238224799e+01 3.135105059293496055e+01
8.209186833500967673e-01 8.926264185210544611e+01 3.135105059293496055e+01
8.367055811068293547e-01 8.876770602182861580e+01 3.135105059293496055e+01
8.524924788635619421e-01 8.827277019155181392e+01 3.135105059293496055e+01
8.682793766202946406e-01 8.777783436127498362e+01 3.135105059293496055e+01
8.840662743770272280e-01 8.728289853099818174e+01 3.135105059293496055e+01
8.998531721337598155e-01 8.678796270072135144e+01 3.135105059293496055e+01
9.156400698904925139e-01 8.629302687044454956e+01 3.135105059293496055e+01
9.314269676472251014e-01 8.579809104016771926e+01 3.135105059293541174e+01
9.472138654039576888e-01 8.530315520989090317e+01 3.135105059293496055e+01
9.630007631606903873e-01 8.480821937961408707e+01 3.135105059293496055e+01
9.787876609174229747e-01 8.431328354933727098e+01 3.135105059293496055e+01
9.945745586741556732e-01 8.381834771906045489e+01 3.135105059293496055e+01
1.010361456430888261e+00 8.332341188878363880e+01 3.135105059293496055e+01
1.026148354187620848e+00 8.282847605850682271e+01 3.135105059293496055e+01
1.041935251944353436e+00 8.233354022823000662e+01 3.135105059293496055e+01
1.057722149701086245e+00 8.183860439795319053e+01 3.135105059293496055e+01
1.073509047457818832e+00 8.134366856767637444e+01 3.135105059293496055e+01
1.089295945214551420e+00 8.084873273739955835e+01 3.135105059293496055e+01
1.105082842971284007e+00 8.035379690712274225e+01 3.135105059293541174e+01
1.120869740728016595e+00 7.985886107684591195e+01 3.135105059293541174e+01
1.136656638484749404e+00 7.936392524656909586e+01 3.135105059293541174e+01
1.152443536241481992e+00 7.886898941629226556e+01 3.135105059293541174e+01
1.168230433998214579e+00 7.837405358601544947e+01 3.135105059293496055e+01
1.184017331754947167e+00 7.787911775573863338e+01 3.135105059293496055e+01
1.199804229511679754e+00 7.738418192546181729e+01 3.135105059293496055e+01
1.215591127268412341e+00 7.688924609518500120e+01 1.388303307423233157e+01
1.231378025025145151e+00 7.694584187806933073e+01 4.925590047679484940e+00
1.247164922781877738e+00 7.673372652223640955e+01 1.757577843956436325e+01
1.262951820538610326e+00 7.639090784362855402e+01 1.246854075689066299e+01
1.278738718295342913e+00 7.634004736602703645e+01 7.572634148474260307e+00
1.294525616052075501e+00 7.615181104152634362e+01 1.488612771501468934e+01
1.310312513808808310e+00 7.587003581356583481e+01 2.562454143825644337e+01
1.326099411565540898e+00 7.534274701002851771e+01 7.385973498348151622e+01
1.341886309322273485e+00 7.353800364451865335e+01 8.023299696965052874e+01
1.357673207079006072e+00 7.280948677027629401e+01 3.771437407153725729e+01
1.373460104835738660e+00 7.234721770966559973e+01 4.819627889276996768e+01
1.389247002592471247e+00 7.128774731600603332e+01 7.076717470097358387e+01
1.405033900349204057e+00 7.011282940659138774e+01 7.338199121542686498e+01
1.420820798105936644e+00 6.897079933099924176e+01 7.522769559270383866e+01
1.436607695862669232e+00 6.773760552899814513e+01 6.432002302928751192e+01
1.452394593619401819e+00 6.693997207645114145e+01 9.324291582252288890e+01
1.468181491376134407e+00 6.479357277173855323e+01 1.569318332231575823e+02
1.483968389132867216e+00 6.198503846470993039e+01 1.711622596593561525e+02
1.499755286889599804e+00 5.938933058563139866e+01 1.590009578739398535e+02
1.515542184646332391e+00 5.696477473435304972e+01 1.579166496900880929e+02
1.531329082403064978e+00 5.440330258014503073e+01 1.513991309432629180e+02
1.547115980159797566e+00 5.218452953303411590e+01 1.340671014849114329e+02
1.562902877916530375e+00 5.017029533277744235e+01 1.187784092057329701e+02
1.578689775673262963e+00 4.843424432935760393e+01 9.988847045986315720e+01
1.594476673429995550e+00 4.701643719232490781e+01 8.840340629182509247e+01
1.610263571186728138e+00 4.564301325640573026e+01 8.999726779600023008e+01
1.626050468943460725e+00 4.417488186216342427e+01 8.608268443427608929e+01
1.641837366700193535e+00 4.292505618082773822e+01 8.355013171164200969e+01
1.657624264456926122e+00 4.153688708837695032e+01 8.837188052752736667e+01
1.673411162213658709e+00 4.013482049591120671e+01 8.284473574913548077e+01
1.689198059970391297e+00 3.892116434246668177e+01 7.042855214586978718e+01
1.704984957727123884e+00 3.791112379214808925e+01 6.834951385219679310e+01
1.720771855483856472e+00 3.676311076865265903e+01 6.941932732449886601e+01
1.736558753240589281e+00 3.571929214652205076e+01 7.097539652982632674e+01
1.752345650997321869e+00 3.452214811213281109e+01 7.485572821399229326e+01
1.768132548754054456e+00 3.335581269088192613e+01 7.465092614766382439e+01
1.783919446510787044e+00 3.216513503505567684e+01 7.720449271740440622e+01
1.799706344267519631e+00 3.091817382510178192e+01 8.430320526811719617e+01
1.815493242024252440e+00 2.950336287079045761e+01 8.547611841268091837e+01
1.831280139780985028e+00 2.821936834105505199e+01 8.297986627179227526e+01
1.847067037537717615e+00 2.688337354139019553e+01 8.442453874072162989e+01
1.862853935294450203e+00 2.555376521853688132e+01 8.555074140052045095e+01
1.878640833051182790e+00 2.418221192638481654e+01 8.581550253389941929e+01
1.894427730807915378e+00 2.284424408964628128e+01 8.338256118559262120e+01
1.910214628564648187e+00 2.154950799012190998e+01 7.991133896208202714e+01
1.926001526321380775e+00 2.032113981405029435e+01 7.853853387565510502e+01
1.941788424078113362e+00 1.906974838160461161e+01 7.830185006216292720e+01
1.957575321834845949e+00 1.784885321186154528e+01 7.569582109050068652e+01
1.973362219591578537e+00 1.667974400526929202e+01 7.165744248187804999e+01
1.989149117348311346e+00 1.558635577592082910e+01 6.863546472957078493e+01
2.004936015105043712e+00 1.451266187692616683e+01 6.686872660483668085e+01
2.020722912861776521e+00 1.347505627585390187e+01 6.356640437619712003e+01
2.036509810618509331e+00 1.250562922362587592e+01 6.031516631339434298e+01
2.052296708375241696e+00 1.157067754831414064e+01 5.606515186267905193e+01
2.068083606131974506e+00 1.073543958328227177e+01 5.053940296440664071e+01
2.083870503888706871e+00 9.974956773743345551e+00 4.514920403864547893e+01
2.099657401645439680e+00 9.309907847370359590e+00 3.914079910262241668e+01
2.115444299402172490e+00 8.739133186643520901e+00 3.329943951231859245e+01
2.131231197158904855e+00 8.258518153495407077e+00 2.749242502225867923e+01
2.147018094915637665e+00 7.871092980821449814e+00 2.095037968165467035e+01
2.162804992672370030e+00 7.597035149497385120e+00 1.598378355796387496e+01
2.178591890429102840e+00 7.366424267230810230e+00 1.271329214244389227e+01
2.194378788185835649e+00 7.195628263088917009e+00 9.515508755575217137e+00
2.210165685942568015e+00 7.065983539575690031e+00 6.415320227502609107e+00
2.225952583699300824e+00 6.993072254072352223e+00 3.296579013350987353e+00
2.241739481456033189e+00 6.961898027914164899e+00 6.528810465240940664e-01
2.257526379212765999e+00 6.972458321414783278e+00 -1.139530097892479166e+00
2.273313276969498808e+00 6.997877318206461084e+00 -3.885146594927364472e+00
2.289100174726231174e+00 7.095127145542855729e+00 -7.603852155514786659e+00
2.304887072482963983e+00 7.237959791279306998e+00 -1.016516513500125463e+01
2.320673970239696349e+00 7.416079990875991790e+00 -1.170820682995424455e+01
2.336460867996429158e+00 7.607632319557639633e+00 -1.266853157246575101e+01
2.352247765753161524e+00 7.816073616200903906e+00 -1.231417593693532808e+01
2.368034663509894333e+00 7.996437592507270153e+00 -1.133939006497540625e+01
2.383821561266627143e+00 8.174101199359856906e+00 -9.088036415273915480e+00
2.399608459023359508e+00 8.283381395902054578e+00 -5.510486043112947208e+00
2.415395356780092317e+00 8.348088158864909403e+00 -2.763622712987621188e+00
2.431182254536824683e+00 8.370639454318293815e+00 -1.887120309439214161e-01
2.446969152293557492e+00 8.354046513940863505e+00 2.949645265881530420e+00
2.462756050050290302e+00 8.277507957856089504e+00 5.859238465381754857e+00
2.478542947807022667e+00 8.169048116770269985e+00 8.461187273456724611e+00
2.494329845563755477e+00 8.010356161082832216e+00 1.104866303869673949e+01
2.510116743320487842e+00 7.820199889289277451e+00 1.237751783879976308e+01
2.525903641077220652e+00 7.619550943876300053e+00 1.431265563553442277e+01
2.541690538833953461e+00 7.368295026998267439e+00 1.664732433973769687e+01
2.557477436590685826e+00 7.093931729327088931e+00 1.806479491754095079e+01
2.573264334347418636e+00 6.797920886279142927e+00 1.891327288536782092e+01
2.589051232104151001e+00 6.496767918754118298e+00 1.968282142702549464e+01
2.604838129860883811e+00 6.176459507414187478e+00 2.027083547717806056e+01
2.620625027617616620e+00 5.856740704510601248e+00 2.125664833379531160e+01
2.636411925374348986e+00 5.505306439621292292e+00 2.098935391930225691e+01
2.652198823131081795e+00 5.194027135902801184e+00 1.955340423691630747e+01
2.667985720887814161e+00 4.887931252652771619e+00 1.793699078656981882e+01
2.683772618644546970e+00 4.627688256680735357e+00 1.639247386509369520e+01
2.699559516401279780e+00 4.370358634876479798e+00 1.433304432215228452e+01
2.715346414158012145e+00 4.175139646167664864e+00 1.051556132108020591e+01
2.731133311914744954e+00 4.038342452015388773e+00 6.574843205989747474e+00
2.746920209671477320e+00 3.967546891248648233e+00 3.411595761826906603e+00
2.762707107428210129e+00 3.930625425056861300e+00 -7.617631824930835016e-01
2.778494005184942495e+00 3.991598646202371370e+00 -6.604832358051112351e+00
2.794280902941675304e+00 4.139165051330685685e+00 -1.463427234594373516e+01
2.810067800698408114e+00 4.453658168741558399e+00 -2.334414846476900252e+01
2.825854698455140479e+00 4.876228421393276058e+00 -3.054927304709929103e+01
2.841641596211873289e+00 5.418214669015687157e+00 -3.834868495403704003e+01
2.857428493968605654e+00 6.087041958342343406e+00 -4.566418217421652059e+01
2.873215391725338463e+00 6.860006219274024986e+00 -5.155070832746743292e+01
2.889002289482071273e+00 7.714693481648090767e+00 -5.683645835779059752e+01
2.904789187238803638e+00 8.654548933172488745e+00 -5.925695506919156941e+01
2.920576084995536448e+00 9.585660463753344018e+00 -5.936112675931131832e+01
2.936362982752268813e+00 1.052880501091987497e+01 -5.970894859780169384e+01
2.952149880509001623e+00 1.147089859710434290e+01 -5.893508067808115669e+01
2.967936778265734432e+00 1.238960919681918682e+01 -6.255315107251825424e+01
2.983723676022466798e+00 1.344593899779093427e+01 -6.572572880448622357e+01
2.999510573779199607e+00 1.446481991806550838e+01 -6.016807295515351939e+01
3.015297471535931972e+00 1.534567342971621073e+01 -5.529231176535629544e+01
3.031084369292664782e+00 1.621060806321163739e+01 -5.502888634907221643e+01
3.046871267049397591e+00 1.708314423463553666e+01 -5.509130277310414670e+01
3.062658164806129957e+00 1.795004959154002933e+01 -5.129855742534147112e+01
3.078445062562862766e+00 1.870283439691902316e+01 -3.351963436651293193e+01
3.094231960319595132e+00 1.900839167271443131e+01 -2.197509173044574027e+01
3.110018858076327941e+00 1.939667144960575840e+01 -2.370684385644635483e+01
3.125805755833060751e+00 1.975690671290751865e+01 -1.557472407980002593e+01
3.141592653589793116e+00 1.988842460288000780e+01 -8.330825473066790110e+00
