0.000000000000000000e+00 5.464191039341484384e+02 5.267608835354093344e+01
1.578689775673262907e-02 5.455875119130864732e+02 1.053521767070854764e+02
3.157379551346525814e-02 5.430927358499004640e+02 2.107043534141637338e+02
4.736069327019788722e-02 5.389347757445907519e+02 3.160565301212456006e+02
6.314759102693051629e-02 5.331136315971568820e+02 3.687326184747901721e+02
7.893448878366314536e-02 5.272924874497231258e+02 3.687326184747901721e+02
9.472138654039577443e-02 5.214713433022892559e+02 3.687326184747901721e+02
1.105082842971284035e-01 5.156501991548554997e+02 3.687326184747901721e+02
1.262951820538610326e-01 5.098290550074216299e+02 3.687326184747919342e+02
1.420820798105936755e-01 5.040079108599878168e+02 3.687326184747901721e+02
1.578689775673262907e-01 4.981867667125540038e+02 3.687326184747883531e+02
1.736558753240589059e-01 4.923656225651202476e+02 3.687326184747865341e+02
1.894427730807915489e-01 4.865444784176864914e+02 3.687326184747865341e+02
2.052296708375241918e-01 4.807233342702527352e+02 3.687326184747901721e+02
2.210165685942568070e-01 4.749021901228188653e+02 3.687326184747901721e+02
2.368034663509894222e-01 4.690810459753851092e+02 3.687326184747901721e+02
2.525903641077220652e-01 4.632599018279512393e+02 3.687326184747901721e+02
2.683772618644547081e-01 4.574387576805174831e+02 3.687326184747883531e+02
2.841641596211873511e-01 4.516176135330836701e+02 3.687326184747901721e+02
2.999510573779199385e-01 4.457964693856498570e+02 3.687326184747901721e+02
3.157379551346525814e-01 4.399753252382160440e+02 3.687326184747883531e+02
3.315248528913852244e-01 4.341541810907822878e+02 3.687326184747883531e+02
3.473117506481178118e-01 4.283330369433484748e+02 3.687326184747883531e+02
3.630986484048504548e-01 4.225118927959147186e+02 3.687326184747883531e+02
3.788855461615830977e-01 4.166907486484809056e+02 3.687326184747919342e+02
3.946724439183157407e-01 4.108696045010470357e+02 3.687326184747919342e+02
4.104593416750483836e-01 4.050484603536132227e+02 3.687326184747883531e+02
4.262462394317809711e-01 3.992273162061794665e+02 3.687326184747883531e+02
4.420331371885136140e-01 3.934061720587456534e+02 3.687326184747883531e+02
4.578200349452462570e-01 3.875850279113118972e+02 3.687326184747883531e+02
4.736069327019788444e-01 3.817638837638780842e+02 3.687326184747883531e+02
4.893938304587114874e-01 3.759427396164443280e+02 3.687326184747901721e+02
5.051807282154441303e-01 3.701215954690104581e+02 3.687326184747901721e+02
5.209676259721767178e-01 3.643004513215767020e+02 3.687326184747901721e+02
5.367545237289094162e-01 3.584793071741428321e+02 3.687326184747919342e+02
5.525414214856420037e-01 3.526581630267090191e+02 3.687326184747883531e+02
5.683283192423747021e-01 3.468370188792752629e+02 3.687326184747883531e+02
5.841152169991072896e-01 3.410158747318414498e+02 3.687326184747901721e+02
5.999021147558398770e-01 3.351947305844076368e+02 3.687326184747883531e+02
6.156890125125725755e-01 3.293735864369738806e+02 3.687326184747883531e+02
6.314759102693051629e-01 3.235524422895400676e+02 3.687326184747883531e+02
6.472628080260377503e-01 3.177312981421063114e+02 3.687326184747901721e+02
6.630497057827704488e-01 3.119101539946724415e+02 3.687326184747919342e+02
6.788366035395030362e-01 3.060890098472386285e+02 3.687326184747883531e+02
6.946235012962356237e-01 3.002678656998048723e+02 3.687326184747883531e+02
7.104103990529683221e-01 2.944467215523710593e+02 3.687326184747883531e+02
7.261972968097009096e-01 2.886255774049373031e+02 3.687326184747901721e+02
7.419841945664336080e-01 2.828044332575034332e+02 3.687326184747901721e+02
7.577710923231661955e-01 2.769832891100696770e+02 3.687326184747883531e+02
7.735579900798987829e-01 2.711621449626358640e+02 3.687326184747901721e+02
7.893448878366314814e-01 2.653410008152020509e+02 3.687326184747883531e+02
8.051317855933640688e-01 2.595198566677682948e+02 3.687326184747883531e+02
8.209186833500967673e-01 2.536987125203344817e+02 3.687326184747901721e+02
8.367055811068293547e-01 2.478775683729006687e+02 3.687326184747901721e+02
8.524924788635619421e-01 2.420564242254668557e+02 3.687326184747901721e+02
8.682793766202946406e-01 2.362352800780330426e+02 3.687326184747883531e+02
8.840662743770272280e-01 2.304141359305992864e+02 3.687326184747874436e+02
8.998531721337598155e-01 2.245929917831655018e+02 3.687326184747892626e+02
9.156400698904925139e-01 2.187718476357316888e+02 3.687326184747901721e+02
9.314269676472251014e-01 2.129507034882978758e+02 3.687326184747901721e+02
9.472138654039576888e-01 2.071295593408640627e+02 3.687326184747892626e+02
9.630007631606903873e-01 2.013084151934302781e+02 3.687326184747892626e+02
9.787876609174229747e-01 1.954872710459964651e+02 3.687326184747901721e+02
9.945745586741556732e-01 1.896661268985626521e+02 3.687326184747883531e+02
1.010361456430888261e+00 1.838449827511288959e+02 3.687326184747883531e+02
1.026148354187620848e+00 1.780238386036950828e+02 3.687326184747901721e+02
1.041935251944353436e+00 1.722026944562612698e+02 3.687326184747901721e+02
1.057722149701086245e+00 1.663815503088274568e+02 3.687326184747892626e+02
1.073509047457818832e+00 1.605604061613936722e+02 3.687326184747883531e+02
1.089295945214551420e+00 1.547392620139598876e+02 3.687326184747892626e+02
1.105082842971284007e+00 1.489181178665260745e+02 3.687326184747901721e+02
1.120869740728016595e+00 1.430969737190922615e+02 3.687326184747892626e+02
1.136656638484749404e+00 1.372758295716584769e+02 3.687326184747883531e+02
1.152443536241481992e+00 1.314546854242246923e+02 3.687326184747892626e+02
1.168230433998214579e+00 1.256335412767908792e+02 3.687326184747897173e+02
1.184017331754947167e+00 1.198123971293570804e+02 3.687326184747892626e+02
1.199804229511679754e+00 1.139912529819232816e+02 3.813146545220185999e+02
1.215591127268412341e+00 1.077728462011912143e+02 3.813146545220185999e+02
1.231378025025145151e+00 1.019517020537574155e+02 3.662037060744348764e+02
1.247164922781877738e+00 9.621040526932387138e+01 3.553330877563161039e+02
1.262951820538610326e+00 9.073248780177128481e+01 3.091750245139845674e+02
1.278738718295342913e+00 8.644857626744871482e+01 2.595811955844386034e+02
1.294525616052075501e+00 8.253652421324738953e+01 2.387407373797246066e+02
1.310312513808808310e+00 7.891062504468737870e+01 1.913657690984392445e+02
1.326099411565540898e+00 7.649438055145625981e+01 1.425884793127886780e+02
1.341886309322273485e+00 7.440856555628941749e+01 1.051837156393873727e+02
1.357673207079006072e+00 7.317333142251176525e+01 6.267672596921456574e+01
1.373460104835738660e+00 7.242962342708393919e+01 7.569660944326028584e+01
1.389247002592471247e+00 7.078330215488762178e+01 9.544534297976234427e+01
1.405033900349204057e+00 6.941605168512836599e+01 8.868524569258416079e+01
1.420820798105936644e+00 6.798317234232854389e+01 9.173943403310742895e+01
1.436607695862669232e+00 6.651948955444599676e+01 9.696910994692952102e+01
1.452394593619401819e+00 6.492148949374146127e+01 1.158974632017436619e+02
1.468181491376134407e+00 6.286016675078477789e+01 1.353362110623446881e+02
1.483968389132867216e+00 6.064841164009181540e+01 1.337342038800466355e+02
1.499755286889599804e+00 5.863767034432011371e+01 1.256082723806904085e+02
1.515542184646332391e+00 5.668248173314425031e+01 1.134969895890471321e+02
1.531329082403064978e+00 5.505413960364164438e+01 1.089380212921398083e+02
1.547115980159797566e+00 5.324289492522470368e+01 1.149973991972757403e+02
1.562902877916530375e+00 5.142323523680652642e+01 1.130344621702474655e+02
1.578689775673262963e+00 4.967396793068678562e+01 1.121536751469557629e+02
1.594476673429995550e+00 4.788211803163293467e+01 1.074126428395837678e+02
1.610263571186728138e+00 4.628254311010888955e+01 1.089659224363470429e+02
1.626050468943460725e+00 4.444165027869159701e+01 1.041348047594439805e+02
1.641837366700193535e+00 4.299461207879957669e+01 9.002572427586883919e+01
1.657624264456926122e+00 4.159919646945370886e+01 8.711970157039459650e+01
1.673411162213658709e+00 4.024391243622181946e+01 7.707219223186895363e+01
1.689198059970391297e+00 3.916573483215019280e+01 6.547916000515988344e+01
1.704984957727123884e+00 3.817648682782542835e+01 6.137652216098587132e+01
1.720771855483856472e+00 3.722784507211155614e+01 5.206627965057474938e+01
1.736558753240589281e+00 3.653255676099128380e+01 5.540257351470330605e+01
1.752345650997321869e+00 3.547857554503858779e+01 6.794800530013364437e+01
1.768132548754054456e+00 3.438718033609701052e+01 6.887372417236680633e+01
1.783919446510787044e+00 3.330397066176946907e+01 7.528808250692254944e+01
1.799706344267519631e+00 3.201004981442253694e+01 8.231016390639901203e+01
1.815493242024252440e+00 3.070512637790901778e+01 8.646732482034302336e+01
1.831280139780985028e+00 2.927994818194864735e+01 9.334734499769119509e+01
1.847067037537717615e+00 2.775779639522702169e+01 9.352766156038337897e+01
1.862853935294450203e+00 2.632692492098851744e+01 8.929878862884517332e+01
1.878640833051182790e+00 2.493829470345970734e+01 8.757171111529514462e+01
1.894427730807915378e+00 2.356195362146993588e+01 8.639597632239303948e+01
1.910214628564648187e+00 2.221044581387028316e+01 8.545359658641589817e+01
1.926001526321380775e+00 2.086385923696028755e+01 8.345144922587763858e+01
1.941788424078113362e+00 1.957556682071009391e+01 8.004332333124432353e+01
1.957575321834845949e+00 1.833658771388139641e+01 7.843447153351593215e+01
1.973362219591578537e+00 1.709909285530414991e+01 7.749878734842694428e+01
1.989149117348311346e+00 1.588965684960063562e+01 7.505467646404339632e+01
2.004936015105043712e+00 1.472933184829915021e+01 7.050401134165278449e+01
2.020722912861776521e+00 1.366357761262025505e+01 6.467723697790493986e+01
2.036509810618509331e+00 1.268722599358284597e+01 5.951808060842074610e+01
2.052296708375241696e+00 1.178436590613603663e+01 5.518212592009461304e+01
2.068083606131974506e+00 1.094491683378348768e+01 5.053044663437515283e+01
2.083870503888706871e+00 1.018892791689820676e+01 4.537214558355980643e+01
2.099657401645439680e+00 9.512345987120994550e+00 4.025057061403161640e+01
2.115444299402172490e+00 8.918064631030478751e+00 3.614988345811590875e+01
2.131231197158904855e+00 8.370956958978842621e+00 3.310503290232103524e+01
2.147018094915637665e+00 7.872813091706055033e+00 2.969140213429582786e+01
2.162804992672370030e+00 7.433486699482520166e+00 2.498645278605123110e+01
2.178591890429102840e+00 7.083895940832419136e+00 2.048522060206745721e+01
2.194378788185835649e+00 6.786690533144616566e+00 1.647928609256871013e+01
2.210165685942568015e+00 6.563582331537762826e+00 1.157799386275841513e+01
2.225952583699300824e+00 6.421129322465726652e+00 5.782579136218904736e+00
2.241739481456033189e+00 6.381004360350356563e+00 -4.198688184944690538e-01
2.257526379212765999e+00 6.434386174683351278e+00 -6.072667156214992978e+00
2.273313276969498808e+00 6.572741511362025335e+00 -1.010164750809970258e+01
2.289100174726231174e+00 6.753333527453197149e+00 -1.371496620181698667e+01
2.304887072482963983e+00 7.005775049692282153e+00 -1.772858997963972527e+01
2.320673970239696349e+00 7.313092402212411081e+00 -1.942831767645483865e+01
2.336460867996429158e+00 7.619200779179309713e+00 -1.886004999431407470e+01
2.352247765753161524e+00 7.908575764106615225e+00 -1.736221804816146985e+01
2.368034663509894333e+00 8.167391901492155881e+00 -1.506821489880538323e+01
2.383821561266627143e+00 8.384336500074446974e+00 -1.286080832080923209e+01
2.399608459023359508e+00 8.573456433551259082e+00 -1.020986337272041133e+01
2.415395356780092317e+00 8.706700638425139971e+00 -5.368263356810680342e+00
2.431182254536824683e+00 8.742952883041628098e+00 1.746518359637125872e-01
2.446969152293557492e+00 8.701186217070370432e+00 5.263523458366559105e+00
2.462756050050290302e+00 8.576763469686834895e+00 9.310519455408755363e+00
2.478542947807022667e+00 8.407217779661154466e+00 1.261694702033224580e+01
2.494329845563755477e+00 8.178398564462639797e+00 1.622336931627679490e+01
2.510116743320487842e+00 7.894984434329604284e+00 1.956827826595733910e+01
2.525903641077220652e+00 7.560553747942716285e+00 2.204153928756213432e+01
2.541690538833953461e+00 7.199049380062106707e+00 2.301230404140543584e+01
2.557477436590685826e+00 6.833967965845690884e+00 2.247378598769764224e+01
2.573264334347418636e+00 6.489466656873160488e+00 2.285665677263286000e+01
2.589051232104151001e+00 6.112296558785120126e+00 2.367249199514902358e+01
2.604838129860883811e+00 5.742036235324182059e+00 2.307566941177158171e+01
2.620625027617616620e+00 5.383710091441519019e+00 2.237221467950119802e+01
2.636411925374348986e+00 5.035660503850265535e+00 2.054889971373076207e+01
2.652198823131081795e+00 4.734903333853479168e+00 1.716845162431916449e+01
2.667985720887814161e+00 4.493587322981191789e+00 1.413464732658501433e+01
2.683772618644546970e+00 4.288618869508935560e+00 1.205435468400546029e+01
2.699559516401279780e+00 4.112985593141621266e+00 9.499004138913996087e+00
2.715346414158012145e+00 3.988699255245304887e+00 6.809186788613661889e+00
2.731133311914744954e+00 3.897993721864944305e+00 4.266446580660893773e+00
2.746920209671477320e+00 3.853991343338394771e+00 1.079198377469504866e+00
2.762707107428210129e+00 3.863919332976258669e+00 -1.812405863819942731e+00
2.778494005184942495e+00 3.911215875470051007e+00 -5.546778306674460701e+00
2.794280902941675304e+00 4.039052176989723186e+00 -1.260280119273915567e+01
2.810067800698408114e+00 4.309134143226453162e+00 -2.021238946184273999e+01
2.825854698455140479e+00 4.677234028696465984e+00 -2.729195229876556184e+01
2.841641596211873289e+00 5.170844664270925151e+00 -3.681975323061020333e+01
2.857428493968605654e+00 5.839773388056004322e+00 -4.581832948158474039e+01
2.873215391725338463e+00 6.617503230091058342e+00 -5.416554370514796091e+01
2.889002289482071273e+00 7.549985188878011400e+00 -5.965616065844388771e+01
2.904789187238803638e+00 8.501074647839196530e+00 -6.350934787890908240e+01
2.920576084995536448e+00 9.555216352000215352e+00 -6.873035357393864331e+01
2.936362982752268813e+00 1.067115277715090116e+01 -7.271733051148413551e+01
2.952149880509001623e+00 1.185117847585488349e+01 -7.585517977171566883e+01
2.967936778265734432e+00 1.306618871190019782e+01 -7.715068336783195946e+01
2.983723676022466798e+00 1.428711837623491476e+01 -7.650359884590021409e+01
2.999510573779199607e+00 1.548169769790482775e+01 -8.021205173986727743e+01
3.015297471535931972e+00 1.681971729558497941e+01 -8.342847656069007201e+01
3.031084369292664782e+00 1.811585135683198544e+01 -8.085764391214677005e+01
3.046871267049397591e+00 1.937270001016769072e+01 -7.472334535011854939e+01
3.062658164806129957e+00 2.047515098299867375e+01 -6.562717518132443217e+01
3.078445062562862766e+00 2.144479901946919043e+01 -6.582641634394003916e+01
3.094231960319595132e+00 2.255354079202646389e+01 -7.411178457699399758e+01
3.110018858076327941e+00 2.378478935084118717e+01 -7.285001102956124441e+01
3.125805755833060751e+00 2.485369214342751931e+01 -6.338598015981462908e+01
3.141592653589793116e+00 2.578612532682774017e+01 -5.906373739594067018e+01
