7.853981633974483484e-03 0.000000000000000000e+00
2.356194490192345045e-02 0.000000000000000000e+00
3.926990816987241395e-02 0.000000000000000000e+00
5.497787143782138786e-02 0.000000000000000000e+00
7.068583470577034789e-02 0.000000000000000000e+00
8.639379797371932179e-02 0.000000000000000000e+00
1.021017612416682818e-01 0.000000000000000000e+00
1.178097245096172557e-01 0.000000000000000000e+00
1.335176877775662296e-01 0.000000000000000000e+00
1.492256510455151619e-01 0.000000000000000000e+00
1.649336143134641497e-01 0.000000000000000000e+00
1.806415775814131375e-01 0.000000000000000000e+00
1.963495408493620697e-01 0.000000000000000000e+00
2.120575041173110575e-01 0.000000000000000000e+00
2.277654673852600453e-01 0.000000000000000000e+00
2.434734306532089776e-01 0.000000000000000000e+00
2.591813939211579654e-01 0.000000000000000000e+00
2.748893571891068976e-01 0.000000000000000000e+00
2.905973204570558854e-01 0.000000000000000000e+00
3.063052837250048732e-01 0.000000000000000000e+00
3.220132469929538055e-01 0.000000000000000000e+00
3.377212102609027933e-01 0.000000000000000000e+00
3.534291735288517255e-01 0.000000000000000000e+00
3.691371367968007133e-01 0.000000000000000000e+00
3.848451000647497011e-01 0.000000000000000000e+00
4.005530633326986889e-01 0.000000000000000000e+00
4.162610266006476212e-01 0.000000000000000000e+00
4.319689898685966090e-01 0.000000000000000000e+00
4.476769531365455412e-01 0.000000000000000000e+00
4.633849164044945290e-01 0.000000000000000000e+00
4.790928796724435168e-01 0.000000000000000000e+00
4.948008429403924491e-01 0.000000000000000000e+00
5.105088062083413813e-01 0.000000000000000000e+00
5.262167694762904802e-01 0.000000000000000000e+00
5.419247327442393569e-01 0.000000000000000000e+00
5.576326960121882337e-01 0.000000000000000000e+00
5.733406592801373325e-01 0.000000000000000000e+00
5.890486225480862092e-01 0.000000000000000000e+00
6.047565858160353081e-01 0.000000000000000000e+00
6.204645490839841848e-01 0.000000000000000000e+00
6.361725123519330616e-01 0.000000000000000000e+00
6.518804756198821604e-01 0.000000000000000000e+00
6.675884388878310371e-01 0.000000000000000000e+00
6.832964021557801360e-01 0.000000000000000000e+00
6.990043654237290127e-01 0.000000000000000000e+00
7.147123286916780005e-01 0.000000000000000000e+00
7.304202919596269883e-01 0.000000000000000000e+00
7.461282552275758650e-01 0.000000000000000000e+00
7.618362184955249639e-01 0.000000000000000000e+00
7.775441817634738406e-01 0.000000000000000000e+00
7.932521450314228284e-01 0.000000000000000000e+00
8.089601082993718162e-01 0.000000000000000000e+00
8.246680715673206929e-01 0.000000000000000000e+00
8.403760348352697918e-01 0.000000000000000000e+00
8.560839981032186685e-01 0.000000000000000000e+00
8.717919613711677673e-01 0.000000000000000000e+00
8.874999246391166441e-01 0.000000000000000000e+00
9.032078879070655208e-01 0.000000000000000000e+00
9.189158511750146197e-01 0.000000000000000000e+00
9.346238144429634964e-01 0.000000000000000000e+00
9.503317777109125952e-01 0.000000000000000000e+00
9.660397409788614720e-01 0.000000000000000000e+00
9.817477042468103487e-01 0.000000000000000000e+00
9.974556675147594476e-01 0.000000000000000000e+00
1.013163630782708324e+00 0.000000000000000000e+00
1.028871594050657201e+00 0.000000000000000000e+00
1.044579557318606300e+00 0.000000000000000000e+00
1.060287520586555399e+00 0.000000000000000000e+00
1.075995483854504275e+00 0.000000000000000000e+00
1.091703447122453152e+00 0.000000000000000000e+00
1.107411410390402029e+00 0.000000000000000000e+00
1.123119373658351128e+00 0.000000000000000000e+00
1.138827336926300227e+00 0.000000000000000000e+00
1.154535300194249103e+00 0.000000000000000000e+00
1.170243263462197980e+00 0.000000000000000000e+00
1.185951226730146857e+00 0.000000000000000000e+00
1.201659189998095956e+00 0.000000000000000000e+00
1.217367153266045054e+00 0.000000000000000000e+00
1.233075116533993931e+00 0.000000000000000000e+00
1.248783079801942808e+00 1.466668133334799719e-06
1.264491043069891685e+00 2.200002200002199367e-06
1.280199006337840784e+00 2.200002200002199367e-06
1.295906969605789882e+00 2.200002200002199367e-06
1.311614932873738759e+00 2.200002200002199367e-06
1.327322896141687636e+00 2.933336266669599438e-06
1.343030859409636735e+00 2.933336266669600285e-06
1.358738822677585611e+00 1.466668133334799931e-06
1.374446785945534710e+00 2.200002200002199367e-06
1.390154749213483587e+00 5.133338466671799652e-06
1.405862712481432464e+00 7.333340666673999019e-06
1.421570675749381563e+00 9.533342866676197539e-06
1.437278639017330439e+00 1.393334726668059797e-05
1.452986602285279538e+00 1.540001540001539811e-05
1.468694565553228415e+00 1.906668573335239847e-05
1.484402528821177292e+00 2.420002420002419897e-05
1.500110492089126391e+00 2.713336046669379586e-05
1.515818455357075267e+00 3.300003300003299304e-05
1.531526418625024366e+00 4.693338026671359779e-05
1.547234381892973243e+00 5.646672313338979533e-05
1.562942345160922120e+00 7.040007040007040685e-05
1.578650308428871218e+00 8.800008800008799501e-05
1.594358271696820095e+00 1.085334418667751835e-04
1.610066234964769194e+00 1.188001188001187641e-04
1.625774198232718071e+00 1.356668023334689759e-04
1.641482161500666948e+00 1.510668177334844079e-04
1.657190124768616046e+00 1.914001914001914220e-04
1.672898088036564923e+00 2.185335518668851738e-04
1.688606051304514022e+00 2.574002574002573268e-04
1.704314014572462899e+00 3.094669761336427691e-04
1.720021977840411775e+00 3.864670531337197935e-04
1.735729941108360874e+00 4.781338114671447245e-04
1.751437904376309973e+00 5.778672445339111613e-04
1.767145867644258850e+00 6.988673655340322307e-04
1.782853830912207727e+00 8.484675151341818317e-04
1.798561794180156603e+00 1.055267721934388496e-03
1.814269757448105702e+00 1.273067939734606009e-03
1.829977720716054801e+00 1.531934865268198441e-03
1.845685683984003678e+00 1.882468549135215804e-03
1.861393647251952554e+00 2.267468934135600384e-03
1.877101610519901431e+00 2.759536092869426058e-03
1.892809573787850530e+00 3.302936636269969244e-03
1.908517537055799629e+00 3.937270603937270512e-03
1.924225500323748506e+00 4.739538072871405695e-03
1.939933463591697382e+00 5.610005610005609766e-03
1.955641426859646259e+00 6.666006666006665977e-03
1.971349390127595358e+00 7.893607893607892945e-03
1.987057353395544457e+00 9.341209341209339920e-03
2.002765316663493333e+00 1.084161084161083984e-02
2.018473279931442210e+00 1.263094596427929636e-02
2.034181243199391087e+00 1.461681461681461555e-02
2.049889206467340408e+00 1.658581658581658250e-02
2.065597169735289285e+00 1.863768530435197177e-02
2.081305133003238161e+00 2.091248757915424583e-02
2.097013096271187038e+00 2.256175589508922774e-02
2.112721059539135915e+00 2.463122463122462830e-02
2.128429022807084792e+00 2.634062634062633856e-02
2.144136986075034113e+00 2.747362747362747104e-02
2.159844949342982989e+00 2.842916176249509277e-02
2.175552912610931866e+00 2.902902902902902357e-02
2.191260875878880743e+00 2.901142901142901229e-02
2.206968839146830064e+00 2.875622875622875843e-02
2.222676802414778940e+00 2.800749467416133870e-02
2.238384765682727817e+00 2.684956018289351778e-02
2.254092728950676694e+00 2.555375888709222193e-02
2.269800692218625571e+00 2.402622402622402523e-02
2.285508655486574447e+00 2.227208893875560342e-02
2.301216618754523768e+00 2.062062062062062009e-02
2.316924582022472645e+00 1.907621907621907462e-02
2.332632545290421522e+00 1.749515082848416420e-02
2.348340508558370399e+00 1.617294950628284100e-02
2.364048471826319719e+00 1.502088168754835487e-02
2.379756435094268596e+00 1.403014736348069669e-02
2.395464398362217473e+00 1.330267996934663376e-02
2.411172361630166350e+00 1.267714601047934334e-02
2.426880324898115227e+00 1.220487887154553600e-02
2.442588288166064103e+00 1.188001188001188042e-02
2.458296251434013424e+00 1.159181159181158979e-02
2.474004214701962301e+00 1.129774463107796612e-02
2.489712177969911178e+00 1.134981134981134787e-02
2.505420141237860054e+00 1.133734467067800365e-02
2.521128104505809375e+00 1.140554473887807167e-02
2.536836067773758252e+00 1.155294488627821824e-02
2.552544031041707129e+00 1.175607842274508860e-02
2.568251994309656006e+00 1.200027866694533193e-02
2.583959957577604882e+00 1.222541222541222508e-02
2.599667920845554203e+00 1.255834589167922379e-02
2.615375884113503080e+00 1.291767958434624983e-02
2.631083847381451957e+00 1.324841324841324539e-02
2.646791810649400833e+00 1.364294697628030961e-02
2.662499773917350154e+00 1.379108045774712389e-02
2.678207737185299031e+00 1.410054743388076612e-02
2.693915700453247908e+00 1.438728105394771958e-02
2.709623663721196785e+00 1.435428102094768801e-02
2.725331626989145661e+00 1.416288082954749762e-02
2.741039590257094538e+00 1.389521389521389608e-02
2.756747553525043859e+00 1.347061347061347114e-02
2.772455516792992736e+00 1.303721303721303883e-02
2.788163480060941612e+00 1.224667891334558015e-02
2.803871443328890489e+00 1.127354460687794019e-02
2.819579406596839810e+00 1.030261030261030337e-02
2.835287369864788687e+00 9.301609301609302383e-03
2.850995333132737564e+00 8.060074726741393164e-03
2.866703296400686440e+00 6.987206987206987310e-03
2.882411259668635317e+00 5.877672544339210443e-03
2.898119222936584194e+00 4.784271450938118106e-03
2.913827186204533515e+00 3.990070656737323453e-03
2.929535149472482392e+00 3.137936471269804455e-03
2.945243112740431268e+00 2.420735754069087801e-03
2.960951076008380145e+00 1.905935239268572497e-03
2.976659039276329466e+00 1.428534761868095054e-03
2.992367002544278343e+00 1.016401016401016506e-03
3.008074965812227219e+00 7.377340710674045463e-04
3.023782929080176096e+00 5.302005302005302753e-04
3.039490892348124973e+00 3.879337212670546276e-04
3.055198855616073850e+00 2.603335936669269948e-04
3.070906818884023171e+00 1.701335034668367894e-04
3.086614782151972047e+00 1.114667781334447837e-04
3.102322745419920924e+00 7.626674293340960742e-05
3.118030708687869801e+00 5.940005940005939561e-05
3.133738671955818678e+00 6.160006160006159244e-05
