-3.946724439183105226e-05 0.000000000000000000e+00
1.566849602355713592e-02 0.000000000000000000e+00
3.137645929150609941e-02 0.000000000000000000e+00
4.708442255945507332e-02 0.000000000000000000e+00
6.279238582740404029e-02 0.000000000000000000e+00
7.850034909535300032e-02 0.000000000000000000e+00
9.420831236330196035e-02 0.000000000000000000e+00
1.099162756312509481e-01 0.000000000000000000e+00
1.256242388991999082e-01 0.000000000000000000e+00
1.413322021671488404e-01 0.000000000000000000e+00
1.570401654350978282e-01 0.000000000000000000e+00
1.727481287030468160e-01 0.000000000000000000e+00
1.884560919709957483e-01 0.000000000000000000e+00
2.041640552389447361e-01 0.000000000000000000e+00
2.198720185068937238e-01 0.000000000000000000e+00
2.355799817748426561e-01 0.000000000000000000e+00
2.512879450427916717e-01 0.000000000000000000e+00
2.669959083107406039e-01 0.000000000000000000e+00
2.827038715786895917e-01 0.000000000000000000e+00
2.984118348466385795e-01 0.000000000000000000e+00
3.141197981145875118e-01 0.000000000000000000e+00
3.298277613825364996e-01 0.000000000000000000e+00
3.455357246504854318e-01 0.000000000000000000e+00
3.612436879184344196e-01 0.000000000000000000e+00
3.769516511863834074e-01 0.000000000000000000e+00
3.926596144543323952e-01 0.000000000000000000e+00
4.083675777222813275e-01 0.000000000000000000e+00
4.240755409902303152e-01 0.000000000000000000e+00
4.397835042581792475e-01 0.000000000000000000e+00
4.554914675261282353e-01 0.000000000000000000e+00
4.711994307940772231e-01 0.000000000000000000e+00
4.869073940620261554e-01 0.000000000000000000e+00
5.026153573299750876e-01 0.000000000000000000e+00
5.183233205979241864e-01 0.000000000000000000e+00
5.340312838658730632e-01 0.000000000000000000e+00
5.497392471338219400e-01 0.000000000000000000e+00
5.654472104017710388e-01 0.000000000000000000e+00
5.811551736697199155e-01 0.000000000000000000e+00
5.968631369376690143e-01 0.000000000000000000e+00
6.125711002056178911e-01 0.000000000000000000e+00
6.282790634735667679e-01 0.000000000000000000e+00
6.439870267415158667e-01 0.000000000000000000e+00
6.596949900094647434e-01 0.000000000000000000e+00
6.754029532774138422e-01 0.000000000000000000e+00
6.911109165453627190e-01 0.000000000000000000e+00
7.068188798133117068e-01 0.000000000000000000e+00
7.225268430812606946e-01 0.000000000000000000e+00
7.382348063492095713e-01 0.000000000000000000e+00
7.539427696171586701e-01 0.000000000000000000e+00
7.696507328851075469e-01 0.000000000000000000e+00
7.853586961530565347e-01 0.000000000000000000e+00
8.010666594210055225e-01 0.000000000000000000e+00
8.167746226889543992e-01 0.000000000000000000e+00
8.324825859569034980e-01 0.000000000000000000e+00
8.481905492248523748e-01 0.000000000000000000e+00
8.638985124928014736e-01 0.000000000000000000e+00
8.796064757607503504e-01 0.000000000000000000e+00
8.953144390286992271e-01 0.000000000000000000e+00
9.110224022966483259e-01 0.000000000000000000e+00
9.267303655645972027e-01 0.000000000000000000e+00
9.424383288325463015e-01 0.000000000000000000e+00
9.581462921004951783e-01 0.000000000000000000e+00
9.738542553684440550e-01 0.000000000000000000e+00
9.895622186363931538e-01 0.000000000000000000e+00
1.005270181904341920e+00 0.000000000000000000e+00
1.020978145172290796e+00 0.000000000000000000e+00
1.036686108440239895e+00 0.000000000000000000e+00
1.052394071708188994e+00 0.000000000000000000e+00
1.068102034976137871e+00 0.000000000000000000e+00
1.083809998244086747e+00 0.000000000000000000e+00
1.099517961512035624e+00 0.000000000000000000e+00
1.115225924779984723e+00 0.000000000000000000e+00
1.130933888047933822e+00 0.000000000000000000e+00
1.146641851315882699e+00 0.000000000000000000e+00
1.162349814583831575e+00 0.000000000000000000e+00
1.178057777851780452e+00 0.000000000000000000e+00
1.193765741119729551e+00 0.000000000000000000e+00
1.209473704387678650e+00 0.000000000000000000e+00
1.225181667655627527e+00 0.000000000000000000e+00
1.240889630923576403e+00 0.000000000000000000e+00
1.256597594191525280e+00 0.000000000000000000e+00
1.272305557459474379e+00 0.000000000000000000e+00
1.288013520727423478e+00 0.000000000000000000e+00
1.303721483995372354e+00 0.000000000000000000e+00
1.319429447263321231e+00 0.000000000000000000e+00
1.335137410531270330e+00 0.000000000000000000e+00
1.350845373799219207e+00 0.000000000000000000e+00
1.366553337067168306e+00 0.000000000000000000e+00
1.382261300335117182e+00 0.000000000000000000e+00
1.397969263603066059e+00 0.000000000000000000e+00
1.413677226871015158e+00 0.000000000000000000e+00
1.429385190138964035e+00 0.000000000000000000e+00
1.445093153406913133e+00 0.000000000000000000e+00
1.460801116674862010e+00 0.000000000000000000e+00
1.476509079942810887e+00 0.000000000000000000e+00
1.492217043210759986e+00 0.000000000000000000e+00
1.507925006478708863e+00 1.506772944385010507e-05
1.523632969746657961e+00 4.520318833155031351e-05
1.539340933014606838e+00 4.520318833155031351e-05
1.555048896282555715e+00 9.040637666310062702e-05
1.570756859550504814e+00 1.054741061069507270e-04
1.586464822818453690e+00 1.506772944385010270e-04
1.602172786086402789e+00 1.506772944385010270e-04
1.617880749354351666e+00 1.356095649946509405e-04
1.633588712622300543e+00 1.657450238823511676e-04
1.649296675890249642e+00 1.657450238823511676e-04
1.665004639158198518e+00 1.205418355508008405e-04
1.680712602426147617e+00 1.506772944385010541e-04
1.696420565694096494e+00 1.506772944385010541e-04
1.712128528962045371e+00 1.506772944385010541e-04
1.727836492229994469e+00 2.109482122139014811e-04
1.743544455497943568e+00 2.561514005454517675e-04
1.759252418765892445e+00 3.164223183208521675e-04
1.774960382033841322e+00 4.218964244278029080e-04
1.790668345301790199e+00 4.520318833155031351e-04
1.806376308569739297e+00 5.876414483101540485e-04
1.822084271837688396e+00 7.383187427486550755e-04
1.837792235105637273e+00 9.191314960748564380e-04
1.853500198373586150e+00 1.024605602181807070e-03
1.869208161641535026e+00 1.265689273283408887e-03
1.884916124909484125e+00 1.401298838278059638e-03
1.900624088177433224e+00 1.838262992149712876e-03
1.916332051445382101e+00 2.019075745475914022e-03
1.932040014713330978e+00 2.410836711016016865e-03
1.947747977981279854e+00 2.682055841005318800e-03
1.963455941249228953e+00 3.254629559871623223e-03
1.979163904517178052e+00 3.842271008181777272e-03
1.994871867785126929e+00 4.761402504256633493e-03
2.010579831053076028e+00 5.333976223122937482e-03
2.026287794321024904e+00 6.207904530866243525e-03
2.041995757588974225e+00 7.142103756384949806e-03
2.057703720856923102e+00 8.498199406331459482e-03
2.073411684124871979e+00 9.568008196844815863e-03
2.089119647392820855e+00 1.087890065845977493e-02
2.104827610660769732e+00 1.218979312007473399e-02
2.120535573928718609e+00 1.410339475944369717e-02
2.136243537196667930e+00 1.606219958714421095e-02
2.151951500464616807e+00 1.771964982596772528e-02
2.167659463732565683e+00 1.942230325312278849e-02
2.183367427000514560e+00 2.064278933807464633e-02
2.199075390268463881e+00 2.171259812858800445e-02
2.214783353536412758e+00 2.290294875465216304e-02
2.230491316804361634e+00 2.403302846294091966e-02
2.246199280072310511e+00 2.427411213404252061e-02
2.261907243340259388e+00 2.507270179456657852e-02
2.277615206608208265e+00 2.585622372564678334e-02
2.293323169876157586e+00 2.665481338617083779e-02
2.309031133144106462e+00 2.700137116337938611e-02
2.324739096412055339e+00 2.647400063284463534e-02
2.340447059680004216e+00 2.564527551343288164e-02
2.356155022947953537e+00 2.561514005454517892e-02
2.371862986215902414e+00 2.504256633567887580e-02
2.387570949483851290e+00 2.352072566185001504e-02
2.403278912751800167e+00 2.258652643633130702e-02
2.418986876019749044e+00 2.183313996413880145e-02
2.434694839287697921e+00 2.160712402248105013e-02
2.450402802555647241e+00 2.074826344418159371e-02
2.466110765823596118e+00 1.958804827700513784e-02
2.481818729091544995e+00 1.815661397983937830e-02
2.497526692359493872e+00 1.720734702487682066e-02
2.513234655627443193e+00 1.643889282324046547e-02
2.528942618895392069e+00 1.520333900884475800e-02
2.544650582163340946e+00 1.404312384166829866e-02
2.560358545431289823e+00 1.307878915726189140e-02
2.576066508699238700e+00 1.247607997950788729e-02
2.591774471967188020e+00 1.217472539063088437e-02
2.607482435235136897e+00 1.173776123675923308e-02
2.623190398503085774e+00 1.099944249401057714e-02
2.638898361771034651e+00 1.083369747012822605e-02
2.654606325038983972e+00 1.099944249401057714e-02
2.670314288306932848e+00 1.099944249401057714e-02
2.686022251574881725e+00 1.083369747012822605e-02
2.701730214842830602e+00 1.084876519957207568e-02
2.717438178110779479e+00 1.111998432956137761e-02
2.733146141378728355e+00 1.152681302454533138e-02
2.748854104646677676e+00 1.187337080175388318e-02
2.764562067914626553e+00 1.170762577787153209e-02
2.780270031182575430e+00 1.170762577787153209e-02
2.795977994450524307e+00 1.176789669564693233e-02
2.811685957718473627e+00 1.151174529510148002e-02
2.827393920986422504e+00 1.108984887067367836e-02
2.843101884254371381e+00 1.024605602181807157e-02
2.858809847522320258e+00 9.839227326834121268e-03
2.874517810790269134e+00 8.980366748534663116e-03
2.890225774058218011e+00 8.618741241882259957e-03
2.905933737326167332e+00 8.046167523015956835e-03
2.921641700594116209e+00 7.548932451368903576e-03
2.937349663862065086e+00 7.142103756384950673e-03
2.953057627130013962e+00 6.961291003058749961e-03
2.968765590397963283e+00 6.162701342534693781e-03
2.984473553665912160e+00 5.846279024213840367e-03
3.000181516933861037e+00 5.228502117015986633e-03
3.015889480201809913e+00 4.610725209818132032e-03
3.031597443469758790e+00 3.932677384844877194e-03
3.047305406737707667e+00 3.254629559871622356e-03
3.063013370005656988e+00 2.486175358235267596e-03
3.078721333273605865e+00 1.883466180481263488e-03
3.094429296541554741e+00 1.356095649946509676e-03
3.110137259809503618e+00 1.069808790513357465e-03
3.125845223077452495e+00 9.341992255187064973e-04
