-3.946724439183105226e-05 0.000000000000000000e+00
1.566849602355713592e-02 0.000000000000000000e+00
3.137645929150609941e-02 0.000000000000000000e+00
4.708442255945507332e-02 0.000000000000000000e+00
6.279238582740404029e-02 0.000000000000000000e+00
7.850034909535300032e-02 0.000000000000000000e+00
9.420831236330196035e-02 0.000000000000000000e+00
1.099162756312509481e-01 0.000000000000000000e+00
1.256242388991999082e-01 0.000000000000000000e+00
1.413322021671488404e-01 0.000000000000000000e+00
1.570401654350978282e-01 0.000000000000000000e+00
1.727481287030468160e-01 0.000000000000000000e+00
1.884560919709957483e-01 0.000000000000000000e+00
2.041640552389447361e-01 0.000000000000000000e+00
2.198720185068937238e-01 0.000000000000000000e+00
2.355799817748426561e-01 0.000000000000000000e+00
2.512879450427916717e-01 0.000000000000000000e+00
2.669959083107406039e-01 0.000000000000000000e+00
2.827038715786895917e-01 0.000000000000000000e+00
2.984118348466385795e-01 0.000000000000000000e+00
3.141197981145875118e-01 0.000000000000000000e+00
3.298277613825364996e-01 0.000000000000000000e+00
3.455357246504854318e-01 0.000000000000000000e+00
3.612436879184344196e-01 0.000000000000000000e+00
3.769516511863834074e-01 0.000000000000000000e+00
3.926596144543323952e-01 0.000000000000000000e+00
4.083675777222813275e-01 0.000000000000000000e+00
4.240755409902303152e-01 0.000000000000000000e+00
4.397835042581792475e-01 0.000000000000000000e+00
4.554914675261282353e-01 0.000000000000000000e+00
4.711994307940772231e-01 0.000000000000000000e+00
4.869073940620261554e-01 0.000000000000000000e+00
5.026153573299750876e-01 0.000000000000000000e+00
5.183233205979241864e-01 0.000000000000000000e+00
5.340312838658730632e-01 0.000000000000000000e+00
5.497392471338219400e-01 0.000000000000000000e+00
5.654472104017710388e-01 0.000000000000000000e+00
5.811551736697199155e-01 0.000000000000000000e+00
5.968631369376690143e-01 0.000000000000000000e+00
6.125711002056178911e-01 0.000000000000000000e+00
6.282790634735667679e-01 0.000000000000000000e+00
6.439870267415158667e-01 0.000000000000000000e+00
6.596949900094647434e-01 0.000000000000000000e+00
6.754029532774138422e-01 0.000000000000000000e+00
6.911109165453627190e-01 0.000000000000000000e+00
7.068188798133117068e-01 0.000000000000000000e+00
7.225268430812606946e-01 0.000000000000000000e+00
7.382348063492095713e-01 0.000000000000000000e+00
7.539427696171586701e-01 0.000000000000000000e+00
7.696507328851075469e-01 0.000000000000000000e+00
7.853586961530565347e-01 0.000000000000000000e+00
8.010666594210055225e-01 0.000000000000000000e+00
8.167746226889543992e-01 0.000000000000000000e+00
8.324825859569034980e-01 0.000000000000000000e+00
8.481905492248523748e-01 0.000000000000000000e+00
8.638985124928014736e-01 0.000000000000000000e+00
8.796064757607503504e-01 0.000000000000000000e+00
8.953144390286992271e-01 0.000000000000000000e+00
9.110224022966483259e-01 0.000000000000000000e+00
9.267303655645972027e-01 0.000000000000000000e+00
9.424383288325463015e-01 0.000000000000000000e+00
9.581462921004951783e-01 0.000000000000000000e+00
9.738542553684440550e-01 0.000000000000000000e+00
9.895622186363931538e-01 0.000000000000000000e+00
1.005270181904341920e+00 0.000000000000000000e+00
1.020978145172290796e+00 0.000000000000000000e+00
1.036686108440239895e+00 0.000000000000000000e+00
1.052394071708188994e+00 0.000000000000000000e+00
1.068102034976137871e+00 0.000000000000000000e+00
1.083809998244086747e+00 0.000000000000000000e+00
1.099517961512035624e+00 0.000000000000000000e+00
1.115225924779984723e+00 0.000000000000000000e+00
1.130933888047933822e+00 0.000000000000000000e+00
1.146641851315882699e+00 0.000000000000000000e+00
1.162349814583831575e+00 0.000000000000000000e+00
1.178057777851780452e+00 0.000000000000000000e+00
1.193765741119729551e+00 7.340688703414153447e-06
1.209473704387678650e+00 1.468137740682830689e-05
1.225181667655627527e+00 1.468137740682830689e-05
1.240889630923576403e+00 1.468137740682830689e-05
1.256597594191525280e+00 1.468137740682830689e-05
1.272305557459474379e+00 1.468137740682830689e-05
1.288013520727423478e+00 1.468137740682830859e-05
1.303721483995372354e+00 7.340688703414155141e-06
1.319429447263321231e+00 7.340688703414153447e-06
1.335137410531270330e+00 7.340688703414153447e-06
1.350845373799219207e+00 7.340688703414153447e-06
1.366553337067168306e+00 1.468137740682830689e-05
1.382261300335117182e+00 1.468137740682830689e-05
1.397969263603066059e+00 2.202206611024246034e-05
1.413677226871015158e+00 2.202206611024246373e-05
1.429385190138964035e+00 2.202206611024246034e-05
1.445093153406913133e+00 3.670344351707077062e-05
1.460801116674862010e+00 4.404413222048492746e-05
1.476509079942810887e+00 3.670344351707077062e-05
1.492217043210759986e+00 3.670344351707077062e-05
1.507925006478708863e+00 3.670344351707077062e-05
1.523632969746657961e+00 7.340688703414154125e-05
1.539340933014606838e+00 6.606619833072738441e-05
1.555048896282555715e+00 6.606619833072738441e-05
1.570756859550504814e+00 8.808826444096985492e-05
1.586464822818453690e+00 1.101103305512123119e-04
1.602172786086402789e+00 1.688358401785255395e-04
1.617880749354351666e+00 1.835172175853538531e-04
1.633588712622300543e+00 1.908579062887679964e-04
1.649296675890249642e+00 2.349020385092529103e-04
1.665004639158198518e+00 2.789461707297378242e-04
1.680712602426147617e+00 3.303309916536369627e-04
1.696420565694096494e+00 3.817158125775359928e-04
1.712128528962045371e+00 4.331006335014350771e-04
1.727836492229994469e+00 4.698040770185058206e-04
1.743544455497943568e+00 5.578923414594756484e-04
1.759252418765892445e+00 6.753433607141021578e-04
1.774960382033841322e+00 7.781130025619003264e-04
1.790668345301790199e+00 9.249267766301834089e-04
1.806376308569739297e+00 1.108443994215537343e-03
1.822084271837688396e+00 1.350686721428204316e-03
1.837792235105637273e+00 1.725061845302325921e-03
1.853500198373586150e+00 2.070074214362791279e-03
1.869208161641535026e+00 2.605944489712024633e-03
1.884916124909484125e+00 3.281287850426127008e-03
1.900624088177433224e+00 3.934609145029986654e-03
1.916332051445382101e+00 4.712722147591886547e-03
1.932040014713330978e+00 5.755099943476696574e-03
1.947747977981279854e+00 6.709389474920536556e-03
1.963455941249228953e+00 7.883899667466800348e-03
1.979163904517178052e+00 9.359378096853046211e-03
1.994871867785126929e+00 1.077613101661197698e-02
2.010579831053076028e+00 1.239842322006650538e-02
2.026287794321024904e+00 1.410146299925858944e-02
2.041995757588974225e+00 1.559896349475507760e-02
2.057703720856923102e+00 1.787457699281346304e-02
2.073411684124871979e+00 1.956293539459872180e-02
2.089119647392820855e+00 2.095032555954399328e-02
2.104827610660769732e+00 2.255059569688828286e-02
2.120535573928718609e+00 2.392330448442672730e-02
2.136243537196667930e+00 2.567038839583929422e-02
2.151951500464616807e+00 2.670542550302069246e-02
2.167659463732565683e+00 2.746151643947234919e-02
2.183367427000514560e+00 2.823228875333083296e-02
2.199075390268463881e+00 2.810015635666938266e-02
2.214783353536412758e+00 2.785791362945671396e-02
2.230491316804361634e+00 2.704309718337774560e-02
2.246199280072310511e+00 2.572911390546661278e-02
2.261907243340259388e+00 2.443715269366571879e-02
2.277615206608208265e+00 2.254325500818486414e-02
2.293323169876157586e+00 2.092096280473033920e-02
2.309031133144106462e+00 1.954091332848847951e-02
2.324739096412055339e+00 1.818288591835685863e-02
2.340447059680004216e+00 1.710380467895497927e-02
2.356155022947953537e+00 1.586322828807798860e-02
2.371862986215902414e+00 1.493830151144780356e-02
2.387570949483851290e+00 1.435104641517467167e-02
2.403278912751800167e+00 1.354357065779911336e-02
2.418986876019749044e+00 1.324260242095913476e-02
2.434694839287697921e+00 1.279482041005087015e-02
2.450402802555647241e+00 1.254523699413478965e-02
2.466110765823596118e+00 1.220756531377773652e-02
2.481818729091544995e+00 1.230299426692212268e-02
2.497526692359493872e+00 1.228097220081187865e-02
2.513234655627443193e+00 1.240576390876992063e-02
2.528942618895392069e+00 1.222224669118456702e-02
2.544650582163340946e+00 1.236171977654943778e-02
2.560358545431289823e+00 1.261864388116893179e-02
2.576066508699238700e+00 1.302238175985670834e-02
2.591774471967188020e+00 1.329398724188303113e-02
2.607482435235136897e+00 1.338207550632400204e-02
2.623190398503085774e+00 1.360963685612984024e-02
2.638898361771034651e+00 1.412348506536883347e-02
2.654606325038983972e+00 1.443913467961564084e-02
2.670314288306932848e+00 1.467403671812489430e-02
2.686022251574881725e+00 1.444647536831905436e-02
2.701730214842830602e+00 1.443179399091222732e-02
2.717438178110779479e+00 1.440243123609856978e-02
2.733146141378728355e+00 1.416752919758931806e-02
2.748854104646677676e+00 1.355091134650252688e-02
2.764562067914626553e+00 1.258194043765185899e-02
2.780270031182575430e+00 1.142211162251242224e-02
2.795977994450524307e+00 1.079081239401880575e-02
2.811685957718473627e+00 9.799819419057895567e-03
2.827393920986422504e+00 8.573924405587731931e-03
2.843101884254371381e+00 7.436117656558539207e-03
2.858809847522320258e+00 6.459806059004456064e-03
2.874517810790269134e+00 5.622967546815241073e-03
2.890225774058218011e+00 4.881557987770412249e-03
2.905933737326167332e+00 3.919927767623158747e-03
2.921641700594116209e+00 3.134474076357843600e-03
2.937349663862065086e+00 2.525196913974469409e-03
2.953057627130013962e+00 1.967304572514993327e-03
2.968765590397963283e+00 1.548885316420386482e-03
2.984473553665912160e+00 1.115784682918951297e-03
3.000181516933861037e+00 8.368385121892136895e-04
3.015889480201809913e+00 6.753433607141022662e-04
3.031597443469758790e+00 4.184192560946067363e-04
3.047305406737707667e+00 3.009682368399802812e-04
3.063013370005656988e+00 1.981985949921821668e-04
3.078721333273605865e+00 1.321323966614547959e-04
3.094429296541554741e+00 1.101103305512123119e-04
3.110137259809503618e+00 8.808826444096985492e-05
3.125845223077452495e+00 1.027696418477981550e-04
