-3.946724439183105226e-05 0.000000000000000000e+00
1.566849602355713592e-02 0.000000000000000000e+00
3.137645929150609941e-02 0.000000000000000000e+00
4.708442255945507332e-02 0.000000000000000000e+00
6.279238582740404029e-02 0.000000000000000000e+00
7.850034909535300032e-02 0.000000000000000000e+00
9.420831236330196035e-02 0.000000000000000000e+00
1.099162756312509481e-01 0.000000000000000000e+00
1.256242388991999082e-01 0.000000000000000000e+00
1.413322021671488404e-01 0.000000000000000000e+00
1.570401654350978282e-01 0.000000000000000000e+00
1.727481287030468160e-01 0.000000000000000000e+00
1.884560919709957483e-01 0.000000000000000000e+00
2.041640552389447361e-01 0.000000000000000000e+00
2.198720185068937238e-01 0.000000000000000000e+00
2.355799817748426561e-01 0.000000000000000000e+00
2.512879450427916717e-01 0.000000000000000000e+00
2.669959083107406039e-01 0.000000000000000000e+00
2.827038715786895917e-01 0.000000000000000000e+00
2.984118348466385795e-01 0.000000000000000000e+00
3.141197981145875118e-01 0.000000000000000000e+00
3.298277613825364996e-01 0.000000000000000000e+00
3.455357246504854318e-01 0.000000000000000000e+00
3.612436879184344196e-01 0.000000000000000000e+00
3.769516511863834074e-01 0.000000000000000000e+00
3.926596144543323952e-01 0.000000000000000000e+00
4.083675777222813275e-01 0.000000000000000000e+00
4.240755409902303152e-01 0.000000000000000000e+00
4.397835042581792475e-01 0.000000000000000000e+00
4.554914675261282353e-01 0.000000000000000000e+00
4.711994307940772231e-01 0.000000000000000000e+00
4.869073940620261554e-01 0.000000000000000000e+00
5.026153573299750876e-01 0.000000000000000000e+00
5.183233205979241864e-01 0.000000000000000000e+00
5.340312838658730632e-01 0.000000000000000000e+00
5.497392471338219400e-01 0.000000000000000000e+00
5.654472104017710388e-01 0.000000000000000000e+00
5.811551736697199155e-01 0.000000000000000000e+00
5.968631369376690143e-01 0.000000000000000000e+00
6.125711002056178911e-01 0.000000000000000000e+00
6.282790634735667679e-01 0.000000000000000000e+00
6.439870267415158667e-01 0.000000000000000000e+00
6.596949900094647434e-01 0.000000000000000000e+00
6.754029532774138422e-01 0.000000000000000000e+00
6.911109165453627190e-01 0.000000000000000000e+00
7.068188798133117068e-01 0.000000000000000000e+00
7.225268430812606946e-01 0.000000000000000000e+00
7.382348063492095713e-01 0.000000000000000000e+00
7.539427696171586701e-01 0.000000000000000000e+00
7.696507328851075469e-01 0.000000000000000000e+00
7.853586961530565347e-01 0.000000000000000000e+00
8.010666594210055225e-01 0.000000000000000000e+00
8.167746226889543992e-01 0.000000000000000000e+00
8.324825859569034980e-01 0.000000000000000000e+00
8.481905492248523748e-01 0.000000000000000000e+00
8.638985124928014736e-01 0.000000000000000000e+00
8.796064757607503504e-01 0.000000000000000000e+00
8.953144390286992271e-01 0.000000000000000000e+00
9.110224022966483259e-01 0.000000000000000000e+00
9.267303655645972027e-01 0.000000000000000000e+00
9.424383288325463015e-01 0.000000000000000000e+00
9.581462921004951783e-01 0.000000000000000000e+00
9.738542553684440550e-01 0.000000000000000000e+00
9.895622186363931538e-01 0.000000000000000000e+00
1.005270181904341920e+00 0.000000000000000000e+00
1.020978145172290796e+00 0.000000000000000000e+00
1.036686108440239895e+00 0.000000000000000000e+00
1.052394071708188994e+00 0.000000000000000000e+00
1.068102034976137871e+00 0.000000000000000000e+00
1.083809998244086747e+00 0.000000000000000000e+00
1.099517961512035624e+00 0.000000000000000000e+00
1.115225924779984723e+00 0.000000000000000000e+00
1.130933888047933822e+00 0.000000000000000000e+00
1.146641851315882699e+00 0.000000000000000000e+00
1.162349814583831575e+00 0.000000000000000000e+00
1.178057777851780452e+00 0.000000000000000000e+00
1.193765741119729551e+00 0.000000000000000000e+00
1.209473704387678650e+00 0.000000000000000000e+00
1.225181667655627527e+00 0.000000000000000000e+00
1.240889630923576403e+00 0.000000000000000000e+00
1.256597594191525280e+00 0.000000000000000000e+00
1.272305557459474379e+00 0.000000000000000000e+00
1.288013520727423478e+00 0.000000000000000000e+00
1.303721483995372354e+00 0.000000000000000000e+00
1.319429447263321231e+00 0.000000000000000000e+00
1.335137410531270330e+00 0.000000000000000000e+00
1.350845373799219207e+00 0.000000000000000000e+00
1.366553337067168306e+00 0.000000000000000000e+00
1.382261300335117182e+00 0.000000000000000000e+00
1.397969263603066059e+00 0.000000000000000000e+00
1.413677226871015158e+00 0.000000000000000000e+00
1.429385190138964035e+00 0.000000000000000000e+00
1.445093153406913133e+00 0.000000000000000000e+00
1.460801116674862010e+00 0.000000000000000000e+00
1.476509079942810887e+00 0.000000000000000000e+00
1.492217043210759986e+00 0.000000000000000000e+00
1.507925006478708863e+00 0.000000000000000000e+00
1.523632969746657961e+00 0.000000000000000000e+00
1.539340933014606838e+00 0.000000000000000000e+00
1.555048896282555715e+00 0.000000000000000000e+00
1.570756859550504814e+00 1.506772944385010507e-05
1.586464822818453690e+00 1.506772944385010507e-05
1.602172786086402789e+00 1.506772944385010507e-05
1.617880749354351666e+00 4.520318833155031351e-05
1.633588712622300543e+00 7.533864721925052704e-05
1.649296675890249642e+00 1.054741061069507406e-04
1.665004639158198518e+00 1.205418355508008405e-04
1.680712602426147617e+00 1.205418355508008270e-04
1.696420565694096494e+00 1.356095649946509405e-04
1.712128528962045371e+00 1.657450238823511405e-04
1.727836492229994469e+00 1.808127533262012540e-04
1.743544455497943568e+00 2.260159416577515947e-04
1.759252418765892445e+00 3.013545888770021081e-04
1.774960382033841322e+00 3.766932360962526216e-04
1.790668345301790199e+00 4.218964244278029080e-04
1.806376308569739297e+00 5.725737188663039892e-04
1.822084271837688396e+00 7.383187427486550755e-04
1.837792235105637273e+00 7.835219310802054703e-04
1.853500198373586150e+00 8.437928488556059245e-04
1.869208161641535026e+00 1.130079708288757919e-03
1.884916124909484125e+00 1.416366567721909697e-03
1.900624088177433224e+00 1.702653427155061908e-03
1.916332051445382101e+00 1.913601639368963389e-03
1.932040014713330978e+00 2.275227146021365898e-03
1.947747977981279854e+00 2.817665405999969334e-03
1.963455941249228953e+00 3.510780960417074232e-03
1.979163904517178052e+00 4.083354679283378655e-03
1.994871867785126929e+00 4.791537963144333612e-03
2.010579831053076028e+00 5.740804918106890385e-03
2.026287794321024904e+00 6.675004143625597533e-03
2.041995757588974225e+00 7.669474286919704051e-03
2.057703720856923102e+00 8.920095830759262878e-03
2.073411684124871979e+00 1.014058191571112072e-02
2.089119647392820855e+00 1.136106800066298030e-02
2.104827610660769732e+00 1.274729910949718922e-02
2.120535573928718609e+00 1.413353021833139815e-02
2.136243537196667930e+00 1.585125137493030925e-02
2.151951500464616807e+00 1.702653427155061822e-02
2.167659463732565683e+00 1.900040682869498163e-02
2.183367427000514560e+00 2.052224750252384239e-02
2.199075390268463881e+00 2.207422363524040240e-02
2.214783353536412758e+00 2.344538701463076344e-02
2.230491316804361634e+00 2.459053445236336968e-02
2.246199280072310511e+00 2.594663010230987762e-02
2.261907243340259388e+00 2.701643889282323921e-02
2.277615206608208265e+00 2.715204845781789278e-02
2.293323169876157586e+00 2.742326758780719298e-02
2.309031133144106462e+00 2.670001657450239013e-02
2.324739096412055339e+00 2.632332333840613561e-02
2.340447059680004216e+00 2.596169783175373419e-02
2.356155022947953537e+00 2.471107628791417363e-02
2.371862986215902414e+00 2.385221570961471721e-02
2.387570949483851290e+00 2.300842286075911389e-02
2.403278912751800167e+00 2.205915590579655278e-02
2.418986876019749044e+00 2.124549851582864524e-02
2.434694839287697921e+00 2.022089291364684294e-02
2.450402802555647241e+00 1.942230325312278849e-02
2.466110765823596118e+00 1.850317175704792663e-02
2.481818729091544995e+00 1.787032712040622501e-02
2.497526692359493872e+00 1.658957011767896519e-02
2.513234655627443193e+00 1.577591272771106112e-02
2.528942618895392069e+00 1.517320354995705528e-02
2.544650582163340946e+00 1.428420751276989961e-02
2.560358545431289823e+00 1.315412780448113952e-02
2.576066508699238700e+00 1.259662181505868603e-02
2.591774471967188020e+00 1.152681302454533138e-02
2.607482435235136897e+00 1.113505205900522897e-02
2.623190398503085774e+00 1.038166558681272167e-02
2.638898361771034651e+00 1.012551418626727109e-02
2.654606325038983972e+00 1.045700423403197327e-02
2.670314288306932848e+00 1.054741061069507449e-02
2.686022251574881725e+00 1.057754606958277374e-02
2.701730214842830602e+00 1.105971341178597564e-02
2.717438178110779479e+00 1.125559389455602945e-02
2.733146141378728355e+00 1.176789669564693407e-02
2.748854104646677676e+00 1.211445447285548586e-02
2.764562067914626553e+00 1.167749031898383111e-02
2.780270031182575430e+00 1.172269350731538172e-02
2.795977994450524307e+00 1.143640664788223189e-02
2.811685957718473627e+00 1.096930703512287789e-02
2.827393920986422504e+00 1.098437476456672751e-02
2.843101884254371381e+00 1.038166558681272340e-02
2.858809847522320258e+00 1.008031099793572048e-02
2.874517810790269134e+00 9.673482302951766712e-03
2.890225774058218011e+00 9.161179501860863827e-03
2.905933737326167332e+00 8.995434477978512741e-03
2.921641700594116209e+00 8.905028101315411518e-03
2.937349663862065086e+00 7.970828875796706972e-03
2.953057627130013962e+00 7.307848780267301760e-03
2.968765590397963283e+00 6.524326849187095205e-03
2.984473553665912160e+00 6.042159506983892439e-03
3.000181516933861037e+00 5.258637575903687619e-03
3.015889480201809913e+00 4.339506079828830964e-03
3.031597443469758790e+00 3.360103665978573639e-03
3.047305406737707667e+00 2.772462217668419156e-03
3.063013370005656988e+00 2.380701252128316313e-03
3.078721333273605865e+00 1.838262992149712659e-03
3.094429296541554741e+00 1.461569756053460525e-03
3.110137259809503618e+00 1.250621543839558827e-03
3.125845223077452495e+00 1.115011978844907860e-03
