-3.946724439183105226e-05 0.000000000000000000e+00
1.566849602355713592e-02 0.000000000000000000e+00
3.137645929150609941e-02 0.000000000000000000e+00
4.708442255945507332e-02 0.000000000000000000e+00
6.279238582740404029e-02 0.000000000000000000e+00
7.850034909535300032e-02 0.000000000000000000e+00
9.420831236330196035e-02 0.000000000000000000e+00
1.099162756312509481e-01 0.000000000000000000e+00
1.256242388991999082e-01 0.000000000000000000e+00
1.413322021671488404e-01 0.000000000000000000e+00
1.570401654350978282e-01 0.000000000000000000e+00
1.727481287030468160e-01 0.000000000000000000e+00
1.884560919709957483e-01 0.000000000000000000e+00
2.041640552389447361e-01 0.000000000000000000e+00
2.198720185068937238e-01 0.000000000000000000e+00
2.355799817748426561e-01 0.000000000000000000e+00
2.512879450427916717e-01 0.000000000000000000e+00
2.669959083107406039e-01 0.000000000000000000e+00
2.827038715786895917e-01 0.000000000000000000e+00
2.984118348466385795e-01 0.000000000000000000e+00
3.141197981145875118e-01 0.000000000000000000e+00
3.298277613825364996e-01 0.000000000000000000e+00
3.455357246504854318e-01 0.000000000000000000e+00
3.612436879184344196e-01 0.000000000000000000e+00
3.769516511863834074e-01 0.000000000000000000e+00
3.926596144543323952e-01 0.000000000000000000e+00
4.083675777222813275e-01 0.000000000000000000e+00
4.240755409902303152e-01 0.000000000000000000e+00
4.397835042581792475e-01 0.000000000000000000e+00
4.554914675261282353e-01 0.000000000000000000e+00
4.711994307940772231e-01 0.000000000000000000e+00
4.869073940620261554e-01 0.000000000000000000e+00
5.026153573299750876e-01 0.000000000000000000e+00
5.183233205979241864e-01 0.000000000000000000e+00
5.340312838658730632e-01 0.000000000000000000e+00
5.497392471338219400e-01 0.000000000000000000e+00
5.654472104017710388e-01 0.000000000000000000e+00
5.811551736697199155e-01 0.000000000000000000e+00
5.968631369376690143e-01 0.000000000000000000e+00
6.125711002056178911e-01 0.000000000000000000e+00
6.282790634735667679e-01 0.000000000000000000e+00
6.439870267415158667e-01 0.000000000000000000e+00
6.596949900094647434e-01 0.000000000000000000e+00
6.754029532774138422e-01 0.000000000000000000e+00
6.911109165453627190e-01 0.000000000000000000e+00
7.068188798133117068e-01 0.000000000000000000e+00
7.225268430812606946e-01 0.000000000000000000e+00
7.382348063492095713e-01 0.000000000000000000e+00
7.539427696171586701e-01 0.000000000000000000e+00
7.696507328851075469e-01 0.000000000000000000e+00
7.853586961530565347e-01 0.000000000000000000e+00
8.010666594210055225e-01 0.000000000000000000e+00
8.167746226889543992e-01 0.000000000000000000e+00
8.324825859569034980e-01 0.000000000000000000e+00
8.481905492248523748e-01 0.000000000000000000e+00
8.638985124928014736e-01 0.000000000000000000e+00
8.796064757607503504e-01 0.000000000000000000e+00
8.953144390286992271e-01 0.000000000000000000e+00
9.110224022966483259e-01 0.000000000000000000e+00
9.267303655645972027e-01 0.000000000000000000e+00
9.424383288325463015e-01 0.000000000000000000e+00
9.581462921004951783e-01 0.000000000000000000e+00
9.738542553684440550e-01 0.000000000000000000e+00
9.895622186363931538e-01 0.000000000000000000e+00
1.005270181904341920e+00 0.000000000000000000e+00
1.020978145172290796e+00 0.000000000000000000e+00
1.036686108440239895e+00 0.000000000000000000e+00
1.052394071708188994e+00 0.000000000000000000e+00
1.068102034976137871e+00 0.000000000000000000e+00
1.083809998244086747e+00 0.000000000000000000e+00
1.099517961512035624e+00 0.000000000000000000e+00
1.115225924779984723e+00 0.000000000000000000e+00
1.130933888047933822e+00 0.000000000000000000e+00
1.146641851315882699e+00 0.000000000000000000e+00
1.162349814583831575e+00 0.000000000000000000e+00
1.178057777851780452e+00 0.000000000000000000e+00
1.193765741119729551e+00 0.000000000000000000e+00
1.209473704387678650e+00 0.000000000000000000e+00
1.225181667655627527e+00 0.000000000000000000e+00
1.240889630923576403e+00 0.000000000000000000e+00
1.256597594191525280e+00 0.000000000000000000e+00
1.272305557459474379e+00 7.340688703414153447e-06
1.288013520727423478e+00 7.340688703414153447e-06
1.303721483995372354e+00 7.340688703414153447e-06
1.319429447263321231e+00 7.340688703414153447e-06
1.335137410531270330e+00 7.340688703414153447e-06
1.350845373799219207e+00 7.340688703414153447e-06
1.366553337067168306e+00 1.468137740682830859e-05
1.382261300335117182e+00 7.340688703414153447e-06
1.397969263603066059e+00 7.340688703414153447e-06
1.413677226871015158e+00 1.468137740682830689e-05
1.429385190138964035e+00 2.202206611024246034e-05
1.445093153406913133e+00 2.202206611024246034e-05
1.460801116674862010e+00 2.202206611024246373e-05
1.476509079942810887e+00 2.936275481365661379e-05
1.492217043210759986e+00 5.138482092389907752e-05
1.507925006478708863e+00 6.606619833072738441e-05
1.523632969746657961e+00 6.606619833072738441e-05
1.539340933014606838e+00 6.606619833072738441e-05
1.555048896282555715e+00 1.027696418477981550e-04
1.570756859550504814e+00 1.321323966614547688e-04
1.586464822818453690e+00 1.394730853648689392e-04
1.602172786086402789e+00 1.394730853648689121e-04
1.617880749354351666e+00 1.614951514751113691e-04
1.633588712622300543e+00 1.614951514751113691e-04
1.649296675890249642e+00 2.275613498058387670e-04
1.665004639158198518e+00 1.981985949921821397e-04
1.680712602426147617e+00 2.495834159160812511e-04
1.696420565694096494e+00 2.789461707297378784e-04
1.712128528962045371e+00 3.156496142468086762e-04
1.727836492229994469e+00 4.404413222048492475e-04
1.743544455497943568e+00 5.725737188663040976e-04
1.759252418765892445e+00 7.120468042311730097e-04
1.774960382033841322e+00 9.102453992233551765e-04
1.790668345301790199e+00 1.057059173291638151e-03
1.806376308569739297e+00 1.277279834394062829e-03
1.822084271837688396e+00 1.636973580861356527e-03
1.837792235105637273e+00 1.996667327328650009e-03
1.853500198373586150e+00 2.444449338236913318e-03
1.869208161641535026e+00 2.914253415255419356e-03
1.884916124909484125e+00 3.479486445418309391e-03
1.900624088177433224e+00 4.264940136683623671e-03
1.916332051445382101e+00 5.087097271466009020e-03
1.932040014713330978e+00 5.843188207917666618e-03
1.947747977981279854e+00 6.951632202133203528e-03
1.963455941249228953e+00 8.126142394679469055e-03
1.979163904517178052e+00 9.366718785556459731e-03
1.994871867785126929e+00 1.061463586513686566e-02
2.010579831053076028e+00 1.235437908784602079e-02
2.026287794321024904e+00 1.436572779258149871e-02
2.041995757588974225e+00 1.629632892157942270e-02
2.057703720856923102e+00 1.821224867317051618e-02
2.073411684124871979e+00 2.006944291513430151e-02
2.089119647392820855e+00 2.172843856210589925e-02
2.104827610660769732e+00 2.388660104090965797e-02
2.120535573928718609e+00 2.517122156400713323e-02
2.136243537196667930e+00 2.636041313396023100e-02
2.151951500464616807e+00 2.713118544781871477e-02
2.167659463732565683e+00 2.789461707297378329e-02
2.183367427000514560e+00 2.807813429055914384e-02
2.199075390268463881e+00 2.808547497926255562e-02
2.214783353536412758e+00 2.719725164614944166e-02
2.230491316804361634e+00 2.638243520007047330e-02
2.246199280072310511e+00 2.528133189455834817e-02
2.261907243340259388e+00 2.386457897479941567e-02
2.277615206608208265e+00 2.237441916800633757e-02
2.293323169876157586e+00 2.109713933361227756e-02
2.309031133144106462e+00 1.970974916866700261e-02
2.324739096412055339e+00 1.856460173093439636e-02
2.340447059680004216e+00 1.733870671746423273e-02
2.356155022947953537e+00 1.614217445880772664e-02
2.371862986215902414e+00 1.529799525791509553e-02
2.387570949483851290e+00 1.420423264110638739e-02
2.403278912751800167e+00 1.340409757243424434e-02
2.418986876019749044e+00 1.275811696653379734e-02
2.434694839287697921e+00 1.217086187026067065e-02
2.450402802555647241e+00 1.193595983175141720e-02
2.466110765823596118e+00 1.162031021750460809e-02
2.481818729091544995e+00 1.174510192546264833e-02
2.497526692359493872e+00 1.170839848194557553e-02
2.513234655627443193e+00 1.176712399157288889e-02
2.528942618895392069e+00 1.179648674638654644e-02
2.544650582163340946e+00 1.207543291711628275e-02
2.560358545431289823e+00 1.222958737988797881e-02
2.576066508699238700e+00 1.255991837154161669e-02
2.591774471967188020e+00 1.286088660838159876e-02
2.607482435235136897e+00 1.324994310966255001e-02
2.623190398503085774e+00 1.355825203520594387e-02
2.638898361771034651e+00 1.396198991389372042e-02
2.654606325038983972e+00 1.411614437666541648e-02
2.670314288306932848e+00 1.416018850888590454e-02
2.686022251574881725e+00 1.412348506536883347e-02
2.701730214842830602e+00 1.410880368796200469e-02
2.717438178110779479e+00 1.382251682852885140e-02
2.733146141378728355e+00 1.340409757243424434e-02
2.748854104646677676e+00 1.290493074060208162e-02
2.764562067914626553e+00 1.237640115395626308e-02
2.780270031182575430e+00 1.183319018990361751e-02
2.795977994450524307e+00 1.084953790364611911e-02
2.811685957718473627e+00 9.880566994795451224e-03
2.827393920986422504e+00 9.087772614826723425e-03
2.843101884254371381e+00 8.052735507645326918e-03
2.858809847522320258e+00 7.135149419718558005e-03
2.874517810790269134e+00 6.019364736799605840e-03
2.890225774058218011e+00 4.918261431287482451e-03
2.905933737326167332e+00 4.176851872242653627e-03
2.921641700594116209e+00 3.295969227832955348e-03
2.937349663862065086e+00 2.385723828609599955e-03
2.953057627130013962e+00 1.820490798446710136e-03
2.968765590397963283e+00 1.299301900504305123e-03
2.984473553665912160e+00 1.013015041071153128e-03
3.000181516933861037e+00 7.267281816380012421e-04
3.015889480201809913e+00 4.771447657219200452e-04
3.031597443469758790e+00 3.450123690604653035e-04
3.047305406737707667e+00 2.789461707297378242e-04
3.063013370005656988e+00 2.055392836955962830e-04
3.078721333273605865e+00 1.614951514751113962e-04
3.094429296541554741e+00 1.174510192546264552e-04
3.110137259809503618e+00 1.101103305512123119e-04
3.125845223077452495e+00 1.541544627716972529e-04
