-3.946724439183105226e-05 0.000000000000000000e+00
1.566849602355713592e-02 0.000000000000000000e+00
3.137645929150609941e-02 0.000000000000000000e+00
4.708442255945507332e-02 0.000000000000000000e+00
6.279238582740404029e-02 0.000000000000000000e+00
7.850034909535300032e-02 0.000000000000000000e+00
9.420831236330196035e-02 0.000000000000000000e+00
1.099162756312509481e-01 0.000000000000000000e+00
1.256242388991999082e-01 0.000000000000000000e+00
1.413322021671488404e-01 0.000000000000000000e+00
1.570401654350978282e-01 0.000000000000000000e+00
1.727481287030468160e-01 0.000000000000000000e+00
1.884560919709957483e-01 0.000000000000000000e+00
2.041640552389447361e-01 0.000000000000000000e+00
2.198720185068937238e-01 0.000000000000000000e+00
2.355799817748426561e-01 0.000000000000000000e+00
2.512879450427916717e-01 0.000000000000000000e+00
2.669959083107406039e-01 0.000000000000000000e+00
2.827038715786895917e-01 0.000000000000000000e+00
2.984118348466385795e-01 0.000000000000000000e+00
3.141197981145875118e-01 0.000000000000000000e+00
3.298277613825364996e-01 0.000000000000000000e+00
3.455357246504854318e-01 0.000000000000000000e+00
3.612436879184344196e-01 0.000000000000000000e+00
3.769516511863834074e-01 0.000000000000000000e+00
3.926596144543323952e-01 0.000000000000000000e+00
4.083675777222813275e-01 0.000000000000000000e+00
4.240755409902303152e-01 0.000000000000000000e+00
4.397835042581792475e-01 0.000000000000000000e+00
4.554914675261282353e-01 0.000000000000000000e+00
4.711994307940772231e-01 0.000000000000000000e+00
4.869073940620261554e-01 0.000000000000000000e+00
5.026153573299750876e-01 0.000000000000000000e+00
5.183233205979241864e-01 0.000000000000000000e+00
5.340312838658730632e-01 0.000000000000000000e+00
5.497392471338219400e-01 0.000000000000000000e+00
5.654472104017710388e-01 0.000000000000000000e+00
5.811551736697199155e-01 0.000000000000000000e+00
5.968631369376690143e-01 0.000000000000000000e+00
6.125711002056178911e-01 0.000000000000000000e+00
6.282790634735667679e-01 0.000000000000000000e+00
6.439870267415158667e-01 0.000000000000000000e+00
6.596949900094647434e-01 0.000000000000000000e+00
6.754029532774138422e-01 0.000000000000000000e+00
6.911109165453627190e-01 0.000000000000000000e+00
7.068188798133117068e-01 0.000000000000000000e+00
7.225268430812606946e-01 0.000000000000000000e+00
7.382348063492095713e-01 0.000000000000000000e+00
7.539427696171586701e-01 0.000000000000000000e+00
7.696507328851075469e-01 0.000000000000000000e+00
7.853586961530565347e-01 0.000000000000000000e+00
8.010666594210055225e-01 0.000000000000000000e+00
8.167746226889543992e-01 0.000000000000000000e+00
8.324825859569034980e-01 0.000000000000000000e+00
8.481905492248523748e-01 0.000000000000000000e+00
8.638985124928014736e-01 0.000000000000000000e+00
8.796064757607503504e-01 0.000000000000000000e+00
8.953144390286992271e-01 0.000000000000000000e+00
9.110224022966483259e-01 0.000000000000000000e+00
9.267303655645972027e-01 0.000000000000000000e+00
9.424383288325463015e-01 0.000000000000000000e+00
9.581462921004951783e-01 0.000000000000000000e+00
9.738542553684440550e-01 0.000000000000000000e+00
9.895622186363931538e-01 0.000000000000000000e+00
1.005270181904341920e+00 0.000000000000000000e+00
1.020978145172290796e+00 0.000000000000000000e+00
1.036686108440239895e+00 0.000000000000000000e+00
1.052394071708188994e+00 0.000000000000000000e+00
1.068102034976137871e+00 0.000000000000000000e+00
1.083809998244086747e+00 7.340688703414153447e-06
1.099517961512035624e+00 7.340688703414153447e-06
1.115225924779984723e+00 7.340688703414153447e-06
1.130933888047933822e+00 7.340688703414153447e-06
1.146641851315882699e+00 7.340688703414153447e-06
1.162349814583831575e+00 7.340688703414153447e-06
1.178057777851780452e+00 7.340688703414155141e-06
1.193765741119729551e+00 0.000000000000000000e+00
1.209473704387678650e+00 0.000000000000000000e+00
1.225181667655627527e+00 0.000000000000000000e+00
1.240889630923576403e+00 0.000000000000000000e+00
1.256597594191525280e+00 0.000000000000000000e+00
1.272305557459474379e+00 0.000000000000000000e+00
1.288013520727423478e+00 7.340688703414153447e-06
1.303721483995372354e+00 7.340688703414153447e-06
1.319429447263321231e+00 7.340688703414153447e-06
1.335137410531270330e+00 7.340688703414153447e-06
1.350845373799219207e+00 7.340688703414153447e-06
1.366553337067168306e+00 7.340688703414153447e-06
1.382261300335117182e+00 1.468137740682830859e-05
1.397969263603066059e+00 1.468137740682830689e-05
1.413677226871015158e+00 2.936275481365661379e-05
1.429385190138964035e+00 4.404413222048492068e-05
1.445093153406913133e+00 5.872550962731322758e-05
1.460801116674862010e+00 5.872550962731322758e-05
1.476509079942810887e+00 5.872550962731322758e-05
1.492217043210759986e+00 5.138482092389907752e-05
1.507925006478708863e+00 5.872550962731323435e-05
1.523632969746657961e+00 5.872550962731323435e-05
1.539340933014606838e+00 4.404413222048492746e-05
1.555048896282555715e+00 4.404413222048492068e-05
1.570756859550504814e+00 5.872550962731322758e-05
1.586464822818453690e+00 6.606619833072738441e-05
1.602172786086402789e+00 8.074757573755568453e-05
1.617880749354351666e+00 7.340688703414155480e-05
1.633588712622300543e+00 8.074757573755568453e-05
1.649296675890249642e+00 8.808826444096984137e-05
1.665004639158198518e+00 8.808826444096985492e-05
1.680712602426147617e+00 1.101103305512123119e-04
1.696420565694096494e+00 1.908579062887680235e-04
1.712128528962045371e+00 2.275613498058387941e-04
1.727836492229994469e+00 3.083089255433945058e-04
1.743544455497943568e+00 3.596937464672935359e-04
1.759252418765892445e+00 4.404413222048492475e-04
1.774960382033841322e+00 5.432109640526475245e-04
1.790668345301790199e+00 7.047061155277588394e-04
1.806376308569739297e+00 8.735419557062843246e-04
1.822084271837688396e+00 1.057059173291637934e-03
1.837792235105637273e+00 1.291961211800891169e-03
1.853500198373586150e+00 1.651654958268184651e-03
1.869208161641535026e+00 2.136140412693518596e-03
1.884916124909484125e+00 2.672010688042751950e-03
1.900624088177433224e+00 3.112452010247601306e-03
1.916332051445382101e+00 3.780454682258289293e-03
1.932040014713330978e+00 4.661337326667987571e-03
1.947747977981279854e+00 5.659670990332313009e-03
1.963455941249228953e+00 6.819499805471749762e-03
1.979163904517178052e+00 8.221571347823853487e-03
1.994871867785126929e+00 9.741093909430582204e-03
2.010579831053076028e+00 1.150285919824997963e-02
2.026287794321024904e+00 1.342611963854448837e-02
2.041995757588974225e+00 1.478414704867610577e-02
2.057703720856923102e+00 1.642112062953746121e-02
2.073411684124871979e+00 1.805809421039881665e-02
2.089119647392820855e+00 1.965836434774310276e-02
2.104827610660769732e+00 2.135406343823177330e-02
2.120535573928718609e+00 2.283688255632143269e-02
2.136243537196667930e+00 2.420959134385988060e-02
2.151951500464616807e+00 2.569975115065295523e-02
2.167659463732565683e+00 2.656595241765582691e-02
2.183367427000514560e+00 2.742481299595528332e-02
2.199075390268463881e+00 2.741013161854845281e-02
2.214783353536412758e+00 2.709448200430164544e-02
2.230491316804361634e+00 2.657329310635924216e-02
2.246199280072310511e+00 2.545016773473687474e-02
2.261907243340259388e+00 2.463535128865789944e-02
2.277615206608208265e+00 2.374712795554478895e-02
2.293323169876157586e+00 2.238910054541317154e-02
2.309031133144106462e+00 2.137608550434201907e-02
2.324739096412055339e+00 2.017221255698209426e-02
2.340447059680004216e+00 1.925462646905532621e-02
2.356155022947953537e+00 1.816086385224661634e-02
2.371862986215902414e+00 1.697901297099693729e-02
2.387570949483851290e+00 1.610547101529065384e-02
2.403278912751800167e+00 1.525395112569461267e-02
2.418986876019749044e+00 1.441711261350539855e-02
2.434694839287697921e+00 1.401337473481762200e-02
2.450402802555647241e+00 1.355825203520594213e-02
2.466110765823596118e+00 1.343346032724790362e-02
2.481818729091544995e+00 1.341143826113766133e-02
2.497526692359493872e+00 1.349218583687521698e-02
2.513234655627443193e+00 1.344080101595131541e-02
2.528942618895392069e+00 1.349952652557862877e-02
2.544650582163340946e+00 1.362431823353666901e-02
2.560358545431289823e+00 1.386656096074933599e-02
2.576066508699238700e+00 1.401337473481762026e-02
2.591774471967188020e+00 1.450520087794636773e-02
2.607482435235136897e+00 1.453456363276002354e-02
2.623190398503085774e+00 1.504841184199901503e-02
2.638898361771034651e+00 1.539342421105947996e-02
2.654606325038983972e+00 1.535672076754240889e-02
2.670314288306932848e+00 1.537140214494923940e-02
2.686022251574881725e+00 1.523926974828778390e-02
2.701730214842830602e+00 1.474744360515903470e-02
2.717438178110779479e+00 1.438774985869174100e-02
2.733146141378728355e+00 1.349218583687521525e-02
2.748854104646677676e+00 1.283886454227135647e-02
2.764562067914626553e+00 1.219288393637090948e-02
2.780270031182575430e+00 1.113582476307927241e-02
2.795977994450524307e+00 1.015951316552518927e-02
2.811685957718473627e+00 8.999684350385752513e-03
2.827393920986422504e+00 7.905921733577042643e-03
2.843101884254371381e+00 7.032379777870759185e-03
2.858809847522320258e+00 5.982661293282536506e-03
2.874517810790269134e+00 4.925602119990896838e-03
2.890225774058218011e+00 3.993334654657300017e-03
2.905933737326167332e+00 3.310650605239783689e-03
2.921641700594116209e+00 2.613285178415439454e-03
2.937349663862065086e+00 2.011348704735478349e-03
2.953057627130013962e+00 1.526863250310144188e-03
2.968765590397963283e+00 1.167169503842850273e-03
2.984473553665912160e+00 9.102453992233551765e-04
3.000181516933861037e+00 6.826840494175164366e-04
3.015889480201809913e+00 4.624633883150917044e-04
3.031597443469758790e+00 3.743751238741218766e-04
3.047305406737707667e+00 2.642647933229095377e-04
3.063013370005656988e+00 1.761765288819397098e-04
3.078721333273605865e+00 1.247917079580406255e-04
3.094429296541554741e+00 5.138482092389908430e-05
3.110137259809503618e+00 2.936275481365661718e-05
3.125845223077452495e+00 1.468137740682830689e-05
