7.853981633974483484e-03 0.000000000000000000e+00
2.356194490192345045e-02 0.000000000000000000e+00
3.926990816987241395e-02 0.000000000000000000e+00
5.497787143782138786e-02 0.000000000000000000e+00
7.068583470577034789e-02 0.000000000000000000e+00
8.639379797371932179e-02 0.000000000000000000e+00
1.021017612416682818e-01 0.000000000000000000e+00
1.178097245096172557e-01 0.000000000000000000e+00
1.335176877775662296e-01 0.000000000000000000e+00
1.492256510455151619e-01 0.000000000000000000e+00
1.649336143134641497e-01 0.000000000000000000e+00
1.806415775814131375e-01 0.000000000000000000e+00
1.963495408493620697e-01 0.000000000000000000e+00
2.120575041173110575e-01 0.000000000000000000e+00
2.277654673852600453e-01 0.000000000000000000e+00
2.434734306532089776e-01 0.000000000000000000e+00
2.591813939211579654e-01 0.000000000000000000e+00
2.748893571891068976e-01 0.000000000000000000e+00
2.905973204570558854e-01 0.000000000000000000e+00
3.063052837250048732e-01 0.000000000000000000e+00
3.220132469929538055e-01 0.000000000000000000e+00
3.377212102609027933e-01 0.000000000000000000e+00
3.534291735288517255e-01 0.000000000000000000e+00
3.691371367968007133e-01 0.000000000000000000e+00
3.848451000647497011e-01 0.000000000000000000e+00
4.005530633326986889e-01 0.000000000000000000e+00
4.162610266006476212e-01 0.000000000000000000e+00
4.319689898685966090e-01 0.000000000000000000e+00
4.476769531365455412e-01 0.000000000000000000e+00
4.633849164044945290e-01 0.000000000000000000e+00
4.790928796724435168e-01 0.000000000000000000e+00
4.948008429403924491e-01 0.000000000000000000e+00
5.105088062083413813e-01 0.000000000000000000e+00
5.262167694762904802e-01 0.000000000000000000e+00
5.419247327442393569e-01 0.000000000000000000e+00
5.576326960121882337e-01 0.000000000000000000e+00
5.733406592801373325e-01 0.000000000000000000e+00
5.890486225480862092e-01 0.000000000000000000e+00
6.047565858160353081e-01 0.000000000000000000e+00
6.204645490839841848e-01 0.000000000000000000e+00
6.361725123519330616e-01 0.000000000000000000e+00
6.518804756198821604e-01 0.000000000000000000e+00
6.675884388878310371e-01 0.000000000000000000e+00
6.832964021557801360e-01 0.000000000000000000e+00
6.990043654237290127e-01 0.000000000000000000e+00
7.147123286916780005e-01 0.000000000000000000e+00
7.304202919596269883e-01 0.000000000000000000e+00
7.461282552275758650e-01 0.000000000000000000e+00
7.618362184955249639e-01 0.000000000000000000e+00
7.775441817634738406e-01 0.000000000000000000e+00
7.932521450314228284e-01 0.000000000000000000e+00
8.089601082993718162e-01 0.000000000000000000e+00
8.246680715673206929e-01 0.000000000000000000e+00
8.403760348352697918e-01 0.000000000000000000e+00
8.560839981032186685e-01 0.000000000000000000e+00
8.717919613711677673e-01 0.000000000000000000e+00
8.874999246391166441e-01 0.000000000000000000e+00
9.032078879070655208e-01 0.000000000000000000e+00
9.189158511750146197e-01 0.000000000000000000e+00
9.346238144429634964e-01 0.000000000000000000e+00
9.503317777109125952e-01 0.000000000000000000e+00
9.660397409788614720e-01 0.000000000000000000e+00
9.817477042468103487e-01 0.000000000000000000e+00
9.974556675147594476e-01 0.000000000000000000e+00
1.013163630782708324e+00 0.000000000000000000e+00
1.028871594050657201e+00 0.000000000000000000e+00
1.044579557318606300e+00 0.000000000000000000e+00
1.060287520586555399e+00 0.000000000000000000e+00
1.075995483854504275e+00 0.000000000000000000e+00
1.091703447122453152e+00 0.000000000000000000e+00
1.107411410390402029e+00 0.000000000000000000e+00
1.123119373658351128e+00 0.000000000000000000e+00
1.138827336926300227e+00 0.000000000000000000e+00
1.154535300194249103e+00 0.000000000000000000e+00
1.170243263462197980e+00 0.000000000000000000e+00
1.185951226730146857e+00 0.000000000000000000e+00
1.201659189998095956e+00 0.000000000000000000e+00
1.217367153266045054e+00 0.000000000000000000e+00
1.233075116533993931e+00 0.000000000000000000e+00
1.248783079801942808e+00 0.000000000000000000e+00
1.264491043069891685e+00 0.000000000000000000e+00
1.280199006337840784e+00 0.000000000000000000e+00
1.295906969605789882e+00 0.000000000000000000e+00
1.311614932873738759e+00 0.000000000000000000e+00
1.327322896141687636e+00 0.000000000000000000e+00
1.343030859409636735e+00 0.000000000000000000e+00
1.358738822677585611e+00 0.000000000000000000e+00
1.374446785945534710e+00 1.505264663159400002e-06
1.390154749213483587e+00 1.505264663159400002e-06
1.405862712481432464e+00 3.010529326318800003e-06
1.421570675749381563e+00 6.021058652637600006e-06
1.437278639017330439e+00 7.526323315796999796e-06
1.452986602285279538e+00 1.204211730527520001e-05
1.468694565553228415e+00 1.354738196843459980e-05
1.484402528821177292e+00 1.956844062107220065e-05
1.500110492089126391e+00 2.558949927370980320e-05
1.515818455357075267e+00 2.860002860002859601e-05
1.531526418625024366e+00 2.709476393686919960e-05
1.547234381892973243e+00 3.763161657898500491e-05
1.562942345160922120e+00 4.064214590530379771e-05
1.578650308428871218e+00 5.117899854741960640e-05
1.594358271696820095e+00 6.021058652637599837e-05
1.610066234964769194e+00 6.171585118953540154e-05
1.625774198232718071e+00 8.128429181060759542e-05
1.641482161500666948e+00 9.332640911588280729e-05
1.657190124768616046e+00 1.144001144001144111e-04
1.672898088036564923e+00 1.399896136738242177e-04
1.688606051304514022e+00 1.700949069370121729e-04
1.704314014572462899e+00 2.272949641370693716e-04
1.720021977840411775e+00 2.829897566739672282e-04
1.735729941108360874e+00 3.055687266213582285e-04
1.751437904376309973e+00 3.432003432003431927e-04
1.767145867644258850e+00 4.019056650635598150e-04
1.782853830912207727e+00 4.545899282741388517e-04
1.798561794180156603e+00 5.328636907584276272e-04
1.814269757448105702e+00 5.975900712742818893e-04
1.829977720716054801e+00 7.029585976954398543e-04
1.845685683984003678e+00 9.197167091903933698e-04
1.861393647251952554e+00 1.124432703380071714e-03
1.877101610519901431e+00 1.357748726169778807e-03
1.892809573787850530e+00 1.612138454243717449e-03
1.908517537055799629e+00 1.905665063559800615e-03
1.924225500323748506e+00 2.217254848833795887e-03
1.939933463591697382e+00 2.599592073276283874e-03
1.955641426859646259e+00 3.103855735434682753e-03
1.971349390127595358e+00 3.644245749508907145e-03
1.987057353395544457e+00 4.347204347204347216e-03
2.002765316663493333e+00 5.057689268215584052e-03
2.018473279931442210e+00 5.957837536784905269e-03
2.034181243199391087e+00 7.073238652186020388e-03
2.049889206467340408e+00 7.946292156818472036e-03
2.065597169735289285e+00 9.061693272219588022e-03
2.081305133003238161e+00 1.035170508854719312e-02
2.097013096271187038e+00 1.155441155441155540e-02
2.112721059539135915e+00 1.311687627477101104e-02
2.128429022807084792e+00 1.455289876342507824e-02
2.144136986075034113e+00 1.606117395591079994e-02
2.159844949342982989e+00 1.761009129430182035e-02
2.175552912610931866e+00 1.934114565693512838e-02
2.191260875878880743e+00 2.095930516983148320e-02
2.206968839146830064e+00 2.232759074864337778e-02
2.222676802414778940e+00 2.372297109139213933e-02
2.238384765682727817e+00 2.498137234979340079e-02
2.254092728950676694e+00 2.601849970271022383e-02
2.269800692218625571e+00 2.676511097563729139e-02
2.285508655486574447e+00 2.720163772795351417e-02
2.301216618754523768e+00 2.735969051758525145e-02
2.316924582022472645e+00 2.731904837167994926e-02
2.332632545290421522e+00 2.702853229169018684e-02
2.348340508558370399e+00 2.633310001731054700e-02
2.364048471826319719e+00 2.539080433817275662e-02
2.379756435094268596e+00 2.445452971768761335e-02
2.395464398362217473e+00 2.326838116311800292e-02
2.411172361630166350e+00 2.194224299487457230e-02
2.426880324898115227e+00 2.066878908984172078e-02
2.442588288166064103e+00 1.926437715911399895e-02
2.458296251434013424e+00 1.820467083624978041e-02
2.474004214701962301e+00 1.695078537183800430e-02
2.489712177969911178e+00 1.623879518616360568e-02
2.505420141237860054e+00 1.523779418516260642e-02
2.521128104505809375e+00 1.466880414248835328e-02
2.536836067773758252e+00 1.396584554479291321e-02
2.552544031041707129e+00 1.344502397133975902e-02
2.568251994309656006e+00 1.284291810607600046e-02
2.583959957577604882e+00 1.238832817780186057e-02
2.599667920845554203e+00 1.189460136828557855e-02
2.615375884113503080e+00 1.172751699067488620e-02
2.631083847381451957e+00 1.136474820685346929e-02
2.646791810649400833e+00 1.123379018115860072e-02
2.662499773917350154e+00 1.103660051028472130e-02
2.678207737185299031e+00 1.093424251318988148e-02
2.693915700453247908e+00 1.088607404396877906e-02
2.709623663721196785e+00 1.091918986655828795e-02
2.725331626989145661e+00 1.084844242738979697e-02
2.741039590257094538e+00 1.097036886510570700e-02
2.756747553525043859e+00 1.092220039588460631e-02
2.772455516792992736e+00 1.099294783505309729e-02
2.788163480060941612e+00 1.104262156893735802e-02
2.803871443328890489e+00 1.101101101101101092e-02
2.819579406596839810e+00 1.091918986655828622e-02
2.835287369864788687e+00 1.074608443029495715e-02
2.850995333132737564e+00 1.033063138326296114e-02
2.866703296400686440e+00 1.033815770657875964e-02
2.882411259668635317e+00 9.845936161725635932e-03
2.898119222936584194e+00 9.407904144746249628e-03
2.913827186204533515e+00 8.987935303724778682e-03
2.929535149472482392e+00 8.405397879082090323e-03
2.945243112740431268e+00 7.839418365734153807e-03
2.960951076008380145e+00 7.124417650733440299e-03
2.976659039276329466e+00 6.362753731174783552e-03
2.992367002544278343e+00 5.790753159174212052e-03
3.008074965812227219e+00 5.054678738889264826e-03
3.023782929080176096e+00 4.401393875078085487e-03
3.039490892348124973e+00 3.698435277382645416e-03
3.055198855616073850e+00 2.986445091708249400e-03
3.070906818884023171e+00 2.500244605507763278e-03
3.086614782151972047e+00 1.898138740244003416e-03
3.102322745419920924e+00 1.405917195390879492e-03
3.118030708687869801e+00 1.156043261306419255e-03
3.133738671955818678e+00 1.082285292811608615e-03
