-3.946724439183105226e-05 0.000000000000000000e+00
1.566849602355713592e-02 0.000000000000000000e+00
3.137645929150609941e-02 0.000000000000000000e+00
4.708442255945507332e-02 0.000000000000000000e+00
6.279238582740404029e-02 0.000000000000000000e+00
7.850034909535300032e-02 0.000000000000000000e+00
9.420831236330196035e-02 0.000000000000000000e+00
1.099162756312509481e-01 0.000000000000000000e+00
1.256242388991999082e-01 0.000000000000000000e+00
1.413322021671488404e-01 0.000000000000000000e+00
1.570401654350978282e-01 0.000000000000000000e+00
1.727481287030468160e-01 0.000000000000000000e+00
1.884560919709957483e-01 0.000000000000000000e+00
2.041640552389447361e-01 0.000000000000000000e+00
2.198720185068937238e-01 0.000000000000000000e+00
2.355799817748426561e-01 0.000000000000000000e+00
2.512879450427916717e-01 0.000000000000000000e+00
2.669959083107406039e-01 0.000000000000000000e+00
2.827038715786895917e-01 0.000000000000000000e+00
2.984118348466385795e-01 0.000000000000000000e+00
3.141197981145875118e-01 0.000000000000000000e+00
3.298277613825364996e-01 0.000000000000000000e+00
3.455357246504854318e-01 0.000000000000000000e+00
3.612436879184344196e-01 0.000000000000000000e+00
3.769516511863834074e-01 0.000000000000000000e+00
3.926596144543323952e-01 0.000000000000000000e+00
4.083675777222813275e-01 0.000000000000000000e+00
4.240755409902303152e-01 0.000000000000000000e+00
4.397835042581792475e-01 0.000000000000000000e+00
4.554914675261282353e-01 0.000000000000000000e+00
4.711994307940772231e-01 0.000000000000000000e+00
4.869073940620261554e-01 0.000000000000000000e+00
5.026153573299750876e-01 0.000000000000000000e+00
5.183233205979241864e-01 0.000000000000000000e+00
5.340312838658730632e-01 0.000000000000000000e+00
5.497392471338219400e-01 0.000000000000000000e+00
5.654472104017710388e-01 0.000000000000000000e+00
5.811551736697199155e-01 0.000000000000000000e+00
5.968631369376690143e-01 0.000000000000000000e+00
6.125711002056178911e-01 0.000000000000000000e+00
6.282790634735667679e-01 0.000000000000000000e+00
6.439870267415158667e-01 0.000000000000000000e+00
6.596949900094647434e-01 0.000000000000000000e+00
6.754029532774138422e-01 0.000000000000000000e+00
6.911109165453627190e-01 0.000000000000000000e+00
7.068188798133117068e-01 0.000000000000000000e+00
7.225268430812606946e-01 0.000000000000000000e+00
7.382348063492095713e-01 0.000000000000000000e+00
7.539427696171586701e-01 0.000000000000000000e+00
7.696507328851075469e-01 0.000000000000000000e+00
7.853586961530565347e-01 0.000000000000000000e+00
8.010666594210055225e-01 0.000000000000000000e+00
8.167746226889543992e-01 0.000000000000000000e+00
8.324825859569034980e-01 0.000000000000000000e+00
8.481905492248523748e-01 0.000000000000000000e+00
8.638985124928014736e-01 0.000000000000000000e+00
8.796064757607503504e-01 0.000000000000000000e+00
8.953144390286992271e-01 0.000000000000000000e+00
9.110224022966483259e-01 0.000000000000000000e+00
9.267303655645972027e-01 0.000000000000000000e+00
9.424383288325463015e-01 0.000000000000000000e+00
9.581462921004951783e-01 0.000000000000000000e+00
9.738542553684440550e-01 0.000000000000000000e+00
9.895622186363931538e-01 0.000000000000000000e+00
1.005270181904341920e+00 0.000000000000000000e+00
1.020978145172290796e+00 0.000000000000000000e+00
1.036686108440239895e+00 0.000000000000000000e+00
1.052394071708188994e+00 0.000000000000000000e+00
1.068102034976137871e+00 0.000000000000000000e+00
1.083809998244086747e+00 0.000000000000000000e+00
1.099517961512035624e+00 0.000000000000000000e+00
1.115225924779984723e+00 0.000000000000000000e+00
1.130933888047933822e+00 0.000000000000000000e+00
1.146641851315882699e+00 0.000000000000000000e+00
1.162349814583831575e+00 0.000000000000000000e+00
1.178057777851780452e+00 0.000000000000000000e+00
1.193765741119729551e+00 0.000000000000000000e+00
1.209473704387678650e+00 0.000000000000000000e+00
1.225181667655627527e+00 0.000000000000000000e+00
1.240889630923576403e+00 0.000000000000000000e+00
1.256597594191525280e+00 0.000000000000000000e+00
1.272305557459474379e+00 0.000000000000000000e+00
1.288013520727423478e+00 0.000000000000000000e+00
1.303721483995372354e+00 0.000000000000000000e+00
1.319429447263321231e+00 0.000000000000000000e+00
1.335137410531270330e+00 0.000000000000000000e+00
1.350845373799219207e+00 0.000000000000000000e+00
1.366553337067168306e+00 0.000000000000000000e+00
1.382261300335117182e+00 0.000000000000000000e+00
1.397969263603066059e+00 7.340688703414153447e-06
1.413677226871015158e+00 7.340688703414153447e-06
1.429385190138964035e+00 1.468137740682830689e-05
1.445093153406913133e+00 2.202206611024246034e-05
1.460801116674862010e+00 4.404413222048492746e-05
1.476509079942810887e+00 4.404413222048492746e-05
1.492217043210759986e+00 5.138482092389908430e-05
1.507925006478708863e+00 5.872550962731323435e-05
1.523632969746657961e+00 8.074757573755569808e-05
1.539340933014606838e+00 8.808826444096985492e-05
1.555048896282555715e+00 8.074757573755571164e-05
1.570756859550504814e+00 8.074757573755569808e-05
1.586464822818453690e+00 9.542895314438399820e-05
1.602172786086402789e+00 8.808826444096985492e-05
1.617880749354351666e+00 9.542895314438399820e-05
1.633588712622300543e+00 1.174510192546264687e-04
1.649296675890249642e+00 1.394730853648689392e-04
1.665004639158198518e+00 2.495834159160812511e-04
1.680712602426147617e+00 2.936275481365661650e-04
1.696420565694096494e+00 4.257599447980209067e-04
1.712128528962045371e+00 5.065075205355765641e-04
1.727836492229994469e+00 6.166178510867889031e-04
1.743544455497943568e+00 7.560909364516578152e-04
1.759252418765892445e+00 9.102453992233550681e-04
1.774960382033841322e+00 9.909929749609108340e-04
1.790668345301790199e+00 1.291961211800891169e-03
1.806376308569739297e+00 1.504841184199901460e-03
1.822084271837688396e+00 1.710380467895497797e-03
1.837792235105637273e+00 2.114118346583276301e-03
1.853500198373586150e+00 2.488493470457398341e-03
1.869208161641535026e+00 3.046385811916873989e-03
1.884916124909484125e+00 3.501508511528551686e-03
1.900624088177433224e+00 4.059400852988027768e-03
1.916332051445382101e+00 5.028371761838695657e-03
1.932040014713330978e+00 6.217563331791788224e-03
1.947747977981279854e+00 7.171852863235628206e-03
1.963455941249228953e+00 8.449132697629689950e-03
1.979163904517178052e+00 9.719071843320339910e-03
1.994871867785126929e+00 1.112848407437585715e-02
2.010579831053076028e+00 1.302972244856012360e-02
2.026287794321024904e+00 1.479882842608293281e-02
2.041995757588974225e+00 1.652389027138526090e-02
2.057703720856923102e+00 1.854257966482415060e-02
2.073411684124871979e+00 2.066403870011084346e-02
2.089119647392820855e+00 2.207345093116636070e-02
2.104827610660769732e+00 2.411416239071549616e-02
2.120535573928718609e+00 2.525196913974469062e-02
2.136243537196667930e+00 2.648520484191826951e-02
2.151951500464616807e+00 2.713118544781871477e-02
2.167659463732565683e+00 2.774780329890550595e-02
2.183367427000514560e+00 2.751290126039625250e-02
2.199075390268463881e+00 2.763769296835429101e-02
2.214783353536412758e+00 2.718991095744602293e-02
2.230491316804361634e+00 2.651456759673192359e-02
2.246199280072310511e+00 2.528133189455834817e-02
2.261907243340259388e+00 2.400405206016428469e-02
2.277615206608208265e+00 2.227164952615854482e-02
2.293323169876157586e+00 2.089894073862009344e-02
2.309031133144106462e+00 1.972443054607382965e-02
2.324739096412055339e+00 1.810947903132271650e-02
2.340447059680004216e+00 1.670740748897061451e-02
2.356155022947953537e+00 1.572375520271311611e-02
2.371862986215902414e+00 1.471808085034537888e-02
2.387570949483851290e+00 1.415284782018248928e-02
2.403278912751800167e+00 1.356559272390935739e-02
2.418986876019749044e+00 1.275811696653380081e-02
2.434694839287697921e+00 1.245714872969381874e-02
2.450402802555647241e+00 1.244246735228698997e-02
2.466110765823596118e+00 1.195064120915824250e-02
2.481818729091544995e+00 1.209011429452311152e-02
2.497526692359493872e+00 1.187723432212410037e-02
2.513234655627443193e+00 1.198734465267531357e-02
2.528942618895392069e+00 1.220756531377773652e-02
2.544650582163340946e+00 1.228097220081188039e-02
2.560358545431289823e+00 1.234703839914260554e-02
2.576066508699238700e+00 1.242778597488016466e-02
2.591774471967188020e+00 1.267002870209282990e-02
2.607482435235136897e+00 1.310312933559426574e-02
2.623190398503085774e+00 1.334537206280693271e-02
2.638898361771034651e+00 1.369772512057081115e-02
2.654606325038983972e+00 1.405007817833469133e-02
2.670314288306932848e+00 1.410880368796200469e-02
2.686022251574881725e+00 1.430700228295418534e-02
2.701730214842830602e+00 1.422625470721662969e-02
2.717438178110779479e+00 1.398401198000396445e-02
2.733146141378728355e+00 1.352888928039228805e-02
2.748854104646677676e+00 1.289759005189866810e-02
2.764562067914626553e+00 1.214883980415042489e-02
2.780270031182575430e+00 1.141477093380900872e-02
2.795977994450524307e+00 1.047516277977199838e-02
2.811685957718473627e+00 9.352037408149632691e-03
2.827393920986422504e+00 8.427110631519449391e-03
2.843101884254371381e+00 7.296644571193670187e-03
2.858809847522320258e+00 6.276288841419102454e-03
2.874517810790269134e+00 5.285295866458191404e-03
2.890225774058218011e+00 4.338347023717764941e-03
2.905933737326167332e+00 3.751091927444632178e-03
2.921641700594116209e+00 3.207880963391985737e-03
2.937349663862065086e+00 2.451790026940327705e-03
2.953057627130013962e+00 1.996667327328650009e-03
2.968765590397963283e+00 1.570907382530628994e-03
2.984473553665912160e+00 1.189191569953093001e-03
3.000181516933861037e+00 9.029047105199408977e-04
3.015889480201809913e+00 5.505516527560615865e-04
3.031597443469758790e+00 3.523530577638794197e-04
3.047305406737707667e+00 2.349020385092529374e-04
3.063013370005656988e+00 1.614951514751113962e-04
3.078721333273605865e+00 9.542895314438401176e-05
3.094429296541554741e+00 5.872550962731324113e-05
3.110137259809503618e+00 3.670344351707077062e-05
3.125845223077452495e+00 1.468137740682830689e-05
