-3.946724439183105226e-05 0.000000000000000000e+00
1.566849602355713592e-02 0.000000000000000000e+00
3.137645929150609941e-02 0.000000000000000000e+00
4.708442255945507332e-02 0.000000000000000000e+00
6.279238582740404029e-02 0.000000000000000000e+00
7.850034909535300032e-02 0.000000000000000000e+00
9.420831236330196035e-02 0.000000000000000000e+00
1.099162756312509481e-01 0.000000000000000000e+00
1.256242388991999082e-01 0.000000000000000000e+00
1.413322021671488404e-01 0.000000000000000000e+00
1.570401654350978282e-01 0.000000000000000000e+00
1.727481287030468160e-01 0.000000000000000000e+00
1.884560919709957483e-01 0.000000000000000000e+00
2.041640552389447361e-01 0.000000000000000000e+00
2.198720185068937238e-01 0.000000000000000000e+00
2.355799817748426561e-01 0.000000000000000000e+00
2.512879450427916717e-01 0.000000000000000000e+00
2.669959083107406039e-01 1.506772944385010507e-05
2.827038715786895917e-01 1.506772944385010507e-05
2.984118348466385795e-01 1.506772944385010507e-05
3.141197981145875118e-01 1.506772944385010507e-05
3.298277613825364996e-01 1.506772944385010507e-05
3.455357246504854318e-01 1.506772944385010507e-05
3.612436879184344196e-01 1.506772944385010846e-05
3.769516511863834074e-01 0.000000000000000000e+00
3.926596144543323952e-01 0.000000000000000000e+00
4.083675777222813275e-01 0.000000000000000000e+00
4.240755409902303152e-01 0.000000000000000000e+00
4.397835042581792475e-01 0.000000000000000000e+00
4.554914675261282353e-01 0.000000000000000000e+00
4.711994307940772231e-01 0.000000000000000000e+00
4.869073940620261554e-01 0.000000000000000000e+00
5.026153573299750876e-01 0.000000000000000000e+00
5.183233205979241864e-01 0.000000000000000000e+00
5.340312838658730632e-01 0.000000000000000000e+00
5.497392471338219400e-01 0.000000000000000000e+00
5.654472104017710388e-01 0.000000000000000000e+00
5.811551736697199155e-01 0.000000000000000000e+00
5.968631369376690143e-01 0.000000000000000000e+00
6.125711002056178911e-01 0.000000000000000000e+00
6.282790634735667679e-01 0.000000000000000000e+00
6.439870267415158667e-01 0.000000000000000000e+00
6.596949900094647434e-01 0.000000000000000000e+00
6.754029532774138422e-01 0.000000000000000000e+00
6.911109165453627190e-01 0.000000000000000000e+00
7.068188798133117068e-01 0.000000000000000000e+00
7.225268430812606946e-01 0.000000000000000000e+00
7.382348063492095713e-01 0.000000000000000000e+00
7.539427696171586701e-01 0.000000000000000000e+00
7.696507328851075469e-01 0.000000000000000000e+00
7.853586961530565347e-01 0.000000000000000000e+00
8.010666594210055225e-01 0.000000000000000000e+00
8.167746226889543992e-01 0.000000000000000000e+00
8.324825859569034980e-01 0.000000000000000000e+00
8.481905492248523748e-01 0.000000000000000000e+00
8.638985124928014736e-01 0.000000000000000000e+00
8.796064757607503504e-01 0.000000000000000000e+00
8.953144390286992271e-01 0.000000000000000000e+00
9.110224022966483259e-01 0.000000000000000000e+00
9.267303655645972027e-01 0.000000000000000000e+00
9.424383288325463015e-01 0.000000000000000000e+00
9.581462921004951783e-01 0.000000000000000000e+00
9.738542553684440550e-01 0.000000000000000000e+00
9.895622186363931538e-01 0.000000000000000000e+00
1.005270181904341920e+00 0.000000000000000000e+00
1.020978145172290796e+00 0.000000000000000000e+00
1.036686108440239895e+00 0.000000000000000000e+00
1.052394071708188994e+00 0.000000000000000000e+00
1.068102034976137871e+00 0.000000000000000000e+00
1.083809998244086747e+00 0.000000000000000000e+00
1.099517961512035624e+00 0.000000000000000000e+00
1.115225924779984723e+00 0.000000000000000000e+00
1.130933888047933822e+00 0.000000000000000000e+00
1.146641851315882699e+00 0.000000000000000000e+00
1.162349814583831575e+00 0.000000000000000000e+00
1.178057777851780452e+00 1.506772944385010507e-05
1.193765741119729551e+00 1.506772944385010507e-05
1.209473704387678650e+00 1.506772944385010507e-05
1.225181667655627527e+00 1.506772944385010507e-05
1.240889630923576403e+00 1.506772944385010507e-05
1.256597594191525280e+00 1.506772944385010507e-05
1.272305557459474379e+00 1.506772944385010846e-05
1.288013520727423478e+00 0.000000000000000000e+00
1.303721483995372354e+00 0.000000000000000000e+00
1.319429447263321231e+00 1.506772944385010507e-05
1.335137410531270330e+00 1.506772944385010507e-05
1.350845373799219207e+00 1.506772944385010507e-05
1.366553337067168306e+00 3.013545888770021014e-05
1.382261300335117182e+00 3.013545888770021014e-05
1.397969263603066059e+00 3.013545888770021014e-05
1.413677226871015158e+00 3.013545888770021353e-05
1.429385190138964035e+00 1.506772944385010507e-05
1.445093153406913133e+00 1.506772944385010507e-05
1.460801116674862010e+00 3.013545888770021353e-05
1.476509079942810887e+00 1.506772944385010507e-05
1.492217043210759986e+00 3.013545888770021014e-05
1.507925006478708863e+00 3.013545888770021014e-05
1.523632969746657961e+00 4.520318833155031351e-05
1.539340933014606838e+00 4.520318833155031351e-05
1.555048896282555715e+00 6.027091777540042705e-05
1.570756859550504814e+00 7.533864721925052704e-05
1.586464822818453690e+00 1.054741061069507406e-04
1.602172786086402789e+00 1.356095649946509405e-04
1.617880749354351666e+00 1.506772944385010812e-04
1.633588712622300543e+00 1.506772944385010541e-04
1.649296675890249642e+00 2.109482122139014811e-04
1.665004639158198518e+00 2.561514005454517675e-04
1.680712602426147617e+00 2.561514005454517675e-04
1.696420565694096494e+00 2.260159416577515676e-04
1.712128528962045371e+00 2.561514005454517675e-04
1.727836492229994469e+00 2.712191299893018811e-04
1.743544455497943568e+00 4.218964244278029622e-04
1.759252418765892445e+00 4.972350716470534757e-04
1.774960382033841322e+00 5.876414483101540485e-04
1.790668345301790199e+00 7.232510133048051246e-04
1.806376308569739297e+00 8.889960371871563193e-04
1.822084271837688396e+00 9.794024138502568921e-04
1.837792235105637273e+00 1.130079708288757919e-03
1.853500198373586150e+00 1.175282896620308314e-03
1.869208161641535026e+00 1.461569756053460309e-03
1.884916124909484125e+00 1.582111591604261217e-03
1.900624088177433224e+00 1.793059803818162481e-03
1.916332051445382101e+00 2.109482122139014811e-03
1.932040014713330978e+00 2.516310817122967280e-03
1.947747977981279854e+00 2.968342700438470795e-03
1.963455941249228953e+00 3.571051878192474903e-03
1.979163904517178052e+00 4.053219220395678536e-03
1.994871867785126929e+00 5.002486175358235310e-03
2.010579831053076028e+00 5.876414483101541353e-03
2.026287794321024904e+00 6.735275061400996903e-03
2.041995757588974225e+00 7.564000180812752334e-03
2.057703720856923102e+00 8.859824912983860906e-03
2.073411684124871979e+00 1.014058191571112072e-02
2.089119647392820855e+00 1.194870944897313478e-02
2.104827610660769732e+00 1.353082104057739578e-02
2.120535573928718609e+00 1.494718760829930396e-02
2.136243537196667930e+00 1.681558605933671652e-02
2.151951500464616807e+00 1.823195262705862643e-02
2.167659463732565683e+00 2.002501243087679086e-02
2.183367427000514560e+00 2.115509213916554748e-02
2.199075390268463881e+00 2.184820769358265455e-02
2.214783353536412758e+00 2.275227146021365984e-02
2.230491316804361634e+00 2.391248662739011571e-02
2.246199280072310511e+00 2.528365000678047675e-02
2.261907243340259388e+00 2.629318787951843289e-02
2.277615206608208265e+00 2.698630343393553649e-02
2.293323169876157586e+00 2.764928352946494777e-02
2.309031133144106462e+00 2.748353850558259495e-02
2.324739096412055339e+00 2.728765802281254288e-02
2.340447059680004216e+00 2.709177754004249081e-02
2.356155022947953537e+00 2.575074961953982902e-02
2.371862986215902414e+00 2.446999261681256921e-02
2.387570949483851290e+00 2.330977744963611334e-02
2.403278912751800167e+00 2.230023957689815373e-02
2.418986876019749044e+00 2.098934711528319813e-02
2.434694839287697921e+00 1.973872557144363757e-02
2.450402802555647241e+00 1.832235900372172765e-02
2.466110765823596118e+00 1.743336296653456852e-02
2.481818729091544995e+00 1.719227929543297104e-02
2.497526692359493872e+00 1.565537089216026065e-02
2.513234655627443193e+00 1.479651031386080250e-02
2.528942618895392069e+00 1.449515572498379958e-02
2.544650582163340946e+00 1.401298838278059941e-02
2.560358545431289823e+00 1.351575331113354442e-02
2.576066508699238700e+00 1.253635089728328926e-02
2.591774471967188020e+00 1.172269350731537998e-02
2.607482435235136897e+00 1.164735486009613012e-02
2.623190398503085774e+00 1.108984887067367663e-02
2.638898361771034651e+00 1.108984887067367836e-02
2.654606325038983972e+00 1.081862974068437643e-02
2.670314288306932848e+00 1.072822336402127520e-02
2.686022251574881725e+00 1.065288471680202360e-02
2.701730214842830602e+00 1.065288471680202360e-02
2.717438178110779479e+00 1.050220742236352214e-02
2.733146141378728355e+00 1.033646239848117279e-02
2.748854104646677676e+00 1.030632693959347181e-02
2.764562067914626553e+00 1.032139466903732317e-02
2.780270031182575430e+00 1.005017553904802123e-02
2.795977994450524307e+00 1.017071737459882344e-02
2.811685957718473627e+00 1.039673331625657476e-02
2.827393920986422504e+00 1.045700423403197327e-02
2.843101884254371381e+00 1.030632693959347181e-02
2.858809847522320258e+00 1.014058191571112072e-02
2.874517810790269134e+00 9.824159597390268173e-03
2.890225774058218011e+00 9.537872737957116612e-03
2.905933737326167332e+00 9.251585878523965051e-03
2.921641700594116209e+00 8.407793029668358259e-03
2.937349663862065086e+00 7.835219310802055137e-03
2.953057627130013962e+00 7.292781050823450399e-03
2.968765590397963283e+00 6.433920472523994849e-03
2.984473553665912160e+00 5.710669459219190267e-03
3.000181516933861037e+00 5.032621634245934561e-03
3.015889480201809913e+00 4.234031973721880115e-03
3.031597443469758790e+00 3.646390525411725633e-03
3.047305406737707667e+00 2.832733135443819827e-03
3.063013370005656988e+00 2.335498063796766569e-03
3.078721333273605865e+00 1.793059803818162698e-03
3.094429296541554741e+00 1.416366567721909914e-03
3.110137259809503618e+00 1.190350626064158373e-03
3.125845223077452495e+00 1.145147437732607978e-03
