-3.946724439183105226e-05 0.000000000000000000e+00
1.566849602355713592e-02 0.000000000000000000e+00
3.137645929150609941e-02 0.000000000000000000e+00
4.708442255945507332e-02 0.000000000000000000e+00
6.279238582740404029e-02 0.000000000000000000e+00
7.850034909535300032e-02 0.000000000000000000e+00
9.420831236330196035e-02 0.000000000000000000e+00
1.099162756312509481e-01 0.000000000000000000e+00
1.256242388991999082e-01 0.000000000000000000e+00
1.413322021671488404e-01 0.000000000000000000e+00
1.570401654350978282e-01 0.000000000000000000e+00
1.727481287030468160e-01 0.000000000000000000e+00
1.884560919709957483e-01 0.000000000000000000e+00
2.041640552389447361e-01 0.000000000000000000e+00
2.198720185068937238e-01 0.000000000000000000e+00
2.355799817748426561e-01 0.000000000000000000e+00
2.512879450427916717e-01 0.000000000000000000e+00
2.669959083107406039e-01 0.000000000000000000e+00
2.827038715786895917e-01 0.000000000000000000e+00
2.984118348466385795e-01 0.000000000000000000e+00
3.141197981145875118e-01 0.000000000000000000e+00
3.298277613825364996e-01 0.000000000000000000e+00
3.455357246504854318e-01 0.000000000000000000e+00
3.612436879184344196e-01 0.000000000000000000e+00
3.769516511863834074e-01 0.000000000000000000e+00
3.926596144543323952e-01 0.000000000000000000e+00
4.083675777222813275e-01 0.000000000000000000e+00
4.240755409902303152e-01 0.000000000000000000e+00
4.397835042581792475e-01 0.000000000000000000e+00
4.554914675261282353e-01 0.000000000000000000e+00
4.711994307940772231e-01 0.000000000000000000e+00
4.869073940620261554e-01 0.000000000000000000e+00
5.026153573299750876e-01 0.000000000000000000e+00
5.183233205979241864e-01 0.000000000000000000e+00
5.340312838658730632e-01 0.000000000000000000e+00
5.497392471338219400e-01 0.000000000000000000e+00
5.654472104017710388e-01 0.000000000000000000e+00
5.811551736697199155e-01 0.000000000000000000e+00
5.968631369376690143e-01 0.000000000000000000e+00
6.125711002056178911e-01 0.000000000000000000e+00
6.282790634735667679e-01 0.000000000000000000e+00
6.439870267415158667e-01 0.000000000000000000e+00
6.596949900094647434e-01 0.000000000000000000e+00
6.754029532774138422e-01 0.000000000000000000e+00
6.911109165453627190e-01 0.000000000000000000e+00
7.068188798133117068e-01 0.000000000000000000e+00
7.225268430812606946e-01 0.000000000000000000e+00
7.382348063492095713e-01 0.000000000000000000e+00
7.539427696171586701e-01 0.000000000000000000e+00
7.696507328851075469e-01 0.000000000000000000e+00
7.853586961530565347e-01 0.000000000000000000e+00
8.010666594210055225e-01 0.000000000000000000e+00
8.167746226889543992e-01 0.000000000000000000e+00
8.324825859569034980e-01 0.000000000000000000e+00
8.481905492248523748e-01 0.000000000000000000e+00
8.638985124928014736e-01 0.000000000000000000e+00
8.796064757607503504e-01 0.000000000000000000e+00
8.953144390286992271e-01 0.000000000000000000e+00
9.110224022966483259e-01 0.000000000000000000e+00
9.267303655645972027e-01 0.000000000000000000e+00
9.424383288325463015e-01 0.000000000000000000e+00
9.581462921004951783e-01 0.000000000000000000e+00
9.738542553684440550e-01 0.000000000000000000e+00
9.895622186363931538e-01 0.000000000000000000e+00
1.005270181904341920e+00 0.000000000000000000e+00
1.020978145172290796e+00 0.000000000000000000e+00
1.036686108440239895e+00 0.000000000000000000e+00
1.052394071708188994e+00 0.000000000000000000e+00
1.068102034976137871e+00 0.000000000000000000e+00
1.083809998244086747e+00 0.000000000000000000e+00
1.099517961512035624e+00 0.000000000000000000e+00
1.115225924779984723e+00 0.000000000000000000e+00
1.130933888047933822e+00 0.000000000000000000e+00
1.146641851315882699e+00 0.000000000000000000e+00
1.162349814583831575e+00 0.000000000000000000e+00
1.178057777851780452e+00 0.000000000000000000e+00
1.193765741119729551e+00 0.000000000000000000e+00
1.209473704387678650e+00 0.000000000000000000e+00
1.225181667655627527e+00 0.000000000000000000e+00
1.240889630923576403e+00 0.000000000000000000e+00
1.256597594191525280e+00 0.000000000000000000e+00
1.272305557459474379e+00 0.000000000000000000e+00
1.288013520727423478e+00 0.000000000000000000e+00
1.303721483995372354e+00 0.000000000000000000e+00
1.319429447263321231e+00 0.000000000000000000e+00
1.335137410531270330e+00 0.000000000000000000e+00
1.350845373799219207e+00 0.000000000000000000e+00
1.366553337067168306e+00 7.340688703414153447e-06
1.382261300335117182e+00 1.468137740682830689e-05
1.397969263603066059e+00 1.468137740682830689e-05
1.413677226871015158e+00 1.468137740682830689e-05
1.429385190138964035e+00 1.468137740682830689e-05
1.445093153406913133e+00 1.468137740682830689e-05
1.460801116674862010e+00 2.202206611024246373e-05
1.476509079942810887e+00 1.468137740682830859e-05
1.492217043210759986e+00 2.202206611024246034e-05
1.507925006478708863e+00 2.202206611024246034e-05
1.523632969746657961e+00 2.936275481365661379e-05
1.539340933014606838e+00 5.138482092389907752e-05
1.555048896282555715e+00 7.340688703414154125e-05
1.570756859550504814e+00 1.101103305512123254e-04
1.586464822818453690e+00 1.394730853648689392e-04
1.602172786086402789e+00 1.688358401785255395e-04
1.617880749354351666e+00 2.128799723990104534e-04
1.633588712622300543e+00 2.569241046194954215e-04
1.649296675890249642e+00 2.789461707297378784e-04
1.665004639158198518e+00 3.156496142468085677e-04
1.680712602426147617e+00 3.229903029502227381e-04
1.696420565694096494e+00 3.817158125775359928e-04
1.712128528962045371e+00 4.110785673911926202e-04
1.727836492229994469e+00 4.477820109082634179e-04
1.743544455497943568e+00 5.358702753492333541e-04
1.759252418765892445e+00 6.459806059004455847e-04
1.774960382033841322e+00 7.120468042311729013e-04
1.790668345301790199e+00 8.808826444096983866e-04
1.806376308569739297e+00 1.152488126436022149e-03
1.822084271837688396e+00 1.424093608462345586e-03
1.837792235105637273e+00 1.783787354929639067e-03
1.853500198373586150e+00 2.202206611024245912e-03
1.869208161641535026e+00 2.686692065449580290e-03
1.884916124909484125e+00 3.178518208578328622e-03
1.900624088177433224e+00 3.890565012809501198e-03
1.916332051445382101e+00 4.631974571854330890e-03
1.932040014713330978e+00 5.600945480704999646e-03
1.947747977981279854e+00 6.591938455665909830e-03
1.963455941249228953e+00 7.722404515991690768e-03
1.979163904517178052e+00 9.197882945377934896e-03
1.994871867785126929e+00 1.066602068606076550e-02
2.010579831053076028e+00 1.233969771043919375e-02
2.026287794321024904e+00 1.437306848128491396e-02
2.041995757588974225e+00 1.601738275084968466e-02
2.057703720856923102e+00 1.811681972002613175e-02
2.073411684124871979e+00 1.995933258458308310e-02
2.089119647392820855e+00 2.148619583489323054e-02
2.104827610660769732e+00 2.371042451202771961e-02
2.120535573928718609e+00 2.537676084770273260e-02
2.136243537196667930e+00 2.655861172895240818e-02
2.151951500464616807e+00 2.748353850558259148e-02
2.167659463732565683e+00 2.834239908388204443e-02
2.183367427000514560e+00 2.847453148054350514e-02
2.199075390268463881e+00 2.854793836757764380e-02
2.214783353536412758e+00 2.760098952483721821e-02
2.230491316804361634e+00 2.627232486951926183e-02
2.246199280072310511e+00 2.501706710123544064e-02
2.261907243340259388e+00 2.358563280406967763e-02
2.277615206608208265e+00 2.184588958136052250e-02
2.293323169876157586e+00 2.064935732270401295e-02
2.309031133144106462e+00 1.887291065647778848e-02
2.324739096412055339e+00 1.761765288819397077e-02
2.340447059680004216e+00 1.671474817767402976e-02
2.356155022947953537e+00 1.559162280605166234e-02
2.371862986215902414e+00 1.482085049219317684e-02
2.387570949483851290e+00 1.402805611222444904e-02
2.403278912751800167e+00 1.349952652557863050e-02
2.418986876019749044e+00 1.327930586447620409e-02
2.434694839287697921e+00 1.276545765523721260e-02
2.450402802555647241e+00 1.228097220081187865e-02
2.466110765823596118e+00 1.192127845434458669e-02
2.481818729091544995e+00 1.188457501082751736e-02
2.497526692359493872e+00 1.172307985935240431e-02
2.513234655627443193e+00 1.164967297231826217e-02
2.528942618895392069e+00 1.146615575473290682e-02
2.544650582163340946e+00 1.177446468027630241e-02
2.560358545431289823e+00 1.214149911544701137e-02
2.576066508699238700e+00 1.251587423932113211e-02
2.591774471967188020e+00 1.291227142930549687e-02
2.607482435235136897e+00 1.302238175985671008e-02
2.623190398503085774e+00 1.315451415651816384e-02
2.638898361771034651e+00 1.369038443186739763e-02
2.654606325038983972e+00 1.422625470721662969e-02
2.670314288306932848e+00 1.451254156664978125e-02
2.686022251574881725e+00 1.438774985869174100e-02
2.701730214842830602e+00 1.443913467961564084e-02
2.717438178110779479e+00 1.444647536831905436e-02
2.733146141378728355e+00 1.444647536831905436e-02
2.748854104646677676e+00 1.407944093314834715e-02
2.764562067914626553e+00 1.312515140170450630e-02
2.780270031182575430e+00 1.231033495562553620e-02
2.795977994450524307e+00 1.157626608528412177e-02
2.811685957718473627e+00 1.043111864755151205e-02
2.827393920986422504e+00 9.623642890175955478e-03
2.843101884254371381e+00 8.243593413934094047e-03
2.858809847522320258e+00 7.061742532684415867e-03
2.874517810790269134e+00 5.931276472358635796e-03
2.890225774058218011e+00 4.866876610363584342e-03
2.905933737326167332e+00 3.978653277250471243e-03
2.921641700594116209e+00 3.215221652095399691e-03
2.937349663862065086e+00 2.349020385092529754e-03
2.953057627130013962e+00 1.798468732336467625e-03
2.968765590397963283e+00 1.321323966614547634e-03
2.984473553665912160e+00 1.042377795884810027e-03
3.000181516933861037e+00 7.414095590448295829e-04
3.015889480201809913e+00 5.578923414594757569e-04
3.031597443469758790e+00 4.037378786877785040e-04
3.047305406737707667e+00 2.789461707297378784e-04
3.063013370005656988e+00 2.128799723990104805e-04
3.078721333273605865e+00 1.761765288819397098e-04
3.094429296541554741e+00 1.174510192546264552e-04
3.110137259809503618e+00 1.027696418477981686e-04
3.125845223077452495e+00 1.101103305512123254e-04
