0.000000000000000000e+00 3.206940978042791244e+02 3.807765995523947566e+01
1.578689775673262907e-02 3.200929696797501265e+02 7.615531991047534177e+01
3.157379551346525814e-02 3.182895853061632465e+02 1.523106398209525025e+02
4.736069327019788722e-02 3.152839446835183139e+02 2.284659597314314396e+02
6.314759102693051629e-02 3.110760478118154424e+02 2.665436196866691034e+02
7.893448878366314536e-02 3.068681509401125709e+02 2.665436196866691034e+02
9.472138654039577443e-02 3.026602540684096994e+02 2.665436196866709224e+02
1.105082842971284035e-01 2.984523571967067710e+02 2.665436196866709224e+02
1.262951820538610326e-01 2.942444603250038995e+02 2.665436196866691034e+02
1.420820798105936755e-01 2.900365634533010279e+02 2.665436196866691034e+02
1.578689775673262907e-01 2.858286665815981564e+02 2.665436196866691034e+02
1.736558753240589059e-01 2.816207697098952849e+02 2.665436196866709224e+02
1.894427730807915489e-01 2.774128728381923565e+02 2.665436196866709224e+02
2.052296708375241918e-01 2.732049759664894850e+02 2.665436196866691034e+02
2.210165685942568070e-01 2.689970790947866135e+02 2.665436196866691034e+02
2.368034663509894222e-01 2.647891822230837420e+02 2.665436196866691034e+02
2.525903641077220652e-01 2.605812853513808705e+02 2.665436196866691034e+02
2.683772618644547081e-01 2.563733884796779989e+02 2.665436196866709224e+02
2.841641596211873511e-01 2.521654916079750706e+02 2.665436196866709224e+02
2.999510573779199385e-01 2.479575947362721990e+02 2.665436196866681939e+02
3.157379551346525814e-01 2.437496978645693559e+02 2.665436196866681939e+02
3.315248528913852244e-01 2.395418009928664844e+02 2.665436196866700129e+02
3.473117506481178118e-01 2.353339041211635845e+02 2.665436196866700129e+02
3.630986484048504548e-01 2.311260072494607130e+02 2.665436196866700129e+02
3.788855461615830977e-01 2.269181103777578130e+02 2.665436196866700129e+02
3.946724439183157407e-01 2.227102135060549415e+02 2.665436196866691034e+02
4.104593416750483836e-01 2.185023166343520700e+02 2.665436196866700129e+02
4.262462394317809711e-01 2.142944197626491700e+02 2.665436196866709224e+02
4.420331371885136140e-01 2.100865228909462701e+02 2.665436196866691034e+02
4.578200349452462570e-01 2.058786260192434270e+02 2.665436196866691034e+02
4.736069327019788444e-01 2.016707291475405270e+02 2.665436196866700129e+02
4.893938304587114874e-01 1.974628322758376555e+02 2.665436196866700129e+02
5.051807282154441303e-01 1.932549354041347556e+02 2.665436196866700129e+02
5.209676259721767178e-01 1.890470385324318841e+02 2.665436196866700129e+02
5.367545237289094162e-01 1.848391416607289841e+02 2.665436196866700129e+02
5.525414214856420037e-01 1.806312447890261126e+02 2.665436196866700129e+02
5.683283192423747021e-01 1.764233479173232126e+02 2.665436196866700129e+02
5.841152169991072896e-01 1.722154510456203411e+02 2.665436196866691034e+02
5.999021147558398770e-01 1.680075541739174696e+02 2.665436196866691034e+02
6.156890125125725755e-01 1.637996573022145981e+02 2.665436196866700129e+02
6.314759102693051629e-01 1.595917604305116981e+02 2.665436196866700129e+02
6.472628080260377503e-01 1.553838635588088266e+02 2.665436196866700129e+02
6.630497057827704488e-01 1.511759666871059267e+02 2.665436196866691034e+02
6.788366035395030362e-01 1.469680698154030836e+02 2.665436196866691034e+02
6.946235012962356237e-01 1.427601729437001836e+02 2.665436196866700129e+02
7.104103990529683221e-01 1.385522760719973121e+02 2.665436196866700129e+02
7.261972968097009096e-01 1.343443792002944122e+02 2.665436196866709224e+02
7.419841945664336080e-01 1.301364823285915122e+02 2.665436196866700129e+02
7.577710923231661955e-01 1.259285854568886407e+02 2.665436196866695582e+02
7.735579900798987829e-01 1.217206885851857550e+02 2.665436196866700129e+02
7.893448878366314814e-01 1.175127917134828692e+02 2.665436196866695582e+02
8.051317855933640688e-01 1.133048948417799977e+02 2.665436196866695582e+02
8.209186833500967673e-01 1.090969979700771120e+02 2.665436196866700129e+02
8.367055811068293547e-01 1.048891010983742262e+02 2.665436196866695582e+02
8.524924788635619421e-01 1.006812042266713547e+02 2.665436196866700129e+02
8.682793766202946406e-01 9.647330735496845477e+01 2.665436196866700129e+02
8.840662743770272280e-01 9.226541048326558325e+01 2.601737281765091439e+02
8.998531721337598155e-01 8.825863526354746114e+01 2.625895094812573802e+02
9.156400698904925139e-01 8.397446300692321586e+01 2.689594009914173398e+02
9.314269676472251014e-01 7.976656613522034434e+01 2.794709276268699227e+02
9.472138654039576888e-01 7.515050508607397717e+01 2.968497813675083421e+02
9.630007631606903873e-01 7.039389184010576628e+01 3.072291075035752783e+02
9.787876609174229747e-01 6.545011606997165643e+01 3.088652236193339036e+02
9.945745586741556732e-01 6.064184442832819855e+01 3.088263357475924522e+02
1.010361456430888261e+00 5.569929649590440590e+01 3.042944122739832551e+02
1.026148354187620848e+00 5.103411487929935930e+01 2.869672635250616395e+02
1.041935251944353436e+00 4.663865079830541305e+01 2.590742293800448692e+02
1.057722149701086245e+00 4.285415813804522855e+01 2.254522552381814933e+02
1.073509047457818832e+00 3.952026739336549355e+01 1.916043445422624814e+02
1.089295945214551420e+00 3.680448174397628947e+01 1.620341962861031107e+02
1.105082842971284007e+00 3.440423281363938202e+01 1.404916020430036951e+02
1.120869740728016595e+00 3.236862862971135257e+01 1.161427085480769534e+02
1.136656638484749404e+00 3.073716668356240689e+01 1.006800418914689033e+02
1.152443536241481992e+00 2.918977757474299750e+01 8.949698866086654903e+01
1.168230433998214579e+00 2.791140706451328768e+01 7.436632577808265410e+01
1.184017331754947167e+00 2.684175041153807584e+01 6.505329761685209178e+01
1.199804229511679754e+00 2.585742754808220312e+01 5.999096669668437443e+01
1.215591127268412341e+00 2.494760789640185905e+01 5.237688052051880305e+01
1.231378025025145151e+00 2.420369063289414058e+01 4.040032752410478167e+01
1.247164922781877738e+00 2.367201621647875243e+01 2.639341643904468526e+01
1.262951820538610326e+00 2.337035029934601127e+01 1.282280707468066616e+01
1.278738718295342913e+00 2.326715152799416941e+01 2.592352619330634322e+00
1.294525616052075501e+00 2.328849988784446978e+01 -6.169414523861215471e+00
1.310312513808808310e+00 2.346194336060836605e+01 -1.645057685656840007e+01
1.326099411565540898e+00 2.380790703759230453e+01 -2.423928230202581702e+01
1.341886309322273485e+00 2.422726950340568663e+01 -2.985759430167575346e+01
1.357673207079006072e+00 2.475062461459742025e+01 -3.365549117946524404e+01
1.373460104835738660e+00 2.528990109981135603e+01 -3.489451320147396274e+01
1.389247002592471247e+00 2.585237683896267313e+01 -3.995584232983802764e+01
1.405033900349204057e+00 2.655145869510192114e+01 -4.760383672804805855e+01
1.420820798105936644e+00 2.735541064547044954e+01 -5.181027878466273506e+01
1.436607695862669232e+00 2.818730584294448960e+01 -5.353322851020202222e+01
1.452394593619401819e+00 2.904565785562717650e+01 -5.331328527882573809e+01
1.468181491376134407e+00 2.987060861048917104e+01 -5.041733400252211084e+01
1.483968389132867216e+00 3.063752444975688860e+01 -4.705195712031058264e+01
1.499755286889599804e+00 3.135621748311419310e+01 -3.833100872717007945e+01
1.515542184646332391e+00 3.184777988113340896e+01 -2.461131482231188272e+01
1.531329082403064978e+00 3.213329010463138502e+01 -1.358722832653256241e+01
1.547115980159797566e+00 3.227678024991011085e+01 -5.825185134574899948e+00
1.562902877916530375e+00 3.231721330889853050e+01 2.171850891844619102e+00
1.578689775673262963e+00 3.220820667396527170e+01 7.442506794511108303e+00
1.594476673429995550e+00 3.208222512126106096e+01 1.129965333819352580e+01
1.610263571186728138e+00 3.185143373009210421e+01 1.619041794104630227e+01
1.626050468943460725e+00 3.157103217591292577e+01 2.068030033563635683e+01
1.641837366700193535e+00 3.119847815613767494e+01 2.657534152472181077e+01
1.657624264456926122e+00 3.073194777691085733e+01 3.438795684580401257e+01
1.673411162213658709e+00 3.011271983856239132e+01 4.042823509966491713e+01
1.689198059970391297e+00 2.945547494890373841e+01 4.602196807219902297e+01
1.704984957727123884e+00 2.865963162952355248e+01 5.356328696711403836e+01
1.720771855483856472e+00 2.776427867917502113e+01 5.710766828918358584e+01
1.736558753240589281e+00 2.685652578871006568e+01 5.680160850050584287e+01
1.752345650997321869e+00 2.597083630754413974e+01 5.702828250383570463e+01
1.768132548754054456e+00 2.505592645844982869e+01 5.728264340911927377e+01
1.783919446510787044e+00 2.416220583807385935e+01 5.674122994851708057e+01
1.799706344267519631e+00 2.326439046687283962e+01 5.648585154505516925e+01
1.815493242024252440e+00 2.237873311198633175e+01 5.418426461758049584e+01
1.831280139780985028e+00 2.155358757578986229e+01 5.275607157665159264e+01
1.847067037537717615e+00 2.071302369593139758e+01 5.324920814666705127e+01
1.862853935294450203e+00 1.987230796651304843e+01 5.130496982836037745e+01
1.878640833051182790e+00 1.909313106974624219e+01 4.797425964575740664e+01
1.894427730807915378e+00 1.835757850254801582e+01 4.726386180606387200e+01
1.910214628564648187e+00 1.760083156190490072e+01 4.676624074658833052e+01
1.926001526321380775e+00 1.688099078028174915e+01 4.583928274171558570e+01
1.941788424078113362e+00 1.615351142213405566e+01 4.502751742601292051e+01
1.957575321834845949e+00 1.545930115259382376e+01 4.455032769422009409e+01
1.973362219591578537e+00 1.474688848545888220e+01 4.640935838949828707e+01
1.989149117348311346e+00 1.399398156089268141e+01 4.815677682186196762e+01
2.004936015105043712e+00 1.322639626149782899e+01 4.798438586162586006e+01
2.020722912861776521e+00 1.247893237385849297e+01 4.767834358033048403e+01
2.036509810618509331e+00 1.172100999087173534e+01 4.745861349827890052e+01
2.052296708375241696e+00 1.098048381591125278e+01 4.660188198937130721e+01
2.068083606131974506e+00 1.024961169839668607e+01 4.453403030903684368e+01
2.083870503888706871e+00 9.574375449543259364e+00 4.089537632814473511e+01
2.099657401645439680e+00 8.958389448765636587e+00 3.689412739676499342e+01
2.115444299402172490e+00 8.409487815470065186e+00 3.198458088192135662e+01
2.131231197158904855e+00 7.948514832415961351e+00 2.652540527530008063e+01
2.147018094915637665e+00 7.571980093395947797e+00 2.099212929824038554e+01
2.162804992672370030e+00 7.285713634561096441e+00 1.537336924608908539e+01
2.178591890429102840e+00 7.086584476466935456e+00 9.478288850349800398e+00
2.194378788185835649e+00 6.986448080582594145e+00 3.369940675745218162e+00
2.210165685942568015e+00 6.980182658678447005e+00 -2.356330824885637831e+00
2.225952583699300824e+00 7.060846388209608193e+00 -7.029968662757497988e+00
2.241739481456033189e+00 7.202145451702421042e+00 -1.103027323294686113e+01
2.257526379212765999e+00 7.409113979724321730e+00 -1.436934329096198759e+01
2.273313276969498808e+00 7.655840158434038756e+00 -1.688578225454940451e+01
2.289100174726231174e+00 7.942262215714364970e+00 -1.798788923608958967e+01
2.304887072482963983e+00 8.223786094893194232e+00 -1.774700787209099673e+01
2.320673970239696349e+00 8.502602613243624319e+00 -1.695731454644572622e+01
2.336460867996429158e+00 8.759192876840181441e+00 -1.549363791482687169e+01
2.352247765753161524e+00 8.991795568526040228e+00 -1.346870797129667352e+01
2.368034663509894333e+00 9.184451108156482135e+00 -1.135206441351851225e+01
2.383821561266627143e+00 9.350223328974159642e+00 -9.287379000892537206e+00
2.399608459023359508e+00 9.477688913586714392e+00 -6.939081044772601459e+00
2.415395356780092317e+00 9.569316454933172622e+00 -4.929272168836108747e+00
2.431182254536824683e+00 9.633324745075761086e+00 -2.896488550608043333e+00
2.446969152293557492e+00 9.660769592137164352e+00 -5.233706102388766546e-01
2.462756050050290302e+00 9.649849541701200906e+00 1.733819415549155307e+00
2.478542947807022667e+00 9.606026332453339478e+00 3.716928571488657074e+00
2.494329845563755477e+00 9.532491999046861508e+00 5.739941763366899430e+00
2.510116743320487842e+00 9.424794584957593813e+00 7.250407775492051066e+00
2.525903641077220652e+00 9.303569106554236967e+00 8.967426783998003970e+00
2.541690538833953461e+00 9.141658885397669465e+00 1.074175021846737543e+01
2.557477436590685826e+00 8.964411281699627310e+00 1.193559054372775918e+01
2.573264334347418636e+00 8.764806990237559603e+00 1.347131898826566143e+01
2.589051232104151001e+00 8.539070610667465644e+00 1.522239400989337454e+01
2.604838129860883811e+00 8.284178234543787767e+00 1.625020888534161045e+01
2.620625027617616620e+00 8.025989838270593424e+00 1.680299219558010648e+01
2.636411925374348986e+00 7.753643994946188833e+00 1.716237670007464899e+01
2.652198823131081795e+00 7.484108465817375766e+00 1.738533709779901315e+01
2.667985720887814161e+00 7.204722916487621198e+00 1.675269129675094959e+01
2.683772618644546970e+00 6.955162416513552159e+00 1.455351470074364073e+01
2.699559516401279780e+00 6.745213219324130982e+00 1.169959206171872346e+01
2.715346414158012145e+00 6.585761889165883787e+00 9.176528417899204371e+00
2.731133311914744954e+00 6.455475387533878617e+00 6.564409774325975278e+00
2.746920209671477320e+00 6.378498557284722814e+00 2.932566901963384876e+00
2.762707107428210129e+00 6.362883119841730384e+00 -2.226396808064515120e+00
2.778494005184942495e+00 6.448794354834383569e+00 -7.969953270218224972e+00
2.794280902941675304e+00 6.614524794647474337e+00 -1.317858853483265591e+01
2.810067800698408114e+00 6.864892414389287545e+00 -1.739614748117586274e+01
2.825854698455140479e+00 7.163787197940204798e+00 -2.213670067465163172e+01
2.841641596211873289e+00 7.563832074833526598e+00 -2.757713690406709972e+01
2.857428493968605654e+00 8.034502079396055763e+00 -3.236827442313951053e+01
2.873215391725338463e+00 8.585821352593461242e+00 -3.518612083080760300e+01
2.889002289482071273e+00 9.145461463420055281e+00 -3.510183067646967459e+01
2.904789187238803638e+00 9.694119376520596632e+00 -3.476253860720053979e+01
2.920576084995536448e+00 1.024304674893274658e+01 -3.612822315702937459e+01
2.936362982752268813e+00 1.083482450674548225e+01 -3.663029820639791723e+01
2.952149880509001623e+00 1.139960429409880760e+01 -3.515977300993781540e+01
2.967936778265734432e+00 1.194495199006111363e+01 -3.277568211639681550e+01
2.983723676022466798e+00 1.243445697905626091e+01 -3.048412063194188804e+01
2.999510573779199607e+00 1.290745138130185410e+01 -3.102917687842464645e+01
3.015297471535931972e+00 1.341416586476678496e+01 -3.187257972747477197e+01
3.031084369292664782e+00 1.391378969610376082e+01 -3.004125158822033370e+01
3.046871267049397591e+00 1.436268219938181723e+01 -2.518175335102473511e+01
3.062658164806129957e+00 1.470887322707953437e+01 -1.795858634656872610e+01
3.078445062562862766e+00 1.492970293239928736e+01 -1.190182961085889701e+01
3.094231960319595132e+00 1.508465916144889896e+01 -8.555093972833430982e+00
3.110018858076327941e+00 1.519981972009600923e+01 -6.268636114300419671e+00
3.125805755833060751e+00 1.528258379627014385e+01 -4.062702805778166670e+00
3.141592653589793116e+00 1.532809466771763063e+01 -2.882825501804354484e+00
