0.000000000000000000e+00 7.161409748857641944e+01 1.798531523074573757e+00
1.578689775673262907e-02 7.158570425530938053e+01 3.597063046149597820e+00
3.157379551346525814e-02 7.150052455550824959e+01 7.194126092298745334e+00
4.736069327019788722e-02 7.135855838917305505e+01 1.079118913844789240e+01
6.314759102693051629e-02 7.115980575630376848e+01 1.258972066152291802e+01
7.893448878366314536e-02 7.096105312343448190e+01 1.258972066152246683e+01
9.472138654039577443e-02 7.076230049056520954e+01 1.258972066152201741e+01
1.105082842971284035e-01 7.056354785769593718e+01 1.258972066152201741e+01
1.262951820538610326e-01 7.036479522482666482e+01 1.258972066152246683e+01
1.420820798105936755e-01 7.016604259195737825e+01 1.258972066152291802e+01
1.578689775673262907e-01 6.996728995908809168e+01 1.258972066152246683e+01
1.736558753240589059e-01 6.976853732621881932e+01 1.258972066152201741e+01
1.894427730807915489e-01 6.956978469334954696e+01 1.258972066152246683e+01
2.052296708375241918e-01 6.937103206048026038e+01 1.258972066152246683e+01
2.210165685942568070e-01 6.917227942761098802e+01 1.258972066152246683e+01
2.368034663509894222e-01 6.897352679474170145e+01 1.258972066152201741e+01
2.525903641077220652e-01 6.877477416187244330e+01 1.258972066152201741e+01
2.683772618644547081e-01 6.857602152900315673e+01 1.258972066152246683e+01
2.841641596211873511e-01 6.837726889613388437e+01 1.258972066152201741e+01
2.999510573779199385e-01 6.817851626326461201e+01 1.258972066152201741e+01
3.157379551346525814e-01 6.797976363039533965e+01 1.258972066152246683e+01
3.315248528913852244e-01 6.778101099752605307e+01 1.258972066152246683e+01
3.473117506481178118e-01 6.758225836465678071e+01 1.258972066152246683e+01
3.630986484048504548e-01 6.738350573178749414e+01 1.258972066152291802e+01
3.788855461615830977e-01 6.718475309891820757e+01 1.258972066152246683e+01
3.946724439183157407e-01 6.698600046604893521e+01 1.258972066152201741e+01
4.104593416750483836e-01 6.678724783317966285e+01 1.258972066152246683e+01
4.262462394317809711e-01 6.658849520031037628e+01 1.258972066152246683e+01
4.420331371885136140e-01 6.638974256744110392e+01 1.258972066152246683e+01
4.578200349452462570e-01 6.619098993457181734e+01 1.258972066152246683e+01
4.736069327019788444e-01 6.599223730170254498e+01 1.258972066152201741e+01
4.893938304587114874e-01 6.579348466883327262e+01 1.258972066152246683e+01
5.051807282154441303e-01 6.559473203596398605e+01 1.258972066152246683e+01
5.209676259721767178e-01 6.539597940309471369e+01 1.258972066152246683e+01
5.367545237289094162e-01 6.519722677022542712e+01 1.258972066152201741e+01
5.525414214856420037e-01 6.499847413735616897e+01 1.258972066152201741e+01
5.683283192423747021e-01 6.479972150448688240e+01 1.258972066152246683e+01
5.841152169991072896e-01 6.460096887161761003e+01 1.258972066152201741e+01
5.999021147558398770e-01 6.440221623874833767e+01 1.258972066152201741e+01
6.156890125125725755e-01 6.420346360587906531e+01 1.258972066152246683e+01
6.314759102693051629e-01 6.400471097300977874e+01 1.258972066152269242e+01
6.472628080260377503e-01 6.380595834014049927e+01 1.258972066152246683e+01
6.630497057827704488e-01 6.360720570727121981e+01 1.258972066152246683e+01
6.788366035395030362e-01 6.340845307440194034e+01 1.258972066152246683e+01
6.946235012962356237e-01 6.320970044153266088e+01 1.258972066152224123e+01
7.104103990529683221e-01 6.301094780866338851e+01 1.258972066152201741e+01
7.261972968097009096e-01 6.281219517579411615e+01 1.258972066152246683e+01
7.419841945664336080e-01 6.261344254292482958e+01 1.258972066152246683e+01
7.577710923231661955e-01 6.241468991005555722e+01 1.258972066152246683e+01
7.735579900798987829e-01 6.221593727718627065e+01 1.258972066152246683e+01
7.893448878366314814e-01 6.201718464431699829e+01 1.258972066152224123e+01
8.051317855933640688e-01 6.181843201144771882e+01 1.258972066152246683e+01
8.209186833500967673e-01 6.161967937857843935e+01 1.258972066152246683e+01
8.367055811068293547e-01 6.142092674570915989e+01 1.258972066152224123e+01
8.524924788635619421e-01 6.122217411283988753e+01 1.258972066152201741e+01
8.682793766202946406e-01 6.102342147997061517e+01 1.258972066152201741e+01
8.840662743770272280e-01 6.082466884710134281e+01 1.258972066152224123e+01
8.998531721337598155e-01 6.062591621423206334e+01 1.258972066152246683e+01
9.156400698904925139e-01 6.042716358136278387e+01 1.258972066152246683e+01
9.314269676472251014e-01 6.022841094849350441e+01 1.258972066152246683e+01
9.472138654039576888e-01 6.002965831562422494e+01 1.258972066152246683e+01
9.630007631606903873e-01 5.983090568275494547e+01 1.258972066152246683e+01
9.787876609174229747e-01 5.963215304988566601e+01 1.258972066152246683e+01
9.945745586741556732e-01 5.943340041701638654e+01 1.258972066152224123e+01
1.010361456430888261e+00 5.923464778414711418e+01 1.258972066152201741e+01
1.026148354187620848e+00 5.903589515127784182e+01 1.258972066152246683e+01
1.041935251944353436e+00 5.883714251840855525e+01 1.258972066152246683e+01
1.057722149701086245e+00 5.863838988553928289e+01 1.258972066152246683e+01
1.073509047457818832e+00 5.843963725266999631e+01 1.258972066152246683e+01
1.089295945214551420e+00 5.824088461980072395e+01 1.258972066152224123e+01
1.105082842971284007e+00 5.804213198693144449e+01 1.258972066152246683e+01
1.120869740728016595e+00 5.784337935406216502e+01 1.258972066152246683e+01
1.136656638484749404e+00 5.764462672119288555e+01 1.258972066152224123e+01
1.152443536241481992e+00 5.744587408832361319e+01 1.258972066152201741e+01
1.168230433998214579e+00 5.724712145545434083e+01 1.258972066152224123e+01
1.184017331754947167e+00 5.704836882258506137e+01 1.258972066152224123e+01
1.199804229511679754e+00 5.684961618971578901e+01 1.258972066152224123e+01
1.215591127268412341e+00 5.665086355684650954e+01 1.258972066152246683e+01
1.231378025025145151e+00 5.645211092397723007e+01 1.258972066152246683e+01
1.247164922781877738e+00 5.625335829110795061e+01 1.258972066152246683e+01
1.262951820538610326e+00 5.605460565823867114e+01 1.258972066152269242e+01
1.278738718295342913e+00 5.585585302536938457e+01 1.258972066152224123e+01
1.294525616052075501e+00 5.565710039250011931e+01 1.258972066152201741e+01
1.310312513808808310e+00 5.545834775963083985e+01 1.258972066152224123e+01
1.326099411565540898e+00 5.525959512676156749e+01 1.258972066152246683e+01
1.341886309322273485e+00 5.506084249389228091e+01 1.258972066152246683e+01
1.357673207079006072e+00 5.486208986102300855e+01 1.258972066152246683e+01
1.373460104835738660e+00 5.466333722815372198e+01 1.258972066152269242e+01
1.389247002592471247e+00 5.446458459528444251e+01 1.258972066152224123e+01
1.405033900349204057e+00 5.426583196241517015e+01 1.258972066152201741e+01
1.420820798105936644e+00 5.406707932954589779e+01 1.258972066152224123e+01
1.436607695862669232e+00 5.386832669667661833e+01 1.258972066152246683e+01
1.452394593619401819e+00 5.366957406380733886e+01 1.258972066152224123e+01
1.468181491376134407e+00 5.347082143093806650e+01 1.258972066152224123e+01
1.483968389132867216e+00 5.327206879806878703e+01 1.258972066152224123e+01
1.499755286889599804e+00 5.307331616519951467e+01 1.258972066152269242e+01
1.515542184646332391e+00 5.287456353233022099e+01 1.833171006726386665e+01
1.531329082403064978e+00 5.249451450012359288e+01 1.676320962105364387e+01
1.547115980159797566e+00 5.234528537960571981e+01 1.102122021531246787e+01
1.562902877916530375e+00 5.214653274673644745e+01 2.694830853823276939e+01
1.578689775673262963e+00 5.149442499638578852e+01 4.901730464848424873e+01
1.594476673429995550e+00 5.059887039314397583e+01 6.619557474350276038e+01
1.610263571186728138e+00 4.940437945553812682e+01 7.912635287771261972e+01
1.626050468943460725e+00 4.810055110765678421e+01 7.708340836249070094e+01
1.641837366700193535e+00 4.697056368241990754e+01 8.563111062055638456e+01
1.657624264456926122e+00 4.539685193133241370e+01 1.042217205850894572e+02
1.673411162213658709e+00 4.367988838860478040e+01 9.574841216285420842e+01
1.689198059970391297e+00 4.237371114496346536e+01 7.512383356870041951e+01
1.704984957727123884e+00 4.130794382931903641e+01 6.541864299931809512e+01
1.720771855483856472e+00 4.030819628813461009e+01 6.447498071836915301e+01
1.736558753240589281e+00 3.927222397238263341e+01 7.202458773167643358e+01
1.752345650997321869e+00 3.803410668315301990e+01 7.720364119528832703e+01
1.768132548754054456e+00 3.683461199238765715e+01 7.641537286383034200e+01
1.783919446510787044e+00 3.562138332626523862e+01 7.901773673412174048e+01
1.799706344267519631e+00 3.433972213080766522e+01 8.860783546692375978e+01
1.815493242024252440e+00 3.282369764834181325e+01 9.336953209985553315e+01
1.831280139780985028e+00 3.139169161709889622e+01 9.190346856510025475e+01
1.847067037537717615e+00 2.992195632488915535e+01 9.051687829174393585e+01
1.862853935294450203e+00 2.853373021139815080e+01 8.654415426768042607e+01
1.878640833051182790e+00 2.718942889515562200e+01 8.220692141959406740e+01
1.894427730807915378e+00 2.593814568470438076e+01 7.866303523510720197e+01
1.910214628564648187e+00 2.470573830617383493e+01 7.340062297534232982e+01
1.926001526321380775e+00 2.362060942431996224e+01 6.852317480418706452e+01
1.941788424078113362e+00 2.254220159697299763e+01 6.707491246494856796e+01
1.957575321834845949e+00 2.150279985406809402e+01 6.718466871400818263e+01
1.973362219591578537e+00 2.042092660535699622e+01 6.933599731607540662e+01
1.989149117348311346e+00 1.931359925308815306e+01 7.063915525755108149e+01
2.004936015105043712e+00 1.819058036201115414e+01 7.183702347607106731e+01
2.020722912861776521e+00 1.704543176355868184e+01 7.424842300197505551e+01
2.036509810618509331e+00 1.584627583694952335e+01 7.477173555592804632e+01
2.052296708375241696e+00 1.468460427492891007e+01 7.274309484549887372e+01
2.068083606131974506e+00 1.354950023528113334e+01 6.881815777859442562e+01
2.083870503888706871e+00 1.251175383361418092e+01 6.288680131701831755e+01
2.099657401645439680e+00 1.156392523000167927e+01 5.790346781224324246e+01
2.115444299402172490e+00 1.068352158138989516e+01 5.423252488629757551e+01
2.131231197158904855e+00 9.851598579062804006e+00 4.941595364213994657e+01
2.147018094915637665e+00 9.123272365990089838e+00 4.441620466427485781e+01
2.162804992672370030e+00 8.449210415508767724e+00 4.006610803070726945e+01
2.178591890429102840e+00 7.858233264008130270e+00 3.579477310037808024e+01
2.194378788185835649e+00 7.319033569186543353e+00 3.305847883194768855e+01
2.210165685942568015e+00 6.814451613381994122e+00 3.040175715653667865e+01
2.225952583699300824e+00 6.359134705476025218e+00 2.673513322186685315e+01
2.241739481456033189e+00 5.970321984009518523e+00 2.334595370521882529e+01
2.257526379212765999e+00 5.622014337120619487e+00 2.034177039969759448e+01
2.273313276969498808e+00 5.328055085027606275e+00 1.669867062222282428e+01
2.289100174726231174e+00 5.094773925547846360e+00 1.364399713152358373e+01
2.304887072482963983e+00 4.897262309610574071e+00 1.063189141722167541e+01
2.320673970239696349e+00 4.759084760019122839e+00 7.221643206336556986e+00
2.336460867996429158e+00 4.669247623742498021e+00 4.367334781383405584e+00
2.352247765753161524e+00 4.621191424692878691e+00 1.291816524925950782e+00
2.368034663509894333e+00 4.628460072943570758e+00 -3.075804404109952372e+00
2.383821561266627143e+00 4.718306243987662185e+00 -7.021580149446401187e+00
2.399608459023359508e+00 4.850158008763598261e+00 -1.063492049626761293e+01
2.415395356780092317e+00 5.054091049038776262e+00 -1.451911778132766351e+01
2.431182254536824683e+00 5.308581664627155305e+00 -1.717262071993217987e+01
2.446969152293557492e+00 5.596295864080211402e+00 -1.890147874281367990e+01
2.462756050050290302e+00 5.905373089354864824e+00 -1.961379135832900644e+01
2.478542947807022667e+00 6.215577701671863409e+00 -1.790625748534256800e+01
2.494329845563755477e+00 6.470741601608527738e+00 -1.595661319198575612e+01
2.510116743320487842e+00 6.719388543683083803e+00 -1.388299124363262926e+01
2.525903641077220652e+00 6.909080328250213121e+00 -1.114200964084893286e+01
2.541690538833953461e+00 7.071184077692306502e+00 -8.646233162207249023e+00
2.557477436590685826e+00 7.182074726075486915e+00 -5.462791213218023856e+00
2.573264334347418636e+00 7.243665130391207185e+00 -2.711068023824446893e+00
2.589051232104151001e+00 7.267673433482814360e+00 -6.445530463147313149e-01
2.604838129860883811e+00 7.264016116473129614e+00 3.122416327288848326e+00
2.620625027617616620e+00 7.169086898857091050e+00 7.486546879648055430e+00
2.636411925374348986e+00 7.027637416193150521e+00 1.106224212283659014e+01
2.652198823131081795e+00 6.819809928150206702e+00 1.348014658337548255e+01
2.667985720887814161e+00 6.602018024478115699e+00 1.468517772182197234e+01
2.683772618644546970e+00 6.356143129682504167e+00 1.619209827597934037e+01
2.699559516401279780e+00 6.090772024578410715e+00 1.664117108347996776e+01
2.715346414158012145e+00 5.830718196788116536e+00 1.488109398347300782e+01
2.731133311914744954e+00 5.620919406127575790e+00 1.300961754022209149e+01
2.746920209671477320e+00 5.419955192864753357e+00 1.219801315102684214e+01
2.762707107428210129e+00 5.235781833226494264e+00 1.244343054032109741e+01
2.778494005184942495e+00 5.027068861498646513e+00 1.286302697301904807e+01
2.794280902941675304e+00 4.829647249896202865e+00 1.285625779520004919e+01
2.810067800698408114e+00 4.621148006804606467e+00 1.409174806731993002e+01
2.825854698455140479e+00 4.384717277991374118e+00 1.589963702124433453e+01
2.841641596211873289e+00 4.119136118757515952e+00 1.612782978174806559e+01
2.857428493968605654e+00 3.875500478386485703e+00 1.521088258210018473e+01
2.873215391725338463e+00 3.638870822530954285e+00 1.368188975274657082e+01
2.889002289482071273e+00 3.443511289095489758e+00 1.227808927540963779e+01
2.904789187238803638e+00 3.251204942453099545e+00 1.123559050553401129e+01
2.920576084995536448e+00 3.088761052000727148e+00 8.031423681602822384e+00
2.936362982752268813e+00 2.997622413448169709e+00 4.608100418705544321e+00
2.952149880509001623e+00 2.943265831675004662e+00 1.598688345273940881e+00
2.967936778265734432e+00 2.947145754544730156e+00 -1.801990470265184774e+00
2.983723676022466798e+00 3.000161510300370704e+00 -4.668812532913599433e+00
2.999510573779199607e+00 3.094557886749647935e+00 -9.803581330535308780e+00
3.015297471535931972e+00 3.309697782530318211e+00 -1.628791888789031717e+01
3.031084369292664782e+00 3.608829307055805291e+00 -2.073278965744331259e+01
3.046871267049397591e+00 3.964310643598120798e+00 -2.639583572479229900e+01
3.062658164806129957e+00 4.442246026637418410e+00 -3.161394111594048795e+01
3.078445062562862766e+00 4.962482755767557485e+00 -3.557859997097704507e+01
3.094231960319595132e+00 5.565597466776428526e+00 -4.056164829934352412e+01
3.110018858076327941e+00 6.243167944860125829e+00 -4.262484733041915064e+01
3.125805755833060751e+00 6.911425680179758224e+00 -4.386532405302046556e+01
3.141592653589793116e+00 7.628162716642083119e+00 -4.540075241550598406e+01
