0.000000000000000000e+00 1.979218589355899383e+02 1.433150133736144127e+01
1.578689775673262907e-02 1.976956089892765362e+02 2.866300267472828267e+01
3.157379551346525814e-02 1.970168591503361597e+02 5.732600534945656534e+01
4.736069327019788722e-02 1.958856094187689791e+02 8.598900802418124556e+01
6.314759102693051629e-02 1.943018597945749377e+02 1.003205093615453904e+02
7.893448878366314536e-02 1.927181101703808679e+02 1.003205093615462857e+02
9.472138654039577443e-02 1.911343605461867980e+02 1.003205093615462857e+02
1.105082842971284035e-01 1.895506109219927282e+02 1.003205093615462857e+02
1.262951820538610326e-01 1.879668612977986584e+02 1.003205093615471952e+02
1.420820798105936755e-01 1.863831116736045601e+02 1.003205093615471952e+02
1.578689775673262907e-01 1.847993620494104903e+02 1.003205093615462857e+02
1.736558753240589059e-01 1.832156124252164204e+02 1.003205093615471952e+02
1.894427730807915489e-01 1.816318628010223222e+02 1.003205093615471952e+02
2.052296708375241918e-01 1.800481131768282523e+02 1.003205093615453904e+02
2.210165685942568070e-01 1.784643635526342109e+02 1.003205093615462857e+02
2.368034663509894222e-01 1.768806139284401127e+02 1.003205093615471952e+02
2.525903641077220652e-01 1.752968643042460428e+02 1.003205093615462857e+02
2.683772618644547081e-01 1.737131146800519730e+02 1.003205093615462857e+02
2.841641596211873511e-01 1.721293650558579031e+02 1.003205093615462857e+02
2.999510573779199385e-01 1.705456154316638333e+02 1.003205093615462857e+02
3.157379551346525814e-01 1.689618658074697635e+02 1.003205093615471952e+02
3.315248528913852244e-01 1.673781161832756652e+02 1.003205093615471952e+02
3.473117506481178118e-01 1.657943665590815954e+02 1.003205093615453904e+02
3.630986484048504548e-01 1.642106169348875540e+02 1.003205093615462857e+02
3.788855461615830977e-01 1.626268673106934557e+02 1.003205093615471952e+02
3.946724439183157407e-01 1.610431176864993859e+02 1.003205093615462857e+02
4.104593416750483836e-01 1.594593680623053160e+02 1.003205093615462857e+02
4.262462394317809711e-01 1.578756184381112462e+02 1.003205093615462857e+02
4.420331371885136140e-01 1.562918688139171763e+02 1.003205093615462857e+02
4.578200349452462570e-01 1.547081191897231065e+02 1.003205093615462857e+02
4.736069327019788444e-01 1.531243695655290367e+02 1.003205093615471952e+02
4.893938304587114874e-01 1.515406199413349384e+02 1.003205093615471952e+02
5.051807282154441303e-01 1.499568703171408686e+02 1.003205093615462857e+02
5.209676259721767178e-01 1.483731206929467987e+02 1.003205093615462857e+02
5.367545237289094162e-01 1.467893710687527289e+02 1.003205093615462857e+02
5.525414214856420037e-01 1.452056214445586591e+02 1.003205093615462857e+02
5.683283192423747021e-01 1.436218718203645892e+02 1.003205093615471952e+02
5.841152169991072896e-01 1.420381221961704910e+02 1.003205093615462857e+02
5.999021147558398770e-01 1.404543725719764495e+02 1.003205093615462857e+02
6.156890125125725755e-01 1.388706229477823513e+02 1.003205093615462857e+02
6.314759102693051629e-01 1.372868733235883099e+02 1.003205093615462857e+02
6.472628080260377503e-01 1.357031236993942116e+02 1.003205093615471952e+02
6.630497057827704488e-01 1.341193740752001418e+02 1.003205093615462857e+02
6.788366035395030362e-01 1.325356244510060719e+02 1.003205093615462857e+02
6.946235012962356237e-01 1.309518748268120021e+02 1.003205093615462857e+02
7.104103990529683221e-01 1.293681252026179322e+02 1.003205093615467405e+02
7.261972968097009096e-01 1.277843755784238482e+02 1.003205093615467405e+02
7.419841945664336080e-01 1.262006259542297784e+02 1.003205093615467405e+02
7.577710923231661955e-01 1.246168763300356943e+02 1.003205093615467405e+02
7.735579900798987829e-01 1.230331267058416245e+02 1.003205093615467405e+02
7.893448878366314814e-01 1.214493770816475404e+02 1.003205093615462857e+02
8.051317855933640688e-01 1.198656274574534848e+02 1.003205093615462857e+02
8.209186833500967673e-01 1.182818778332594007e+02 1.003205093615467405e+02
8.367055811068293547e-01 1.166981282090653309e+02 1.003205093615462857e+02
8.524924788635619421e-01 1.151143785848712611e+02 1.003205093615467405e+02
8.682793766202946406e-01 1.135306289606771770e+02 1.003205093615467405e+02
8.840662743770272280e-01 1.119468793364831072e+02 1.003205093615462857e+02
8.998531721337598155e-01 1.103631297122890373e+02 1.003205093615467405e+02
9.156400698904925139e-01 1.087793800880949533e+02 1.003205093615462857e+02
9.314269676472251014e-01 1.071956304639008977e+02 1.003205093615462857e+02
9.472138654039576888e-01 1.056118808397068136e+02 1.003205093615471952e+02
9.630007631606903873e-01 1.040281312155127296e+02 1.003205093615467405e+02
9.787876609174229747e-01 1.024443815913186597e+02 1.003205093615467405e+02
9.945745586741556732e-01 1.008606319671245757e+02 1.003205093615462857e+02
1.010361456430888261e+00 9.927688234293052005e+01 1.003205093615458452e+02
1.026148354187620848e+00 9.769313271873645022e+01 1.003205093615462857e+02
1.041935251944353436e+00 9.610938309454238038e+01 1.003205093615467405e+02
1.057722149701086245e+00 9.452563347034829633e+01 1.003205093615467405e+02
1.073509047457818832e+00 9.294188384615422649e+01 1.003205093615467405e+02
1.089295945214551420e+00 9.135813422196014244e+01 1.003205093615462857e+02
1.105082842971284007e+00 8.977438459776608681e+01 1.003205093615462857e+02
1.120869740728016595e+00 8.819063497357200276e+01 1.003205093615467405e+02
1.136656638484749404e+00 8.660688534937793293e+01 1.003205093615467405e+02
1.152443536241481992e+00 8.502313572518384888e+01 1.003205093615467405e+02
1.168230433998214579e+00 8.343938610098977904e+01 1.003205093615462857e+02
1.184017331754947167e+00 8.185563647679570920e+01 1.003205093615471952e+02
1.199804229511679754e+00 8.027188685260161094e+01 1.003205093615467405e+02
1.215591127268412341e+00 7.868813722840755531e+01 1.003205093615458452e+02
1.231378025025145151e+00 7.710438760421348547e+01 1.003205093615458452e+02
1.247164922781877738e+00 7.552063798001942985e+01 1.003205093615458452e+02
1.262951820538610326e+00 7.393688835582536001e+01 1.003205093615467405e+02
1.278738718295342913e+00 7.235313873163127596e+01 1.003205093615467405e+02
1.294525616052075501e+00 7.076938910743720612e+01 1.003205093615467405e+02
1.310312513808808310e+00 6.918563948324312207e+01 1.003205093615471952e+02
1.326099411565540898e+00 6.760188985904903802e+01 1.098335809881285030e+02
1.341886309322273485e+00 6.571777645661232725e+01 1.145901168014191569e+02
1.357673207079006072e+00 6.398384494329692984e+01 1.050770451748376217e+02
1.373460104835738660e+00 6.240009531910285290e+01 1.049956710371463799e+02
1.389247002592471247e+00 6.066873309617100318e+01 1.143459943883459005e+02
1.405033900349204057e+00 5.878975827450137359e+01 1.239404401526189048e+02
1.420820798105936644e+00 5.675546298294333525e+01 1.098335809881287304e+02
1.436607695862669232e+00 5.532189524787057167e+01 7.061540810755641928e+01
1.452394593619401819e+00 5.452586652725545235e+01 5.042337848014785351e+01
1.468181491376134407e+00 5.372983780664031883e+01 5.207119304097970769e+01
1.483968389132867216e+00 5.288178132603738391e+01 4.521619061193385392e+01
1.499755286889599804e+00 5.230219105036125171e+01 2.787843362339472009e+01
1.515542184646332391e+00 5.200155336357660474e+01 3.020768622621056831e+00
1.531329082403064978e+00 5.220681391957712236e+01 5.281493433936678805e+00
1.547115980159797566e+00 5.183479656988777862e+01 3.666476676633917720e+01
1.562902877916530375e+00 5.104916807114783239e+01 5.192340920918416458e+01
1.578689775673262963e+00 5.019537746515501908e+01 5.594384431216365527e+01
1.594476673429995550e+00 4.928280857059844067e+01 6.323242222816272573e+01
1.610263571186728138e+00 4.819888989590191386e+01 7.031457210935519697e+01
1.626050468943460725e+00 4.706271064920085223e+01 8.662897000345725473e+01
1.641837366700193535e+00 4.546368451147063894e+01 9.784148414096895863e+01
1.657624264456926122e+00 4.397348363619994416e+01 8.382963242234720269e+01
1.673411162213658709e+00 4.281686483939849097e+01 7.136176838426391100e+01
1.689198059970391297e+00 4.172032175375592544e+01 6.528548516858825224e+01
1.704984957727123884e+00 4.075555428068811636e+01 5.857543339474777611e+01
1.720771855483856472e+00 3.987087299763755510e+01 5.628269837586539381e+01
1.736558753240589281e+00 3.897849587122249915e+01 5.217452506074166507e+01
1.752345650997321869e+00 3.822352521235752931e+01 5.044410959307925424e+01
1.768132548754054456e+00 3.738578387007178350e+01 5.870268543373425985e+01
1.783919446510787044e+00 3.637005862638152820e+01 6.953768589856812810e+01
1.799706344267519631e+00 3.519021519503081663e+01 7.889056942718309529e+01
1.815493242024252440e+00 3.387918391934681495e+01 8.290329693995653315e+01
1.831280139780985028e+00 3.257264345005653894e+01 8.483998063220677466e+01
1.847067037537717615e+00 3.120046371949916519e+01 8.608769510707539041e+01
1.862853935294450203e+00 2.985452816852019708e+01 8.542063036465992809e+01
1.878640833051182790e+00 2.850341020373409151e+01 8.825088710424037686e+01
1.894427730807915378e+00 2.706811270520900337e+01 8.739275210226826118e+01
1.910214628564648187e+00 2.574408931949811219e+01 8.422331204315307218e+01
1.926001526321380775e+00 2.440886307329171245e+01 8.494271765079810166e+01
1.941788424078113362e+00 2.306212532203379695e+01 8.371037889790781605e+01
1.957575321834845949e+00 2.176580868761447363e+01 8.128540024065185321e+01
1.973362219591578537e+00 2.049563671660527575e+01 8.041448420741303948e+01
1.989149117348311346e+00 1.922681820692883292e+01 7.695763165062555800e+01
2.004936015105043712e+00 1.806579219166784256e+01 7.440903844218938445e+01
2.020722912861776521e+00 1.687744244280156991e+01 7.430146833194591238e+01
2.036509810618509331e+00 1.571981282420476767e+01 7.143549658600396413e+01
2.052296708375241696e+00 1.462195268119223535e+01 6.771905482015095856e+01
2.068083606131974506e+00 1.358166523494817746e+01 6.513057805818436918e+01
2.083870503888706871e+00 1.256553312790933497e+01 6.211254494206161070e+01
2.099657401645439680e+00 1.162053644212660330e+01 5.976201950490487036e+01
2.115444299402172490e+00 1.067861934458974638e+01 5.765400681505487057e+01
2.131231197158904855e+00 9.800180620416128363e+00 5.262372110261617308e+01
2.147018094915637665e+00 9.017088735338116834e+00 4.711048383544441975e+01
2.162804992672370030e+00 8.312723837255395765e+00 4.361958496496224313e+01
2.178591890429102840e+00 7.639852879272175379e+00 4.040248163226399924e+01
2.194378788185835649e+00 7.037064143961756280e+00 3.629641325646669969e+01
2.210165685942568015e+00 6.493837349240266121e+00 3.142459236790832477e+01
2.225952583699300824e+00 6.044870490443417843e+00 2.604432357762017958e+01
2.241739481456033189e+00 5.671519202313964669e+00 2.234187771156323876e+01
2.257526379212765999e+00 5.339452612191672998e+00 1.930103222560750709e+01
2.273313276969498808e+00 5.062112357623830050e+00 1.495174290289813612e+01
2.289100174726231174e+00 4.867369339205661838e+00 1.059402609995552957e+01
2.304887072482963983e+00 4.727618743879520302e+00 6.777985112559497871e+00
2.320673970239696349e+00 4.653362623268396447e+00 3.486477588055223897e+00
2.336460867996429158e+00 4.617537413451985095e+00 4.529167779508700420e-01
2.352247765753161524e+00 4.639062321536758127e+00 -3.461180509950964268e+00
2.368034663509894333e+00 4.726820019108368243e+00 -6.720814537227399299e+00
2.383821561266627143e+00 4.851263945419100665e+00 -8.900153576116810683e+00
2.399608459023359508e+00 5.007831648159116966e+00 -1.113796125475044718e+01
2.415395356780092317e+00 5.202931656513490211e+00 -1.270943062834862936e+01
2.431182254536824683e+00 5.409116611911168881e+00 -1.363827142543267179e+01
2.446969152293557492e+00 5.633543649657237751e+00 -1.440108656000389686e+01
2.462756050050290302e+00 5.863813574128444728e+00 -1.470612302530375359e+01
2.478542947807022667e+00 6.097871770854041529e+00 -1.489957462099314434e+01
2.494329845563755477e+00 6.334249696449298916e+00 -1.509841844915573184e+01
2.510116743320487842e+00 6.574586147544415837e+00 -1.414603868403123421e+01
2.525903641077220652e+00 6.780893829184470256e+00 -1.307187626030503047e+01
2.541690538833953461e+00 6.987314895564607831e+00 -1.181032955735242496e+01
2.557477436590685826e+00 7.153790759574950364e+00 -8.256347381413656095e+00
2.573264334347418636e+00 7.247999119473496954e+00 -3.897442113169849787e+00
2.589051232104151001e+00 7.276847799881743128e+00 5.385856145581330301e-01
2.604838129860883811e+00 7.230993927412944444e+00 5.739211372846234838e+00
2.620625027617616620e+00 7.095639113586941882e+00 1.025702791108555978e+01
2.636411925374348986e+00 6.907140625572423254e+00 1.433579998773067388e+01
2.652198823131081795e+00 6.643003496252395834e+00 1.751033785780038698e+01
2.667985720887814161e+00 6.354272798678544554e+00 1.863098301463683271e+01
2.683772618644546970e+00 6.054752648333407983e+00 1.935298712734384807e+01
2.699559516401279780e+00 5.743225540545064511e+00 1.914911088388807059e+01
2.715346414158012145e+00 5.450142537020854050e+00 1.790942857673122290e+01
2.731133311914744954e+00 5.177756904900341794e+00 1.654448232059490564e+01
2.746920209671477320e+00 4.927770435354249301e+00 1.540419787532458429e+01
2.762707107428210129e+00 4.691387911135887379e+00 1.508880310639364097e+01
2.778494005184942495e+00 4.451359651530037098e+00 1.444136473200616066e+01
2.794280902941675304e+00 4.235419214152155831e+00 1.384853584039470498e+01
2.810067800698408114e+00 4.014108812744519916e+00 1.334446027825255143e+01
2.825854698455140479e+00 3.814083954089050099e+00 1.306061837845283158e+01
2.841641596211873289e+00 3.601735518783844014e+00 1.311265395233245634e+01
2.857428493968605654e+00 3.400067699559273127e+00 1.200284992262403883e+01
2.873215391725338463e+00 3.222759989748100296e+00 1.021407217032994019e+01
2.889002289482071273e+00 3.077570673493499331e+00 9.306498568218753320e+00
2.904789187238803638e+00 2.928918507008804184e+00 7.488920666948217786e+00
2.920576084995536448e+00 2.841117023738712444e+00 5.383313713894374075e+00
2.936362982752268813e+00 2.758946860621469988e+00 2.163577564993135471e+00
2.952149880509001623e+00 2.772804668124098093e+00 -2.165309494965491854e+00
2.967936778265734432e+00 2.827313899838875155e+00 -4.064959587643299344e+00
2.983723676022466798e+00 2.901150870914847690e+00 -6.346284404566349124e+00
2.999510573779199607e+00 3.027690185898946673e+00 -1.169084446304371205e+01
3.015297471535931972e+00 3.270275203370717421e+00 -1.670557706752816074e+01
3.031084369292664782e+00 3.555148660163515384e+00 -1.997000632350539817e+01
3.046871267049397591e+00 3.900804099431685046e+00 -2.191479814274595483e+01
3.062658164806129957e+00 4.247082015441444369e+00 -2.621009338814523915e+01
3.078445062562862766e+00 4.728356228457810673e+00 -3.601664567481429913e+01
3.094231960319595132e+00 5.384264221058963962e+00 -4.585271951219755238e+01
3.110018858076327941e+00 6.176100618072214665e+00 -5.234365889610346301e+01
3.125805755833060751e+00 7.036952203471111389e+00 -5.430459182920200334e+01
3.141592653589793116e+00 7.890702695929634913e+00 -5.407968719468174612e+01
