0.000000000000000000e+00 1.436327361673918972e+02 8.682458703686078749e+00
1.578689775673262907e-02 1.434956670795597518e+02 1.736491740737305634e+01
3.157379551346525814e-02 1.430844598160632870e+02 3.472983481474521739e+01
4.736069327019788722e-02 1.423991143769025598e+02 5.209475222211737133e+01
6.314759102693051629e-02 1.414396307620775133e+02 6.077721092580434714e+01
7.893448878366314536e-02 1.404801471472524668e+02 6.077721092580345186e+01
9.472138654039577443e-02 1.395206635324274487e+02 6.077721092580254947e+01
1.105082842971284035e-01 1.385611799176024306e+02 6.077721092580345186e+01
1.262951820538610326e-01 1.376016963027773841e+02 6.077721092580434714e+01
1.420820798105936755e-01 1.366422126879523375e+02 6.077721092580345186e+01
1.578689775673262907e-01 1.356827290731273195e+02 6.077721092580254947e+01
1.736558753240589059e-01 1.347232454583023014e+02 6.077721092580345186e+01
1.894427730807915489e-01 1.337637618434772548e+02 6.077721092580434714e+01
2.052296708375241918e-01 1.328042782286522083e+02 6.077721092580345186e+01
2.210165685942568070e-01 1.318447946138271902e+02 6.077721092580254947e+01
2.368034663509894222e-01 1.308853109990021721e+02 6.077721092580345186e+01
2.525903641077220652e-01 1.299258273841771256e+02 6.077721092580434714e+01
2.683772618644547081e-01 1.289663437693520791e+02 6.077721092580345186e+01
2.841641596211873511e-01 1.280068601545270610e+02 6.077721092580299711e+01
2.999510573779199385e-01 1.270473765397020287e+02 6.077721092580345186e+01
3.157379551346525814e-01 1.260878929248769964e+02 6.077721092580389950e+01
3.315248528913852244e-01 1.251284093100519499e+02 6.077721092580345186e+01
3.473117506481178118e-01 1.241689256952269318e+02 6.077721092580345186e+01
3.630986484048504548e-01 1.232094420804018853e+02 6.077721092580345186e+01
3.788855461615830977e-01 1.222499584655768672e+02 6.077721092580299711e+01
3.946724439183157407e-01 1.212904748507518349e+02 6.077721092580345186e+01
4.104593416750483836e-01 1.203309912359268026e+02 6.077721092580345186e+01
4.262462394317809711e-01 1.193715076211017703e+02 6.077721092580345186e+01
4.420331371885136140e-01 1.184120240062767380e+02 6.077721092580389950e+01
4.578200349452462570e-01 1.174525403914516914e+02 6.077721092580389950e+01
4.736069327019788444e-01 1.164930567766266591e+02 6.077721092580345186e+01
4.893938304587114874e-01 1.155335731618016268e+02 6.077721092580345186e+01
5.051807282154441303e-01 1.145740895469765945e+02 6.077721092580345186e+01
5.209676259721767178e-01 1.136146059321515622e+02 6.077721092580299711e+01
5.367545237289094162e-01 1.126551223173265441e+02 6.077721092580345186e+01
5.525414214856420037e-01 1.116956387025014976e+02 6.077721092580434714e+01
5.683283192423747021e-01 1.107361550876764511e+02 6.077721092580345186e+01
5.841152169991072896e-01 1.097766714728514330e+02 6.077721092580299711e+01
5.999021147558398770e-01 1.088171878580264007e+02 6.077721092580345186e+01
6.156890125125725755e-01 1.078577042432013684e+02 6.077721092580299711e+01
6.314759102693051629e-01 1.068982206283763503e+02 6.077721092580299711e+01
6.472628080260377503e-01 1.059387370135513180e+02 6.077721092580389950e+01
6.630497057827704488e-01 1.049792533987262715e+02 6.077721092580389950e+01
6.788366035395030362e-01 1.040197697839012392e+02 6.077721092580345186e+01
6.946235012962356237e-01 1.030602861690762069e+02 6.077721092580345186e+01
7.104103990529683221e-01 1.021008025542511746e+02 6.077721092580299711e+01
7.261972968097009096e-01 1.011413189394261565e+02 6.077721092580299711e+01
7.419841945664336080e-01 1.001818353246011242e+02 6.077721092580345186e+01
7.577710923231661955e-01 9.922235170977609187e+01 6.077721092580389950e+01
7.735579900798987829e-01 9.826286809495104535e+01 6.077721092580434714e+01
7.893448878366314814e-01 9.730338448012599883e+01 6.077721092580345186e+01
8.051317855933640688e-01 9.634390086530098074e+01 6.077721092580299711e+01
8.209186833500967673e-01 9.538441725047594844e+01 6.077721092580345186e+01
8.367055811068293547e-01 9.442493363565091613e+01 6.077721092580345186e+01
8.524924788635619421e-01 9.346545002082588383e+01 6.077721092580345186e+01
8.682793766202946406e-01 9.250596640600085152e+01 6.077721092580345186e+01
8.840662743770272280e-01 9.154648279117581922e+01 6.077721092580389950e+01
8.998531721337598155e-01 9.058699917635077270e+01 6.077721092580389950e+01
9.156400698904925139e-01 8.962751556152574040e+01 6.077721092580299711e+01
9.314269676472251014e-01 8.866803194670072230e+01 6.077721092580299711e+01
9.472138654039576888e-01 8.770854833187569000e+01 6.077721092580345186e+01
9.630007631606903873e-01 8.674906471705065769e+01 6.077721092580299711e+01
9.787876609174229747e-01 8.578958110222563960e+01 6.077721092580389950e+01
9.945745586741556732e-01 8.483009748740057887e+01 6.077721092580434714e+01
1.010361456430888261e+00 8.387061387257554657e+01 6.077721092580299711e+01
1.026148354187620848e+00 8.291113025775052847e+01 6.077721092580299711e+01
1.041935251944353436e+00 8.195164664292549617e+01 6.077721092580345186e+01
1.057722149701086245e+00 8.099216302810046386e+01 6.077721092580345186e+01
1.073509047457818832e+00 8.003267941327543156e+01 6.077721092580345186e+01
1.089295945214551420e+00 7.907319579845039925e+01 6.077721092580389950e+01
1.105082842971284007e+00 7.811371218362535274e+01 6.077721092580389950e+01
1.120869740728016595e+00 7.715422856880032043e+01 6.077721092580299711e+01
1.136656638484749404e+00 7.619474495397530234e+01 6.077721092580299711e+01
1.152443536241481992e+00 7.523526133915027003e+01 6.077721092580345186e+01
1.168230433998214579e+00 7.427577772432523773e+01 6.077721092580345186e+01
1.184017331754947167e+00 7.331629410950020542e+01 6.077721092580345186e+01
1.199804229511679754e+00 7.235681049467517312e+01 6.077721092580345186e+01
1.215591127268412341e+00 7.139732687985014081e+01 6.077721092580345186e+01
1.231378025025145151e+00 7.043784326502510851e+01 6.077721092580345186e+01
1.247164922781877738e+00 6.947835965020007620e+01 6.077721092580345186e+01
1.262951820538610326e+00 6.851887603537504390e+01 6.077721092580345186e+01
1.278738718295342913e+00 6.755939242055001159e+01 6.077721092580345186e+01
1.294525616052075501e+00 6.659990880572497929e+01 6.077721092580345186e+01
1.310312513808808310e+00 6.564042519089994698e+01 6.077721092580389950e+01
1.326099411565540898e+00 6.468094157607490047e+01 6.077721092580389950e+01
1.341886309322273485e+00 6.372145796124986816e+01 6.077721092580345186e+01
1.357673207079006072e+00 6.276197434642483586e+01 6.077721092580299711e+01
1.373460104835738660e+00 6.180249073159981776e+01 6.077721092580299711e+01
1.389247002592471247e+00 6.084300711677478546e+01 6.077721092580367213e+01
1.405033900349204057e+00 5.988352350194974605e+01 7.143531645286395815e+01
1.420820798105936644e+00 5.858752304265237854e+01 6.948279259067837188e+01
1.436607695862669232e+00 5.768968801698714799e+01 5.882468706361809296e+01
1.452394593619401819e+00 5.673020440216211568e+01 5.877769207044718769e+01
1.468181491376134407e+00 5.583385318680142007e+01 6.058500136836528327e+01
1.483968389132867216e+00 5.481730595777433734e+01 6.711347255276510282e+01
1.499755286889599804e+00 5.371482612822185132e+01 7.172057145927364274e+01
1.515542184646332391e+00 5.255281530041035865e+01 4.376195730454954713e+01
1.531329082403064978e+00 5.233309503701900667e+01 3.727950505151874694e+01
1.547115980159797566e+00 5.137575983107051059e+01 5.731837603485237764e+01
1.562902877916530375e+00 5.052333635293067005e+01 5.929189653955514672e+01
1.578689775673262963e+00 4.950368961412505797e+01 5.037124735552148280e+01
1.594476673429995550e+00 4.893292488916925720e+01 3.618974618814736743e+01
1.610263571186728138e+00 4.836104196829628421e+01 3.071877188343398046e+01
1.626050468943460725e+00 4.796301666729692670e+01 5.553441151866422132e+01
1.641837366700193535e+00 4.660760981504535039e+01 7.420471904133493979e+01
1.657624264456926122e+00 4.562009204215167557e+01 6.543725111831354013e+01
1.673411162213658709e+00 4.454150742927244266e+01 5.992123099290807886e+01
1.689198059970391297e+00 4.372815134786647917e+01 6.699422688307210194e+01
1.704984957727123884e+00 4.242624540908362718e+01 8.364480661422577157e+01
1.720771855483856472e+00 4.108716732806556848e+01 8.971208855832587403e+01
1.736558753240589281e+00 3.959369426985715990e+01 8.517409136114521573e+01
1.752345650997321869e+00 3.839789798438356172e+01 7.728913751984393343e+01
1.768132548754054456e+00 3.715338284639351230e+01 8.095837120640344153e+01
1.783919446510787044e+00 3.584173492680936590e+01 9.303960742401645234e+01
1.799706344267519631e+00 3.421576930693453278e+01 9.849691604800156597e+01
1.815493242024252440e+00 3.273181344080281008e+01 8.877728562296320547e+01
1.831280139780985028e+00 3.141273344443459337e+01 8.467798557319257213e+01
1.847067037537717615e+00 3.005820803982266654e+01 8.457173352513912334e+01
1.862853935294450203e+00 2.874248282389257625e+01 8.303633030260057524e+01
1.878640833051182790e+00 2.743643592665979725e+01 7.992697467134675549e+01
1.894427730807915378e+00 2.621888486960955689e+01 7.315237717508165360e+01
1.910214628564648187e+00 2.512673772840988562e+01 6.987562654663003059e+01
1.926001526321380775e+00 2.401264612565099554e+01 7.442636848794830939e+01
1.941788424078113362e+00 2.277681478896159106e+01 7.664307130945923063e+01
1.957575321834845949e+00 2.159273346460219400e+01 7.578889994525330565e+01
1.973362219591578537e+00 2.038387155989968491e+01 7.745324469898139341e+01
1.989149117348311346e+00 1.914724055462216867e+01 7.775144567733990186e+01
2.004936015105043712e+00 1.792896331320705272e+01 7.691738267730850964e+01
2.020722912861776521e+00 1.671866684253787483e+01 7.608175357128799021e+01
2.036509810618509331e+00 1.552677358364135074e+01 7.300386581445009426e+01
2.052296708375241696e+00 1.441365771161997067e+01 6.972163882993461925e+01
2.068083606131974506e+00 1.332539681636131590e+01 6.648115155598253523e+01
2.083870503888706871e+00 1.231459542689168529e+01 6.165856083375916796e+01
2.099657401645439680e+00 1.137860202494164596e+01 5.836474637506417196e+01
2.115444299402172490e+00 1.047179885965014634e+01 5.490769752487041444e+01
2.131231197158904855e+00 9.644957611176184997e+00 4.982502111696598490e+01
2.147018094915637665e+00 8.898633831448973908e+00 4.542187852346368970e+01
2.162804992672370030e+00 8.210816506838883200e+00 4.083501360267029412e+01
2.178591890429102840e+00 7.609317462168689872e+00 3.735327537186083902e+01
2.194378788185835649e+00 7.031431828489591140e+00 3.516667227991190714e+01
2.210165685942568015e+00 6.498972142713704159e+00 3.100433601714703968e+01
2.225952583699300824e+00 6.052507263053424680e+00 2.735936374698659890e+01
2.241739481456033189e+00 5.635133186387834670e+00 2.508160697435448228e+01
2.257526379212765999e+00 5.260585733296052169e+00 2.082071456881952898e+01
2.273313276969498808e+00 4.977744202147699859e+00 1.688065751793291369e+01
2.289100174726231174e+00 4.727599304691998405e+00 1.302119192804010162e+01
2.304887072482963983e+00 4.566615750870177237e+00 7.948427928609162585e+00
2.320673970239696349e+00 4.476637266620576483e+00 4.414678945647094288e+00
2.336460867996429158e+00 4.427227580582715483e+00 7.303859556906171502e-01
2.352247765753161524e+00 4.453576209809694042e+00 -4.059881606394950992e+00
2.368034663509894333e+00 4.555413452231908522e+00 -6.642788457628719279e+00
2.383821561266627143e+00 4.663314254210070509e+00 -8.547128866670282932e+00
2.399608459023359508e+00 4.825278751295392077e+00 -1.103294989143946125e+01
2.415395356780092317e+00 5.011666357992688781e+00 -1.224874802275942187e+01
2.431182254536824683e+00 5.212018216661959968e+00 -1.344353094993109998e+01
2.446969152293557492e+00 5.436129655184754661e+00 -1.461565847521088735e+01
2.462756050050290302e+00 5.673490028652913963e+00 -1.565461077341949903e+01
2.478542947807022667e+00 5.930405134587592109e+00 -1.675901461335252307e+01
2.494329845563755477e+00 6.202635729062082603e+00 -1.655313951950700968e+01
2.510116743320487842e+00 6.453050576882366940e+00 -1.498403906367937566e+01
2.525903641077220652e+00 6.675738714424470643e+00 -1.365192720449786101e+01
2.541690538833953461e+00 6.884093734801895792e+00 -1.275847480347167817e+01
2.557477436590685826e+00 7.078572188932984233e+00 -1.064325258921366135e+01
2.573264334347418636e+00 7.220141615651887612e+00 -5.431594172649544028e+00
2.589051232104151001e+00 7.250068232652350453e+00 7.851242458932091578e-03
2.604838129860883811e+00 7.219893722127962654e+00 3.215687146047891520e+00
2.620625027617616620e+00 7.148536784267755628e+00 5.759440156522884102e+00
2.636411925374348986e+00 7.038046336353868782e+00 8.741446283836371123e+00
2.652198823131081795e+00 6.872536146809965274e+00 1.287679384589814902e+01
2.667985720887814161e+00 6.631477080594432749e+00 1.632592853508419495e+01
2.683772618644546970e+00 6.357064617675769469e+00 1.678879537675693712e+01
2.699559516401279780e+00 6.101391088451298295e+00 1.699134752327713827e+01
2.715346414158012145e+00 5.820583285477592739e+00 1.829880654498287385e+01
2.731133311914744954e+00 5.523628312459549328e+00 1.934181518815834622e+01
2.746920209671477320e+00 5.209888767867444592e+00 2.003698538189793510e+01
2.762707107428210129e+00 4.890984633305211382e+00 2.020014134634910263e+01
2.778494005184942495e+00 4.572093635654723265e+00 1.983904073078265284e+01
2.794280902941675304e+00 4.264590818088171531e+00 1.929398344623659867e+01
2.810067800698408114e+00 3.962909347683065242e+00 1.806739498253813636e+01
2.825854698455140479e+00 3.694134583448504205e+00 1.618961455697618845e+01
2.841641596211873289e+00 3.451741768219278583e+00 1.453489248145234214e+01
2.857428493968605654e+00 3.235212860428924309e+00 1.305227074242734986e+01
2.873215391725338463e+00 3.039632040811492075e+00 1.054796838696618266e+01
2.889002289482071273e+00 2.902173463496358075e+00 7.985600941147802168e+00
2.904789187238803638e+00 2.787496309643555659e+00 6.565417694626729528e+00
2.920576084995536448e+00 2.694878307745727231e+00 5.109871739256961476e+00
2.936362982752268813e+00 2.626158264248221297e+00 3.910811620860080495e+00
2.952149880509001623e+00 2.571399141337007421e+00 1.621820722987303842e+00
2.967936778265734432e+00 2.574951228381119783e+00 -2.391048561896446767e+00
2.983723676022466798e+00 2.646893619693091004e+00 -5.931693096027355061e+00
2.999510573779199607e+00 2.762237293243721137e+00 -1.032034026931316184e+01
3.015297471535931972e+00 2.972745932985765727e+00 -1.515227571043683419e+01
3.031084369292664782e+00 3.240652148088700280e+00 -1.936181237312162295e+01
3.046871267049397591e+00 3.584071837624789314e+00 -2.520304304480981727e+01
3.062658164806129957e+00 4.036407875502588283e+00 -2.953991964316949037e+01
3.078445062562862766e+00 4.516759219922418467e+00 -2.995553303485302976e+01
3.094231960319595132e+00 4.982217750041891158e+00 -2.895250973998759392e+01
3.110018858076327941e+00 5.430899842054397908e+00 -2.784964396355131910e+01
3.125805755833060751e+00 5.861536713669872611e+00 -2.901745428590329112e+01
3.141592653589793116e+00 6.347091009998834465e+00 -3.075678982730396172e+01
