0.000000000000000000e+00 3.115536638307704038e+02 3.747266192222955539e+01
1.578689775673262907e-02 3.109620867483315578e+02 7.494532384446812046e+01
3.157379551346525814e-02 3.091873555010147356e+02 1.498906476889398220e+02
4.736069327019788722e-02 3.062294700888201078e+02 2.248359715334043472e+02
6.314759102693051629e-02 3.020884305117477311e+02 2.623086334556375050e+02
7.893448878366314536e-02 2.979473909346752976e+02 2.623086334556410861e+02
9.472138654039577443e-02 2.938063513576028072e+02 2.623086334556410861e+02
1.105082842971284035e-01 2.896653117805303737e+02 2.623086334556393240e+02
1.262951820538610326e-01 2.855242722034579401e+02 2.623086334556410861e+02
1.420820798105936755e-01 2.813832326263854497e+02 2.623086334556410861e+02
1.578689775673262907e-01 2.772421930493130162e+02 2.623086334556393240e+02
1.736558753240589059e-01 2.731011534722405827e+02 2.623086334556410861e+02
1.894427730807915489e-01 2.689601138951680923e+02 2.623086334556410861e+02
2.052296708375241918e-01 2.648190743180956588e+02 2.623086334556393240e+02
2.210165685942568070e-01 2.606780347410232253e+02 2.623086334556410861e+02
2.368034663509894222e-01 2.565369951639507349e+02 2.623086334556401766e+02
2.525903641077220652e-01 2.523959555868783298e+02 2.623086334556384145e+02
2.683772618644547081e-01 2.482549160098058962e+02 2.623086334556401766e+02
2.841641596211873511e-01 2.441138764327334343e+02 2.623086334556401766e+02
2.999510573779199385e-01 2.399728368556610008e+02 2.623086334556393240e+02
3.157379551346525814e-01 2.358317972785885672e+02 2.623086334556401766e+02
3.315248528913852244e-01 2.316907577015161053e+02 2.623086334556410861e+02
3.473117506481178118e-01 2.275497181244436433e+02 2.623086334556401766e+02
3.630986484048504548e-01 2.234086785473712098e+02 2.623086334556401766e+02
3.788855461615830977e-01 2.192676389702987478e+02 2.623086334556410861e+02
3.946724439183157407e-01 2.151265993932262859e+02 2.623086334556401766e+02
4.104593416750483836e-01 2.109855598161538524e+02 2.623086334556384145e+02
4.262462394317809711e-01 2.068445202390814472e+02 2.623086334556393240e+02
4.420331371885136140e-01 2.027034806620089853e+02 2.623086334556401766e+02
4.578200349452462570e-01 1.985624410849365518e+02 2.623086334556401766e+02
4.736069327019788444e-01 1.944214015078640898e+02 2.623086334556410861e+02
4.893938304587114874e-01 1.902803619307916279e+02 2.623086334556401766e+02
5.051807282154441303e-01 1.861393223537191943e+02 2.623086334556401766e+02
5.209676259721767178e-01 1.819982827766467324e+02 2.623086334556401766e+02
5.367545237289094162e-01 1.778572431995742988e+02 2.623086334556401766e+02
5.525414214856420037e-01 1.737162036225018369e+02 2.623086334556401766e+02
5.683283192423747021e-01 1.695751640454294034e+02 2.623086334556401766e+02
5.841152169991072896e-01 1.654341244683569414e+02 2.623086334556410861e+02
5.999021147558398770e-01 1.612930848912844795e+02 2.623086334556393240e+02
6.156890125125725755e-01 1.571520453142120743e+02 2.623086334556384145e+02
6.314759102693051629e-01 1.530110057371396408e+02 2.623086334556401766e+02
6.472628080260377503e-01 1.488699661600671789e+02 2.623086334556401766e+02
6.630497057827704488e-01 1.447289265829947453e+02 2.623086334556401766e+02
6.788366035395030362e-01 1.405878870059222834e+02 2.623086334556410861e+02
6.946235012962356237e-01 1.364468474288498214e+02 2.623086334556401766e+02
7.104103990529683221e-01 1.323058078517773879e+02 2.623086334556393240e+02
7.261972968097009096e-01 1.281647682747049544e+02 2.623086334556397787e+02
7.419841945664336080e-01 1.240237286976325066e+02 2.623086334556397787e+02
7.577710923231661955e-01 1.198826891205600731e+02 2.623086334556397787e+02
7.735579900798987829e-01 1.157416495434876254e+02 2.623086334556401766e+02
7.893448878366314814e-01 1.116006099664151776e+02 2.623086334556406314e+02
8.051317855933640688e-01 1.074595703893427157e+02 2.623086334556401766e+02
8.209186833500967673e-01 1.033185308122702821e+02 2.623086334556397787e+02
8.367055811068293547e-01 9.917749123519783438e+01 2.623086334556406314e+02
8.524924788635619421e-01 9.503645165812537243e+01 2.623086334556406314e+02
8.682793766202946406e-01 9.089541208105292469e+01 2.623086334556397787e+02
8.840662743770272280e-01 8.675437250398049116e+01 2.623086334556397787e+02
8.998531721337598155e-01 8.261333292690804342e+01 2.623086334556401766e+02
9.156400698904925139e-01 7.847229334983559568e+01 2.484808422690204281e+02
9.314269676472251014e-01 7.476784962409237778e+01 2.498838025605906239e+02
9.472138654039576888e-01 7.058251326566038131e+01 2.637115937472103724e+02
9.630007631606903873e-01 6.644147368858793357e+01 2.650985325842555085e+02
9.787876609174229747e-01 6.221234640692539131e+01 2.668962138732900371e+02
9.945745586741556732e-01 5.801454720843458546e+01 2.616068542734349762e+02
1.010361456430888261e+00 5.395242508517505087e+01 2.510963534901055709e+02
1.026148354187620848e+00 5.008648228916120360e+01 2.495768915802578078e+02
1.041935251944353436e+00 4.607233534553370191e+01 2.273955762732599055e+02
1.057722149701086245e+00 4.290674086324270320e+01 1.935845089928291145e+02
1.073509047457818832e+00 3.996013764401953949e+01 1.731947812461535534e+02
1.089295945214551420e+00 3.743832425617730308e+01 1.501599233624441752e+02
1.105082842971284007e+00 3.521901892945611223e+01 1.321189271945797827e+02
1.120869740728016595e+00 3.326682826547723693e+01 1.182999788024061161e+02
1.136656638484749404e+00 3.148383958950166672e+01 1.089132238335702141e+02
1.152443536241481992e+00 2.982802440744382011e+01 1.029075988325237745e+02
1.168230433998214579e+00 2.823465610718184493e+01 9.404443355373469160e+01
1.184017331754947167e+00 2.685868469323852992e+01 8.120510931771221408e+01
1.199804229511679754e+00 2.567070259093580731e+01 6.872161175023346402e+01
1.215591127268412341e+00 2.468888257648090701e+01 5.728965342615030210e+01
1.231378025025145151e+00 2.386185078862124342e+01 4.523293986743830430e+01
1.247164922781877738e+00 2.326070698263353975e+01 3.106504029990687243e+01
1.262951820538610326e+00 2.288100955857442642e+01 1.590829802398740966e+01
1.278738718295342913e+00 2.275842163385689787e+01 1.725923281420962185e+00
1.294525616052075501e+00 2.282651560981491201e+01 -8.770423337334987579e+00
1.310312513808808310e+00 2.303533718687643628e+01 -1.848678119312605261e+01
1.326099411565540898e+00 2.341021345890884930e+01 -2.818266611795279530e+01
1.341886309322273485e+00 2.392517092390894362e+01 -3.796405192889174174e+01
1.357673207079006072e+00 2.460888267137425345e+01 -4.508113141544736635e+01
1.373460104835738660e+00 2.534855334873593335e+01 -4.653400232141068216e+01
1.389247002592471247e+00 2.607813774509359206e+01 -4.845733613956721797e+01
1.405033900349204057e+00 2.687853537113387858e+01 -5.264098952735712089e+01
1.420820798105936644e+00 2.774021358405683202e+01 -5.545202846268897190e+01
1.436607695862669232e+00 2.862936637862167544e+01 -5.664208864519168429e+01
1.452394593619401819e+00 2.952861930839568672e+01 -5.442031169455707129e+01
1.468181491376134407e+00 3.034762217184466238e+01 -5.113431225453205542e+01
1.483968389132867216e+00 3.114312362724196248e+01 -4.786845263095415248e+01
1.499755286889599804e+00 3.185901090676040681e+01 -3.993179575464159115e+01
1.515542184646332391e+00 3.240392198088447628e+01 -3.066247681257966207e+01
1.531329082403064978e+00 3.282714167957716711e+01 -1.885392255430008390e+01
1.547115980159797566e+00 3.299921187624065766e+01 -5.646252126077070166e+00
1.562902877916530375e+00 3.300541528962339299e+01 7.040843326522074896e+00
1.578689775673262963e+00 3.277690572880670317e+01 2.004546187162070936e+01
1.594476673429995550e+00 3.237250397551587611e+01 2.839128246898619423e+01
1.610263571186728138e+00 3.188048518176590207e+01 3.273297510299475022e+01
1.626050468943460725e+00 3.133899971306657051e+01 3.881700389670916707e+01
1.641837366700193535e+00 3.065488503828582267e+01 4.274687356701805641e+01
1.657624264456926122e+00 2.998931866822158909e+01 4.503870566339308112e+01
1.673411162213658709e+00 2.923284215547869991e+01 4.622097188347589025e+01
1.689198059970391297e+00 2.852994715353909427e+01 4.626688271515579487e+01
1.704984957727123884e+00 2.777202106158489059e+01 4.881658142417989410e+01
1.720771855483856472e+00 2.698862239398561158e+01 5.123003415272742700e+01
1.736558753240589281e+00 2.615449443909883342e+01 5.269062769580214223e+01
1.752345650997321869e+00 2.532497928964222567e+01 5.292686330892565394e+01
1.768132548754054456e+00 2.448339247981368771e+01 5.249833859911957745e+01
1.783919446510787044e+00 2.366740748191696397e+01 5.186066295328281228e+01
1.799706344267519631e+00 2.284595451253399290e+01 5.032974859122696643e+01
1.815493242024252440e+00 2.207830629165344760e+01 4.888646209424404532e+01
1.831280139780985028e+00 2.130242335499356088e+01 4.882971192010408146e+01
1.847067037537717615e+00 2.053656695250666431e+01 4.772210177958071142e+01
1.862853935294450203e+00 1.979565547193230302e+01 4.733642927906930709e+01
1.878640833051182790e+00 1.904197621411172037e+01 4.759812234037035950e+01
1.894427730807915378e+00 1.829280209033254678e+01 4.750259195524038347e+01
1.910214628564648187e+00 1.754213908935738075e+01 4.762987160469506875e+01
1.926001526321380775e+00 1.678894626395329936e+01 4.712208897827814269e+01
1.941788424078113362e+00 1.605431588778991170e+01 4.656441122198637572e+01
1.957575321834845949e+00 1.531873106582539457e+01 4.755287412224031840e+01
1.973362219591578537e+00 1.455289116417674222e+01 4.865784360092639105e+01
1.989149117348311346e+00 1.378241826184357066e+01 4.872202669515095863e+01
2.004936015105043712e+00 1.301455185630245026e+01 4.909399877729875072e+01
2.020722912861776521e+00 1.223233438351082647e+01 4.945442456850018687e+01
2.036509810618509331e+00 1.145308796774053306e+01 4.922193452540769698e+01
2.052296708375241696e+00 1.067821108802842822e+01 4.796420241092364023e+01
2.068083606131974506e+00 9.938676048851572631e+00 4.462156399710677590e+01
2.083870503888706871e+00 9.269338950892775486e+00 3.985978879825398735e+01
2.099657401645439680e+00 8.680151228125588148e+00 3.502037585933836539e+01
2.115444299402172490e+00 8.163612764705330704e+00 2.955413905609937686e+01
2.131231197158904855e+00 7.747014884991789252e+00 2.339704253134910061e+01
2.147018094915637665e+00 7.424879328200664652e+00 1.734017833109410134e+01
2.162804992672370030e+00 7.199519640198802861e+00 1.133399337609132296e+01
2.178591890429102840e+00 7.067022138992987479e+00 5.295308559564136708e+00
2.194378788185835649e+00 7.032326650558422543e+00 1.195743958375465182e-01
2.210165685942568015e+00 7.063246721470166634e+00 -4.205325044278618307e+00
2.225952583699300824e+00 7.165104723574129864e+00 -8.108684336904900647e+00
2.241739481456033189e+00 7.319268662606840614e+00 -1.127800718738851948e+01
2.257526379212765999e+00 7.521194216308126457e+00 -1.370251904433525247e+01
2.273313276969498808e+00 7.751909196932045276e+00 -1.554089944451841454e+01
2.289100174726231174e+00 8.011879397464676700e+00 -1.594258633705107542e+01
2.304887072482963983e+00 8.255277157893861073e+00 -1.599096611248789124e+01
2.320673970239696349e+00 8.516774891563121841e+00 -1.619111391692053203e+01
2.336460867996429158e+00 8.766492077841931518e+00 -1.515659217065414133e+01
2.352247765753161524e+00 8.995326033440344204e+00 -1.324947510474395784e+01
2.368034663509894333e+00 9.184828295459865899e+00 -1.154567229673395268e+01
2.383821561266627143e+00 9.359866729602902780e+00 -9.164191298002425157e+00
2.399608459023359508e+00 9.474176597549272216e+00 -6.588772883719980378e+00
2.415395356780092317e+00 9.567899297318142260e+00 -4.061438008011786671e+00
2.431182254536824683e+00 9.602411610704852052e+00 -1.062212741250637027e+00
2.446969152293557492e+00 9.601437385202187258e+00 1.030560898474488285e+00
2.462756050050290302e+00 9.569872891632245526e+00 2.802669832269091721e+00
2.478542947807022667e+00 9.512946461026364986e+00 5.137478951357308254e+00
2.494329845563755477e+00 9.407663181767357941e+00 6.675635836401326628e+00
2.510116743320487842e+00 9.302171300205468896e+00 7.742484239245611910e+00
2.525903641077220652e+00 9.163203567631189372e+00 9.515753339540129474e+00
2.541690538833953461e+00 9.001722850106254725e+00 1.073971769865938164e+01
2.557477436590685826e+00 8.824109917141374382e+00 1.225124286052788669e+01
2.573264334347418636e+00 8.614904613242146070e+00 1.397579859231781896e+01
2.589051232104151001e+00 8.382840910250155986e+00 1.467370582470831408e+01
2.604838129860883811e+00 8.151600026108061670e+00 1.570814966091153586e+01
2.620625027617616620e+00 7.886875004961626523e+00 1.683463302370092762e+01
2.636411925374348986e+00 7.620066765473499260e+00 1.643719487548651514e+01
2.652198823131081795e+00 7.367890375148036242e+00 1.633830236068343211e+01
2.667985720887814161e+00 7.104204547700113892e+00 1.576955280403199922e+01
2.683772618644546970e+00 6.869985739574737238e+00 1.355732164937613327e+01
2.699559516401279780e+00 6.676148446232436307e+00 1.151971059406253595e+01
2.715346414158012145e+00 6.506264752903507365e+00 8.918162110725299740e+00
2.731133311914744954e+00 6.394568219392462005e+00 5.774500088167701328e+00
2.746920209671477320e+00 6.323941867927213245e+00 3.087263804442520687e+00
2.762707107428210129e+00 6.297091583334871068e+00 -1.214697302412785396e+00
2.778494005184942495e+00 6.362294472164352399e+00 -6.597021758583803575e+00
2.794280902941675304e+00 6.505384599338277063e+00 -1.124249596266293416e+01
2.810067800698408114e+00 6.717262740750430616e+00 -1.526366706887685787e+01
2.825854698455140479e+00 6.987316502156608600e+00 -1.944685469074405759e+01
2.841641596211873289e+00 7.331273754136056198e+00 -2.521013059797093803e+01
2.857428493968605654e+00 7.783296010524696662e+00 -3.095116267525122922e+01
2.873215391725338463e+00 8.308519435348436843e+00 -3.462735502625514528e+01
2.889002289482071273e+00 8.876613037295840059e+00 -3.544786576959279500e+01
2.904789187238803638e+00 9.427743100546324584e+00 -3.474722715471627765e+01
2.920576084995536448e+00 9.973714882138779103e+00 -3.558674141683985681e+01
2.936362982752268813e+00 1.055135159703219117e+01 -3.656763780649250606e+01
2.952149880509001623e+00 1.112829400065143481e+01 -3.358913036609001779e+01
2.967936778265734432e+00 1.161188793068624392e+01 -2.875512310889374490e+01
2.983723676022466798e+00 1.203620237765616530e+01 -2.489664950330342208e+01
2.999510573779199607e+00 1.239796965107396254e+01 -2.350080261825248229e+01
3.015297471535931972e+00 1.277821191392717814e+01 -2.378123778356701123e+01
3.031084369292664782e+00 1.314883358990940110e+01 -2.319051901387638281e+01
3.046871267049397591e+00 1.351042461912243908e+01 -1.540043891206495985e+01
3.062658164806129957e+00 1.363508389893655348e+01 -4.550288450868473333e+00
3.078445062562862766e+00 1.365409449619744287e+01 -1.260145721980423739e+00
3.094231960319595132e+00 1.367487148227953142e+01 -1.409172796902923297e+00
3.110018858076327941e+00 1.369858742992999368e+01 1.306167669389753927e-01
3.125805755833060751e+00 1.367074741518957026e+01 -1.521427909708244153e+00
3.141592653589793116e+00 1.374662468363960066e+01 -4.806344452168955783e+00
