0.000000000000000000e+00 7.388258025243492000e+01 2.957163640433182028e+00
1.578689775673262907e-02 7.383589581239347410e+01 5.914327280867263781e+00
3.157379551346525814e-02 7.369584249226910799e+01 1.182865456173497876e+01
4.736069327019788722e-02 7.346242029206183588e+01 1.774298184260179312e+01
6.314759102693051629e-02 7.313562921177167198e+01 2.070014548303542412e+01
7.893448878366314536e-02 7.280883813148149386e+01 2.070014548303587532e+01
9.472138654039577443e-02 7.248204705119131575e+01 2.070014548303542412e+01
1.105082842971284035e-01 7.215525597090115184e+01 2.070014548303587532e+01
1.262951820538610326e-01 7.182846489061095951e+01 2.070014548303587532e+01
1.420820798105936755e-01 7.150167381032079561e+01 2.070014548303542412e+01
1.578689775673262907e-01 7.117488273003061749e+01 2.070014548303587532e+01
1.736558753240589059e-01 7.084809164974043938e+01 2.070014548303587532e+01
1.894427730807915489e-01 7.052130056945026126e+01 2.070014548303587532e+01
2.052296708375241918e-01 7.019450948916008315e+01 2.070014548303542412e+01
2.210165685942568070e-01 6.986771840886991924e+01 2.070014548303542412e+01
2.368034663509894222e-01 6.954092732857974113e+01 2.070014548303542412e+01
2.525903641077220652e-01 6.921413624828957722e+01 2.070014548303542412e+01
2.683772618644547081e-01 6.888734516799939911e+01 2.070014548303587532e+01
2.841641596211873511e-01 6.856055408770922099e+01 2.070014548303587532e+01
2.999510573779199385e-01 6.823376300741904288e+01 2.070014548303587532e+01
3.157379551346525814e-01 6.790697192712886476e+01 2.070014548303587532e+01
3.315248528913852244e-01 6.758018084683868665e+01 2.070014548303587532e+01
3.473117506481178118e-01 6.725338976654850853e+01 2.070014548303587532e+01
3.630986484048504548e-01 6.692659868625833042e+01 2.070014548303542412e+01
3.788855461615830977e-01 6.659980760596816651e+01 2.070014548303542412e+01
3.946724439183157407e-01 6.627301652567798840e+01 2.070014548303587532e+01
4.104593416750483836e-01 6.594622544538781028e+01 2.070014548303542412e+01
4.262462394317809711e-01 6.561943436509764638e+01 2.070014548303542412e+01
4.420331371885136140e-01 6.529264328480746826e+01 2.070014548303587532e+01
4.578200349452462570e-01 6.496585220451729015e+01 2.070014548303587532e+01
4.736069327019788444e-01 6.463906112422711203e+01 2.070014548303587532e+01
4.893938304587114874e-01 6.431227004393693392e+01 2.070014548303587532e+01
5.051807282154441303e-01 6.398547896364675580e+01 2.070014548303587532e+01
5.209676259721767178e-01 6.365868788335657769e+01 2.070014548303564794e+01
5.367545237289094162e-01 6.333189680306640668e+01 2.070014548303542412e+01
5.525414214856420037e-01 6.300510572277623567e+01 2.070014548303542412e+01
5.683283192423747021e-01 6.267831464248606466e+01 2.070014548303542412e+01
5.841152169991072896e-01 6.235152356219589365e+01 2.070014548303564794e+01
5.999021147558398770e-01 6.202473248190571553e+01 2.070014548303564794e+01
6.156890125125725755e-01 6.169794140161554452e+01 2.070014548303542412e+01
6.314759102693051629e-01 6.137115032132537351e+01 2.070014548303587532e+01
6.472628080260377503e-01 6.104435924103518829e+01 2.070014548303609914e+01
6.630497057827704488e-01 6.071756816074501018e+01 2.070014548303564794e+01
6.788366035395030362e-01 6.039077708045483917e+01 2.070014548303564794e+01
6.946235012962356237e-01 6.006398600016466105e+01 2.070014548303587532e+01
7.104103990529683221e-01 5.973719491987448293e+01 2.070014548303587532e+01
7.261972968097009096e-01 5.941040383958430482e+01 2.070014548303564794e+01
7.419841945664336080e-01 5.908361275929413381e+01 2.070014548303542412e+01
7.577710923231661955e-01 5.875682167900396280e+01 2.070014548303542412e+01
7.735579900798987829e-01 5.843003059871379179e+01 2.070014548303564794e+01
7.893448878366314814e-01 5.810323951842361367e+01 2.070014548303564794e+01
8.051317855933640688e-01 5.777644843813344266e+01 2.070014548303564794e+01
8.209186833500967673e-01 5.744965735784326455e+01 2.070014548303587532e+01
8.367055811068293547e-01 5.712286627755308643e+01 2.070014548303564794e+01
8.524924788635619421e-01 5.679607519726291542e+01 2.070014548303587532e+01
8.682793766202946406e-01 5.646928411697273020e+01 2.070014548303609914e+01
8.840662743770272280e-01 5.614249303668255209e+01 2.070014548303587532e+01
8.998531721337598155e-01 5.581570195639237397e+01 2.070014548303542412e+01
9.156400698904925139e-01 5.548891087610221007e+01 2.070014548303542412e+01
9.314269676472251014e-01 5.516211979581203195e+01 2.070014548303564794e+01
9.472138654039576888e-01 5.483532871552186094e+01 2.070014548303542412e+01
9.630007631606903873e-01 5.450853763523168993e+01 2.070014548303564794e+01
9.787876609174229747e-01 5.418174655494151182e+01 2.070014548303564794e+01
9.945745586741556732e-01 5.385495547465134081e+01 2.070014548303542412e+01
1.010361456430888261e+00 5.352816439436116980e+01 2.070014548303587532e+01
1.026148354187620848e+00 5.320137331407098458e+01 2.070014548303609914e+01
1.041935251944353436e+00 5.287458223378080646e+01 2.070014548303587532e+01
1.057722149701086245e+00 5.254779115349062835e+01 2.070014548303564794e+01
1.073509047457818832e+00 5.222100007320045734e+01 2.070014548303542412e+01
1.089295945214551420e+00 5.189420899291028633e+01 2.070014548303564794e+01
1.105082842971284007e+00 5.156741791262010821e+01 2.070014548303564794e+01
1.120869740728016595e+00 5.124062683232993720e+01 2.070014548303564794e+01
1.136656638484749404e+00 5.091383575203975909e+01 2.070014548303564794e+01
1.152443536241481992e+00 5.058704467174958808e+01 2.070014548303564794e+01
1.168230433998214579e+00 5.026025359145940996e+01 2.070014548303564794e+01
1.184017331754947167e+00 4.993346251116923895e+01 2.070014548303564794e+01
1.199804229511679754e+00 4.960667143087906084e+01 2.070014548303587532e+01
1.215591127268412341e+00 4.927988035058888272e+01 2.070014548303609914e+01
1.231378025025145151e+00 4.895308927029869750e+01 2.070014548303587532e+01
1.247164922781877738e+00 4.862629819000852649e+01 2.070014548303542412e+01
1.262951820538610326e+00 4.829950710971835548e+01 2.070014548303542412e+01
1.278738718295342913e+00 4.797271602942818447e+01 2.070014548303564794e+01
1.294525616052075501e+00 4.764592494913800635e+01 2.070014548303564794e+01
1.310312513808808310e+00 4.731913386884783534e+01 2.070014548303564794e+01
1.326099411565540898e+00 4.699234278855765723e+01 2.070014548303587532e+01
1.341886309322273485e+00 4.666555170826747911e+01 2.070014548303542412e+01
1.357673207079006072e+00 4.633876062797731521e+01 2.070014548303542412e+01
1.373460104835738660e+00 4.601196954768713709e+01 2.070014548303564794e+01
1.389247002592471247e+00 4.568517846739696608e+01 2.070014548303564794e+01
1.405033900349204057e+00 4.535838738710678797e+01 2.070014548303587532e+01
1.420820798105936644e+00 4.503159630681660985e+01 2.070014548303609914e+01
1.436607695862669232e+00 4.470480522652642463e+01 2.070014548303587532e+01
1.452394593619401819e+00 4.437801414623625362e+01 2.070014548303542412e+01
1.468181491376134407e+00 4.405122306594608261e+01 2.070014548303564794e+01
1.483968389132867216e+00 4.372443198565590450e+01 2.070014548303587532e+01
1.499755286889599804e+00 4.339764090536572638e+01 2.070014548303564794e+01
1.515542184646332391e+00 4.307084982507555537e+01 2.070014548303564794e+01
1.531329082403064978e+00 4.274405874478537726e+01 2.070014548303564794e+01
1.547115980159797566e+00 4.241726766449520625e+01 2.070014548303542412e+01
1.562902877916530375e+00 4.209047658420503524e+01 3.274140945049238383e+01
1.578689775673262963e+00 4.138349709768272078e+01 3.595631395125734997e+01
1.594476673429995550e+00 4.095519928009007771e+01 1.504355906249949193e+01
1.610263571186728138e+00 4.090851484004862471e+01 4.236754018395255450e+00
1.626050468943460725e+00 4.082142887507241369e+01 1.369278121276111726e+01
1.641837366700193535e+00 4.047618176602628637e+01 2.360096681925153916e+01
1.657624264456926122e+00 4.007625677480128701e+01 2.995412470741182887e+01
1.673411162213658709e+00 3.953041635772962792e+01 2.467237449301239138e+01
1.689198059970391297e+00 3.929725626772727765e+01 2.317269301843597873e+01
1.704984957727123884e+00 3.879876648686922636e+01 5.292701549743535594e+01
1.720771855483856472e+00 3.762614950327324692e+01 7.574310893736380024e+01
1.736558753240589281e+00 3.640726905372677891e+01 7.367385582429274393e+01
1.752345650997321869e+00 3.529998624478850644e+01 7.382513432091558059e+01
1.768132548754054456e+00 3.407632935892408454e+01 7.498569059387891400e+01
1.783919446510787044e+00 3.293240338354139851e+01 7.281954534865772644e+01
1.799706344267519631e+00 3.177713992470205540e+01 7.812416313243251409e+01
1.815493242024252440e+00 3.046572703213737299e+01 7.479567414724760965e+01
1.831280139780985028e+00 2.941555660388507931e+01 6.779554937779238344e+01
1.847067037537717615e+00 2.832516421935991957e+01 6.717325174021328849e+01
1.862853935294450203e+00 2.729464208946506076e+01 6.367968853610768321e+01
1.878640833051182790e+00 2.631455475515969766e+01 6.398329826683671229e+01
1.894427730807915378e+00 2.527444651371090245e+01 6.615751000831828321e+01
1.910214628564648187e+00 2.422571106247702488e+01 6.629093106237321820e+01
1.926001526321380775e+00 2.318139021195030836e+01 7.000800132988788960e+01
1.941788424078113362e+00 2.201529274418074067e+01 7.457330678059018680e+01
1.957575321834845949e+00 2.082682787289704152e+01 7.709600280169905773e+01
1.973362219591578537e+00 1.958107931681434977e+01 7.789542693825165998e+01
1.989149117348311346e+00 1.836737359131461034e+01 7.556310550457553177e+01
2.004936015105043712e+00 1.719526527525048110e+01 7.550671446360928485e+01
2.020722912861776521e+00 1.598334002894700134e+01 7.540852480581213513e+01
2.036509810618509331e+00 1.481433193305969631e+01 7.166074629005407814e+01
2.052296708375241696e+00 1.372073827924251965e+01 6.642669746400832764e+01
2.068083606131974506e+00 1.271698897069627598e+01 6.031813661432334328e+01
2.083870503888706871e+00 1.181626576802861273e+01 5.644888909689964862e+01
2.099657401645439680e+00 1.093468328938848799e+01 5.480232353741059370e+01
2.115444299402172490e+00 1.008594841099564654e+01 5.067632128348568443e+01
2.131231197158904855e+00 9.334639483809043625e+00 4.577224807459948863e+01
2.147018094915637665e+00 8.640744810096638417e+00 4.216796688968302931e+01
2.162804992672370030e+00 8.003236720015618033e+00 3.916397188305553811e+01
2.178591890429102840e+00 7.404189570365939943e+00 3.708292631066508704e+01
2.194378788185835649e+00 6.832387987641777904e+00 3.422614979789772605e+01
2.210165685942568015e+00 6.323540115433886832e+00 3.052512392729821045e+01
2.225952583699300824e+00 5.868593966738078649e+00 2.728802595042764523e+01
2.241739481456033189e+00 5.461953564108950943e+00 2.372914684986293565e+01
2.257526379212765999e+00 5.119374736391518077e+00 1.991036791237956294e+01
2.273313276969498808e+00 4.833307679045618421e+00 1.602826064775787529e+01
2.289100174726231174e+00 4.613301712262688703e+00 1.184084150227678833e+01
2.304887072482963983e+00 4.459447370745378336e+00 7.579295503876116058e+00
2.320673970239696349e+00 4.373994585887177600e+00 3.875015966836153236e+00
2.336460867996429158e+00 4.337098408997080767e+00 8.606924453982498502e-01
2.352247765753161524e+00 4.346819258616188897e+00 -2.608626285547271717e+00
2.368034663509894333e+00 4.419462641908000755e+00 -5.885932581849194101e+00
2.383821561266627143e+00 4.532660490361537953e+00 -8.461417708399920912e+00
2.399608459023359508e+00 4.686621714387033677e+00 -1.077477017727323449e+01
2.415395356780092317e+00 4.872860880643346881e+00 -1.315081046486838900e+01
2.431182254536824683e+00 5.101842714841127169e+00 -1.583917804736629620e+01
2.446969152293557492e+00 5.372963849412258242e+00 -1.776461732980473229e+01
2.462756050050290302e+00 5.662739109787342962e+00 -1.759422603404436458e+01
2.478542947807022667e+00 5.928480344428861848e+00 -1.650356939846551896e+01
2.494329845563755477e+00 6.183819435216776128e+00 -1.521035415269314228e+01
2.510116743320487842e+00 6.408728956133382226e+00 -1.288660900277644927e+01
2.525903641077220652e+00 6.590698592732420202e+00 -9.581602252616596260e+00
2.541690538833953461e+00 6.711256506348856732e+00 -6.324438438028810339e+00
2.557477436590685826e+00 6.790385118712241486e+00 -3.430168465982915471e+00
2.573264334347418636e+00 6.819559944070538116e+00 -1.006470475783948659e+00
2.589051232104151001e+00 6.822163211704983965e+00 1.709558763701322315e+00
2.604838129860883811e+00 6.765582685247180095e+00 4.837545533040734647e+00
2.620625027617616620e+00 6.669423538257678530e+00 7.008465765008407011e+00
2.636411925374348986e+00 6.544298820319682797e+00 9.195418338470963349e+00
2.652198823131081795e+00 6.379089279978027882e+00 1.103691455939897459e+01
2.667985720887814161e+00 6.195821536921632067e+00 1.233528932924180666e+01
2.683772618644546970e+00 5.989617377097117057e+00 1.372739552466946655e+01
2.699559516401279780e+00 5.762395557693260173e+00 1.319053769288942135e+01
2.715346414158012145e+00 5.573142037269170679e+00 1.199852750193067763e+01
2.731133311914744954e+00 5.383556503884611821e+00 1.221635493708255638e+01
2.746920209671477320e+00 5.187425344565814278e+00 1.227185674094098111e+01
2.762707107428210129e+00 4.996087408575601074e+00 1.371643164254357217e+01
2.778494005184942495e+00 4.754345536709719156e+00 1.576139971078131374e+01
2.794280902941675304e+00 4.498440197101401417e+00 1.694841889586926342e+01
2.810067800698408114e+00 4.219219624214992415e+00 1.938237604327051500e+01
2.825854698455140479e+00 3.886465019346090344e+00 2.081807920638847165e+01
2.841641596211873289e+00 3.561913848369359759e+00 1.994703436586095791e+01
2.857428493968605654e+00 3.256661435178332287e+00 1.917551128893254031e+01
2.873215391725338463e+00 2.956470176066459121e+00 1.708919173193938690e+01
2.889002289482071273e+00 2.717090789943676921e+00 1.310311528072235809e+01
2.904789187238803638e+00 2.542755093603569438e+00 9.262636335477347771e+00
2.920576084995536448e+00 2.424634204371721946e+00 5.264594811364347926e+00
2.936362982752268813e+00 2.376531853568301322e+00 2.846257331149564251e+00
2.952149880509001623e+00 2.334767057419304237e+00 1.214396268396929601e+00
2.967936778265734432e+00 2.338188754117621393e+00 -3.017693730914738470e+00
2.983723676022466798e+00 2.430047102201472242e+00 -7.448500909970110939e+00
2.999510573779199607e+00 2.573366198730877574e+00 -8.710017160027351935e+00
3.015297471535931972e+00 2.705055402930949260e+00 -9.274704648244174621e+00
3.031084369292664782e+00 2.866203826742324878e+00 -1.038973409085300936e+01
3.046871267049397591e+00 3.033098742554821037e+00 -1.519278192022020768e+01
3.062658164806129957e+00 3.345897616372029759e+00 -2.082615467011648036e+01
3.078445062562862766e+00 3.690659491440878348e+00 -2.155811779028123709e+01
3.094231960319595132e+00 4.026569219137567046e+00 -2.119503550770038558e+01
3.110018858076327941e+00 4.359867208461645660e+00 -2.277978213978258282e+01
3.125805755833060751e+00 4.745813402260350422e+00 -2.749762294636562743e+01
3.141592653589793116e+00 5.228071532476564087e+00 -3.054799857752580294e+01
