0.000000000000000000e+00 4.131137461278430010e+02 5.227671086533619871e+01
1.578689775673262907e-02 4.122884590383536647e+02 1.045534217306633877e+02
3.157379551346525814e-02 4.098125977698859401e+02 2.091068434613177942e+02
4.736069327019788722e-02 4.056861623224398272e+02 3.136602651919793630e+02
6.314759102693051629e-02 3.999091526960150986e+02 3.659369760573101757e+02
7.893448878366314536e-02 3.941321430695904837e+02 3.659369760573083568e+02
9.472138654039577443e-02 3.883551334431658120e+02 3.659369760573101757e+02
1.105082842971284035e-01 3.825781238167411402e+02 3.659369760573119947e+02
1.262951820538610326e-01 3.768011141903164116e+02 3.659369760573101757e+02
1.420820798105936755e-01 3.710241045638917967e+02 3.659369760573083568e+02
1.578689775673262907e-01 3.652470949374671250e+02 3.659369760573101757e+02
1.736558753240589059e-01 3.594700853110424532e+02 3.659369760573101757e+02
1.894427730807915489e-01 3.536930756846177815e+02 3.659369760573083568e+02
2.052296708375241918e-01 3.479160660581931666e+02 3.659369760573083568e+02
2.210165685942568070e-01 3.421390564317684948e+02 3.659369760573101757e+02
2.368034663509894222e-01 3.363620468053438231e+02 3.659369760573101757e+02
2.525903641077220652e-01 3.305850371789191513e+02 3.659369760573101757e+02
2.683772618644547081e-01 3.248080275524944796e+02 3.659369760573083568e+02
2.841641596211873511e-01 3.190310179260698646e+02 3.659369760573101757e+02
2.999510573779199385e-01 3.132540082996451360e+02 3.659369760573119947e+02
3.157379551346525814e-01 3.074769986732204643e+02 3.659369760573083568e+02
3.315248528913852244e-01 3.016999890467958494e+02 3.659369760573083568e+02
3.473117506481178118e-01 2.959229794203711776e+02 3.659369760573101757e+02
3.630986484048504548e-01 2.901459697939465059e+02 3.659369760573101757e+02
3.788855461615830977e-01 2.843689601675218341e+02 3.659369760573101757e+02
3.946724439183157407e-01 2.785919505410971624e+02 3.659369760573101757e+02
4.104593416750483836e-01 2.728149409146724906e+02 3.659369760573101757e+02
4.262462394317809711e-01 2.670379312882478189e+02 3.659369760573101757e+02
4.420331371885136140e-01 2.612609216618231471e+02 3.659369760573092663e+02
4.578200349452462570e-01 2.554839120353985038e+02 3.659369760573083568e+02
4.736069327019788444e-01 2.497069024089738605e+02 3.659369760573101757e+02
4.893938304587114874e-01 2.439298927825491603e+02 3.659369760573101757e+02
5.051807282154441303e-01 2.381528831561245170e+02 3.659369760573092663e+02
5.209676259721767178e-01 2.323758735296998452e+02 3.659369760573092663e+02
5.367545237289094162e-01 2.265988639032752019e+02 3.659369760573092663e+02
5.525414214856420037e-01 2.208218542768505301e+02 3.659369760573092663e+02
5.683283192423747021e-01 2.150448446504258868e+02 3.659369760573092663e+02
5.841152169991072896e-01 2.092678350240012151e+02 3.659369760573101757e+02
5.999021147558398770e-01 2.034908253975765433e+02 3.659369760573092663e+02
6.156890125125725755e-01 1.977138157711519000e+02 3.659369760573092663e+02
6.314759102693051629e-01 1.919368061447272282e+02 3.659369760573101757e+02
6.472628080260377503e-01 1.861597965183025565e+02 3.659369760573092663e+02
6.630497057827704488e-01 1.803827868918779131e+02 3.659369760573092663e+02
6.788366035395030362e-01 1.746057772654532414e+02 3.659369760573101757e+02
6.946235012962356237e-01 1.688287676390285696e+02 3.659369760573101757e+02
7.104103990529683221e-01 1.630517580126038979e+02 3.659369760573101757e+02
7.261972968097009096e-01 1.572747483861792261e+02 3.659369760573092663e+02
7.419841945664336080e-01 1.514977387597545828e+02 3.659369760573092663e+02
7.577710923231661955e-01 1.457207291333299111e+02 3.659369760573101757e+02
7.735579900798987829e-01 1.399437195069052393e+02 3.659369760573101757e+02
7.893448878366314814e-01 1.341667098804805676e+02 3.659369760573092663e+02
8.051317855933640688e-01 1.283897002540559242e+02 3.659369760573083568e+02
8.209186833500967673e-01 1.226126906276312809e+02 3.659369760573092663e+02
8.367055811068293547e-01 1.168356810012066092e+02 3.659369760573101757e+02
8.524924788635619421e-01 1.110586713747819374e+02 3.659369760573106305e+02
8.682793766202946406e-01 1.052816617483572514e+02 3.659369760573101757e+02
8.840662743770272280e-01 9.950465212193259390e+01 3.659369760573088115e+02
8.998531721337598155e-01 9.372764249550795057e+01 3.659369760573092663e+02
9.156400698904925139e-01 8.795063286908327882e+01 3.659369760573097210e+02
9.314269676472251014e-01 8.217362324265862128e+01 3.813716757449236070e+02
9.472138654039576888e-01 7.590928156448548236e+01 3.901293724829015446e+02
9.630007631606903873e-01 6.985575821208696823e+01 3.746946727952867491e+02
9.787876609174229747e-01 6.407874858566232490e+01 3.607387084966982229e+02
9.945745586741556732e-01 5.846586799622066621e+01 3.421070568673696357e+02
1.010361456430888261e+00 5.327713032841856489e+01 3.111839377693926281e+02
1.026148354187620848e+00 4.864060997801496455e+01 2.767055151742871431e+02
1.041935251944353436e+00 4.454048697485756492e+01 2.249127165944290709e+02
1.057722149701086245e+00 4.153926185588449727e+01 1.791074635756946805e+02
1.073509047457818832e+00 3.888538454498315389e+01 1.587483434720647040e+02
1.089295945214551420e+00 3.652697412099617935e+01 1.368127544118524952e+02
1.105082842971284007e+00 3.456568661354938143e+01 1.171877619269732236e+02
1.120869740728016595e+00 3.282691168923327751e+01 1.087881615759317242e+02
1.136656638484749404e+00 3.113083144566509475e+01 1.033285045435449234e+02
1.152443536241481992e+00 2.956443861606322443e+01 9.703506080393782440e+01
1.168230433998214579e+00 2.806706627820489430e+01 9.083854969942980517e+01
1.184017331754947167e+00 2.669632082311367682e+01 8.147461835947322584e+01
1.199804229511679754e+00 2.549460333858526440e+01 6.904666640955568369e+01
1.215591127268412341e+00 2.451625549701191531e+01 5.687029488796336807e+01
1.231378025025145151e+00 2.369899227700224031e+01 4.394423324081962789e+01
1.247164922781877738e+00 2.312876926267025368e+01 3.062221955879905266e+01
1.262951820538610326e+00 2.273213257848428270e+01 1.918765396126905287e+01
1.278738718295342913e+00 2.252294220011401293e+01 6.299706808906194944e+00
1.294525616052075501e+00 2.253322692390509374e+01 -5.786929951499154789e+00
1.310312513808808310e+00 2.270565754305339468e+01 -1.590673136701149915e+01
1.326099411565540898e+00 2.303546280737473850e+01 -2.370790806615732649e+01
1.341886309322273485e+00 2.345420618438627969e+01 -2.991436752766860963e+01
1.357673207079006072e+00 2.397997293060799251e+01 -3.665422778236638379e+01
1.373460104835738660e+00 2.461151927709069298e+01 -4.293868548654450024e+01
1.389247002592471247e+00 2.533571020577714705e+01 -4.800530805804099543e+01
1.405033900349204057e+00 2.612722905727618539e+01 -5.155047432566085064e+01
1.420820798105936644e+00 2.696335434075770365e+01 -5.357626570003731103e+01
1.436607695862669232e+00 2.781883511486424609e+01 -5.525470938591742254e+01
1.452394593619401819e+00 2.870795523606460975e+01 -5.535634079561680920e+01
1.468181491376134407e+00 2.956664489951874586e+01 -5.137296930430294140e+01
1.483968389132867216e+00 3.032999486379819842e+01 -4.352236637007958819e+01
1.499755286889599804e+00 3.094081119554975601e+01 -3.480861459805930025e+01
1.515542184646332391e+00 3.142903494322434454e+01 -2.781212605771503377e+01
1.531329082403064978e+00 3.181894557649076916e+01 -1.640736116891941165e+01
1.547115980159797566e+00 3.194707760968737631e+01 -4.023453013907805520e+00
1.562902877916530375e+00 3.194598125920992970e+01 6.637053265511998035e+00
1.578689775673262963e+00 3.173752064707012366e+01 1.556172018539138868e+01
1.594476673429995550e+00 3.145463868823861731e+01 1.780292834646592226e+01
1.610263571186728138e+00 3.117541462791793450e+01 2.098678813216775652e+01
1.626050468943460725e+00 3.079200613126913311e+01 2.999715171377118850e+01
1.641837366700193535e+00 3.022829069372092903e+01 3.442223786692339615e+01
1.657624264456926122e+00 2.970516543174303337e+01 3.601279193130215361e+01
1.673411162213658709e+00 2.909123016541302320e+01 3.907319721305455573e+01
1.689198059970391297e+00 2.847147629288074810e+01 4.082649705988092137e+01
1.704984957727123884e+00 2.780218269571325251e+01 4.695597983644096729e+01
1.720771855483856472e+00 2.698889778739056311e+01 5.359912529092643041e+01
1.736558753240589281e+00 2.610985487407693739e+01 5.357363772024221760e+01
1.752345650997321869e+00 2.529737470509916619e+01 5.278399270460302972e+01
1.768132548754054456e+00 2.444326388203755940e+01 5.428966948429587092e+01
1.783919446510787044e+00 2.358324378230839358e+01 5.396849035452319754e+01
1.799706344267519631e+00 2.273927380341342186e+01 5.438171783877125165e+01
1.815493242024252440e+00 2.186620654359606419e+01 5.292195743190324464e+01
1.831280139780985028e+00 2.106832674128619587e+01 4.905483690197998925e+01
1.847067037537717615e+00 2.031735915430655837e+01 4.838779478531901646e+01
1.862853935294450203e+00 1.954054040338701270e+01 4.851708269050418920e+01
1.878640833051182790e+00 1.878549070652669428e+01 4.715876682745376769e+01
1.894427730807915378e+00 1.805155914290979879e+01 4.633616295510004335e+01
1.910214628564648187e+00 1.732248217250376143e+01 4.533250847708541897e+01
1.926001526321380775e+00 1.662023979014187347e+01 4.553354434978330545e+01
1.941788424078113362e+00 1.588481535420040203e+01 4.721389734497640944e+01
1.957575321834845949e+00 1.512951784997784799e+01 4.749119656727351924e+01
1.973362219591578537e+00 1.438533802509552473e+01 4.742575722433281271e+01
1.989149117348311346e+00 1.363210668930551606e+01 4.766870705873534320e+01
2.004936015105043712e+00 1.288025601603173698e+01 4.792967624941601912e+01
2.020722912861776521e+00 1.211878489237986223e+01 4.797642662245530687e+01
2.036509810618509331e+00 1.136545813238756253e+01 4.710467479822144554e+01
2.052296708375241696e+00 1.063151152257253784e+01 4.472031586366967559e+01
2.068083606131974506e+00 9.953468024010479809e+00 4.164524794310212030e+01
2.083870503888706871e+00 9.316612979909471903e+00 3.851472703417178423e+01
2.099657401645439680e+00 8.737411908376607528e+00 3.509352848809427172e+01
2.115444299402172490e+00 8.208577087580415821e+00 3.049978743402286341e+01
2.131231197158904855e+00 7.774417856730612364e+00 2.525716263167038278e+01
2.147018094915637665e+00 7.411112599397719158e+00 1.970672251588381840e+01
2.162804992672370030e+00 7.152201829773495056e+00 1.443524691507784574e+01
2.178591890429102840e+00 6.955337065114671091e+00 9.725859553269669888e+00
2.194378788185835649e+00 6.845119529045875950e+00 4.157740435913295229e+00
2.210165685942568015e+00 6.824061418793078815e+00 -1.519251163078804590e+00
2.225952583699300824e+00 6.893088054602520387e+00 -6.204850141303519528e+00
2.241739481456033189e+00 7.019972088346292161e+00 -1.050300278386565722e+01
2.257526379212765999e+00 7.224707716777651001e+00 -1.413609343341865987e+01
2.273313276969498808e+00 7.466302211772291919e+00 -1.709856064784900909e+01
2.289100174726231174e+00 7.764574174247419691e+00 -1.934781606094504625e+01
2.304887072482963983e+00 8.077186199712709680e+00 -2.005934016531217168e+01
2.320673970239696349e+00 8.397923678762026611e+00 -1.977606850503325120e+01
2.336460867996429158e+00 8.701591742750910186e+00 -1.782339210104461102e+01
2.352247765753161524e+00 8.960675816316721054e+00 -1.493844219275136709e+01
2.368034663509894333e+00 9.173255061834563406e+00 -1.197878694258285570e+01
2.383821561266627143e+00 9.338891585741199819e+00 -8.590360524051982694e+00
2.399608459023359508e+00 9.444485348407924974e+00 -5.267600922431480370e+00
2.415395356780092317e+00 9.505209740112592343e+00 -2.294995546971593470e+00
2.431182254536824683e+00 9.516947068512319419e+00 1.717528898735066478e-01
2.446969152293557492e+00 9.499786849488879525e+00 1.451463606538532902e+00
2.462756050050290302e+00 9.471118853404234983e+00 2.626830746538396877e+00
2.478542947807022667e+00 9.416847832649192895e+00 3.976710417705497935e+00
2.494329845563755477e+00 9.345559011859334575e+00 5.310858272519401346e+00
2.510116743320487842e+00 9.249163879551669964e+00 7.118549908147510763e+00
2.525903641077220652e+00 9.120799372707088182e+00 9.166079542741336184e+00
2.541690538833953461e+00 8.959755958408997856e+00 1.113167078408782018e+01
2.557477436590685826e+00 8.769330275647083894e+00 1.293466239696712172e+01
2.573264334347418636e+00 8.551359572851449542e+00 1.414745832535749770e+01
2.589051232104151001e+00 8.322641319446974606e+00 1.502141690892123549e+01
2.604838129860883811e+00 8.077076427046661067e+00 1.571377046016507073e+01
2.620625027617616620e+00 7.826497944192191802e+00 1.538658335411240863e+01
2.636411925374348986e+00 7.591263590573027464e+00 1.431108391754580111e+01
2.652198823131081795e+00 7.374642707003559394e+00 1.358228286580793487e+01
2.667985720887814161e+00 7.162419368761964833e+00 1.286870717573978595e+01
2.683772618644546970e+00 6.968328778114088351e+00 1.228692132338145093e+01
2.699559516401279780e+00 6.774474627407482963e+00 1.134564881056610375e+01
2.715346414158012145e+00 6.610103582601683847e+00 9.099959591551652238e+00
2.731133311914744954e+00 6.487154364083034253e+00 6.613879935956606282e+00
2.746920209671477320e+00 6.401278289953179268e+00 4.001664966345465757e+00
2.762707107428210129e+00 6.360806612722244680e+00 7.027197955871945512e-01
2.778494005184942495e+00 6.379090758824045082e+00 -3.538753644533643605e+00
2.794280902941675304e+00 6.472538496667279873e+00 -8.844536121528149053e+00
2.810067800698408114e+00 6.658346333736631983e+00 -1.430881745171441821e+01
2.825854698455140479e+00 6.924322172927213970e+00 -1.913897267888568265e+01
2.841641596211873289e+00 7.262636343437566921e+00 -2.328823821759115376e+01
2.857428493968605654e+00 7.659620244278303680e+00 -2.737981867188096885e+01
2.873215391725338463e+00 8.127121139379294590e+00 -3.195521737404092022e+01
2.889002289482071273e+00 8.668567743234603995e+00 -3.524185647111206521e+01
2.904789187238803638e+00 9.239840309113079186e+00 -3.680655872988197075e+01
2.920576084995536448e+00 9.830690502126246955e+00 -3.736435237465568804e+01
2.936362982752268813e+00 1.041957473048351801e+01 -3.619911855374054710e+01
2.952149880509001623e+00 1.097363406910973715e+01 -3.521747440436102750e+01
2.967936778265734432e+00 1.153152406582750977e+01 -3.502637784618526950e+01
2.983723676022466798e+00 1.207954976080256060e+01 -3.017394962407055203e+01
2.999510573779199607e+00 1.248423018109151528e+01 -2.521631458679169313e+01
3.015297471535931972e+00 1.287572452116913269e+01 -2.389201809001806254e+01
3.031084369292664782e+00 1.323859187466975840e+01 -2.018734076420936319e+01
3.046871267049397591e+00 1.351311549041892057e+01 -1.911488187359424273e+01
3.062658164806129957e+00 1.384212124621066664e+01 -1.706914728747703336e+01
3.078445062562862766e+00 1.405205325646294057e+01 -5.378968755866449847e+00
3.094231960319595132e+00 1.401195570578171257e+01 -3.974521061664557653e+00
3.110018858076327941e+00 1.417754397172789815e+01 -9.632061684599710460e+00
3.125805755833060751e+00 1.431607645178434751e+01 -3.871207403355086285e+00
3.141592653589793116e+00 1.429977268267164447e+01 1.032740527235629813e+00
