0.000000000000000000e+00 3.677815933638634647e+02 4.586308985759283985e+01
1.578689775673262907e-02 3.670575574534738053e+02 9.172617971519288460e+01
3.157379551346525814e-02 3.648854497223045996e+02 1.834523594303857692e+02
4.736069327019788722e-02 3.612652701703560751e+02 2.751785391455768490e+02
6.314759102693051629e-02 3.561970187976280613e+02 3.210416290031751032e+02
7.893448878366314536e-02 3.511287674249000474e+02 3.210416290031715221e+02
9.472138654039577443e-02 3.460605160521721473e+02 3.210416290031715221e+02
1.105082842971284035e-01 3.409922646794441334e+02 3.210416290031751032e+02
1.262951820538610326e-01 3.359240133067161196e+02 3.210416290031751032e+02
1.420820798105936755e-01 3.308557619339881057e+02 3.210416290031751032e+02
1.578689775673262907e-01 3.257875105612600919e+02 3.210416290031732842e+02
1.736558753240589059e-01 3.207192591885321349e+02 3.210416290031751032e+02
1.894427730807915489e-01 3.156510078158040642e+02 3.210416290031769222e+02
2.052296708375241918e-01 3.105827564430760503e+02 3.210416290031751032e+02
2.210165685942568070e-01 3.055145050703480365e+02 3.210416290031751032e+02
2.368034663509894222e-01 3.004462536976200226e+02 3.210416290031751032e+02
2.525903641077220652e-01 2.953780023248920088e+02 3.210416290031732842e+02
2.683772618644547081e-01 2.903097509521640518e+02 3.210416290031732842e+02
2.841641596211873511e-01 2.852414995794360379e+02 3.210416290031732842e+02
2.999510573779199385e-01 2.801732482067080809e+02 3.210416290031732842e+02
3.157379551346525814e-01 2.751049968339800671e+02 3.210416290031751032e+02
3.315248528913852244e-01 2.700367454612520532e+02 3.210416290031732842e+02
3.473117506481178118e-01 2.649684940885240962e+02 3.210416290031732842e+02
3.630986484048504548e-01 2.599002427157960824e+02 3.210416290031751032e+02
3.788855461615830977e-01 2.548319913430680685e+02 3.210416290031751032e+02
3.946724439183157407e-01 2.497637399703400547e+02 3.210416290031751032e+02
4.104593416750483836e-01 2.446954885976120408e+02 3.210416290031751032e+02
4.262462394317809711e-01 2.396272372248840270e+02 3.210416290031751032e+02
4.420331371885136140e-01 2.345589858521560132e+02 3.210416290031751032e+02
4.578200349452462570e-01 2.294907344794279993e+02 3.210416290031751032e+02
4.736069327019788444e-01 2.244224831066999855e+02 3.210416290031751032e+02
4.893938304587114874e-01 2.193542317339719716e+02 3.210416290031732842e+02
5.051807282154441303e-01 2.142859803612440146e+02 3.210416290031732842e+02
5.209676259721767178e-01 2.092177289885160008e+02 3.210416290031751032e+02
5.367545237289094162e-01 2.041494776157879869e+02 3.210416290031741937e+02
5.525414214856420037e-01 1.990812262430600015e+02 3.210416290031732842e+02
5.683283192423747021e-01 1.940129748703320161e+02 3.210416290031732842e+02
5.841152169991072896e-01 1.889447234976040306e+02 3.210416290031751032e+02
5.999021147558398770e-01 1.838764721248759884e+02 3.210416290031751032e+02
6.156890125125725755e-01 1.788082207521480029e+02 3.210416290031741937e+02
6.314759102693051629e-01 1.737399693794199891e+02 3.210416290031741937e+02
6.472628080260377503e-01 1.686717180066920037e+02 3.210416290031741937e+02
6.630497057827704488e-01 1.636034666339639898e+02 3.210416290031751032e+02
6.788366035395030362e-01 1.585352152612359760e+02 3.210416290031741937e+02
6.946235012962356237e-01 1.534669638885079905e+02 3.210416290031741937e+02
7.104103990529683221e-01 1.483987125157799767e+02 3.210416290031751032e+02
7.261972968097009096e-01 1.433304611430519628e+02 3.210416290031751032e+02
7.419841945664336080e-01 1.382622097703239490e+02 3.210416290031741937e+02
7.577710923231661955e-01 1.331939583975959636e+02 3.210416290031732842e+02
7.735579900798987829e-01 1.281257070248679781e+02 3.210416290031737390e+02
7.893448878366314814e-01 1.230574556521399785e+02 3.210416290031751032e+02
8.051317855933640688e-01 1.179892042794119504e+02 3.210416290031751032e+02
8.209186833500967673e-01 1.129209529066839508e+02 3.210416290031741937e+02
8.367055811068293547e-01 1.078527015339559512e+02 3.210416290031746485e+02
8.524924788635619421e-01 1.027844501612279373e+02 3.210416290031751032e+02
8.682793766202946406e-01 9.771619878849992347e+01 3.210416290031741937e+02
8.840662743770272280e-01 9.264794741577193804e+01 3.210416290031732842e+02
8.998531721337598155e-01 8.757969604304395261e+01 3.210416290031741937e+02
9.156400698904925139e-01 8.251144467031593877e+01 3.210416290031746485e+02
9.314269676472251014e-01 7.744319329758793913e+01 3.313903733485717567e+02
9.472138654039576888e-01 7.204819278707722674e+01 3.347400038327224365e+02
9.630007631606903873e-01 6.687418086639698345e+01 3.243912594873253283e+02
9.787876609174229747e-01 6.180592949366896960e+01 3.168248031244180538e+02
9.945745586741556732e-01 5.687081931895271936e+01 2.982908894707587706e+02
1.010361456430888261e+00 5.238775394598956581e+01 2.725219583466645759e+02
1.026148354187620848e+00 4.826626673318603622e+01 2.463665441579358060e+02
1.041935251944353436e+00 4.460902705938779178e+01 2.081693881935736385e+02
1.057722149701086245e+00 4.169356903819897298e+01 1.777627949288825846e+02
1.073509047457818832e+00 3.899638092240119391e+01 1.564296881081258448e+02
1.089295945214551420e+00 3.675449005363785915e+01 1.307458420672243733e+02
1.105082842971284007e+00 3.486823844073482803e+01 1.177998487795991593e+02
1.120869740728016595e+00 3.303510171675366536e+01 1.122043731856719688e+02
1.136656638484749404e+00 3.132552050605387706e+01 1.066728158070223174e+02
1.152443536241481992e+00 2.966703604361719826e+01 9.906003438977647590e+01
1.168230433998214579e+00 2.819781923667423840e+01 8.793846943889602130e+01
1.184017331754947167e+00 2.689048479178638118e+01 8.148210117034371081e+01
1.199804229511679754e+00 2.562512003631431767e+01 7.454746087125668907e+01
1.215591127268412341e+00 2.453673850618926977e+01 6.260533813769598055e+01
1.231378025025145151e+00 2.364843189190335693e+01 4.871875886258080612e+01
1.247164922781877738e+00 2.299850237619232018e+01 3.242012619807199769e+01
1.262951820538610326e+00 2.262480545680469390e+01 1.909528837106970300e+01
1.278738718295342913e+00 2.239559164589351425e+01 8.886159819632565515e+00
1.294525616052075501e+00 2.234423566375964398e+01 -4.403992943758736622e+00
1.310312513808808310e+00 2.253464241854249650e+01 -1.668139632225429736e+01
1.326099411565540898e+00 2.287093066011757259e+01 -2.398746670970037087e+01
1.341886309322273485e+00 2.329201778732063133e+01 -3.137431209512071817e+01
1.357673207079006072e+00 2.386153677458455391e+01 -3.521164172920327218e+01
1.373460104835738660e+00 2.440378296297189564e+01 -3.842785000487824476e+01
1.389247002592471247e+00 2.507484985266069444e+01 -4.614431251445580529e+01
1.405033900349204057e+00 2.586073405041275919e+01 -4.755936107774720512e+01
1.420820798105936644e+00 2.657647939408054327e+01 -4.744409737451666587e+01
1.436607695862669232e+00 2.735872427923668226e+01 -5.243457710567975738e+01
1.452394593619401819e+00 2.823203800945030295e+01 -5.245162325720674090e+01
1.468181491376134407e+00 2.901482110630904643e+01 -5.144687153078211850e+01
1.483968389132867216e+00 2.985641101097073502e+01 -4.907793226817361898e+01
1.499755286889599804e+00 3.056439770396805855e+01 -4.107973747578852652e+01
1.515542184646332391e+00 3.115345424177811751e+01 -3.515153625768314782e+01
1.531329082403064978e+00 3.167426512175230613e+01 -2.697693466305616639e+01
1.547115980159797566e+00 3.200521846040956575e+01 -1.426984648609172268e+01
1.562902877916530375e+00 3.212481833671270692e+01 -5.549576822999909176e+00
1.578689775673262963e+00 3.218043966420523105e+01 1.984334278027203746e+00
1.594476673429995550e+00 3.206216537198791627e+01 1.163353872990893834e+01
1.610263571186728138e+00 3.181312469124910791e+01 2.122598592958901520e+01
1.626050468943460725e+00 3.139198043267538196e+01 2.918259851461556664e+01
1.641837366700193535e+00 3.089171929319708099e+01 3.334221397173799062e+01
1.657624264456926122e+00 3.033924018676552237e+01 3.741635512676221254e+01
1.673411162213658709e+00 2.971034294756549343e+01 4.498074247577207530e+01
1.689198059970391297e+00 2.891902742179165386e+01 5.230849438336312573e+01
1.704984957727123884e+00 2.805876524228794011e+01 5.434431770453589650e+01
1.720771855483856472e+00 2.720317104726984780e+01 5.443595789975289989e+01
1.736558753240589281e+00 2.634001543898153841e+01 5.624381574218032398e+01
1.752345650997321869e+00 2.542734031012922813e+01 5.951830888992028434e+01
1.768132548754054456e+00 2.446079652478393385e+01 6.021677835331056627e+01
1.783919446510787044e+00 2.352606806392213912e+01 5.615091336797772925e+01
1.799706344267519631e+00 2.268789906820910218e+01 5.215755039644827917e+01
1.815493242024252440e+00 2.187925623322142243e+01 5.114485932593792228e+01
1.831280139780985028e+00 2.107306173828699158e+01 4.986483463298016972e+01
1.847067037537717615e+00 2.030483414120694619e+01 4.718468632232291071e+01
1.862853935294450203e+00 1.958326210097896691e+01 4.390945374820488212e+01
1.878640833051182790e+00 1.891844602745316450e+01 4.250469780380605300e+01
1.894427730807915378e+00 1.824122746415995877e+01 4.449866351854570468e+01
1.910214628564648187e+00 1.751345432489610587e+01 4.541148616625663692e+01
1.926001526321380775e+00 1.680741448598401533e+01 4.499332477102846894e+01
1.941788424078113362e+00 1.609284428910472187e+01 4.645669921772012145e+01
1.957575321834845949e+00 1.534060016465315890e+01 4.802418057481915525e+01
1.973362219591578537e+00 1.457653863193365140e+01 4.976470969816423917e+01
1.989149117348311346e+00 1.376933939685635977e+01 5.102388852822650733e+01
2.004936015105043712e+00 1.296552080924158190e+01 5.032149003488741812e+01
2.020722912861776521e+00 1.218049896056194470e+01 5.002864903808593056e+01
2.036509810618509331e+00 1.138592647469813635e+01 4.944948857247912599e+01
2.052296708375241696e+00 1.061919092012905175e+01 4.686822919852595959e+01
2.068083606131974506e+00 9.906118589905656080e+00 4.353497916754962205e+01
2.083870503888706871e+00 9.244626390209869982e+00 3.947905593079653386e+01
2.099657401645439680e+00 8.659614950882028594e+00 3.456021832668891847e+01
2.115444299402172490e+00 8.153429123862279582e+00 2.944058266798050383e+01
2.131231197158904855e+00 7.730064013925942668e+00 2.382497503695987717e+01
2.147018094915637665e+00 7.401184233931894063e+00 1.826358133026787911e+01
2.162804992672370030e+00 7.153413431660522903e+00 1.276937191539177086e+01
2.178591890429102840e+00 6.998006696239928104e+00 7.143887245113880624e+00
2.194378788185835649e+00 6.927853796612044590e+00 1.748111733267698309e+00
2.210165685942568015e+00 6.942812173839044476e+00 -2.750190743569641327e+00
2.225952583699300824e+00 7.014687756772537419e+00 -6.612593891534387147e+00
2.241739481456033189e+00 7.151596861183940668e+00 -1.037009667416281289e+01
2.257526379212765999e+00 7.342111068617420244e+00 -1.361830477982911347e+01
2.273313276969498808e+00 7.581578431542311591e+00 -1.622697865543605289e+01
2.289100174726231174e+00 7.854458374485523642e+00 -1.761130406631132317e+01
2.304887072482963983e+00 8.137634144857484486e+00 -1.817256214661858493e+01
2.320673970239696349e+00 8.428235135658598054e+00 -1.821077689348383188e+01
2.336460867996429158e+00 8.712617490633681072e+00 -1.729651084575329278e+01
2.352247765753161524e+00 8.974351632198846573e+00 -1.533203446734741249e+01
2.368034663509894333e+00 9.196708011711109521e+00 -1.288724562412536656e+01
2.383821561266627143e+00 9.381250890266780829e+00 -9.874439556907864457e+00
2.399608459023359508e+00 9.508481547090990915e+00 -6.641456585648063182e+00
2.415395356780092317e+00 9.590946882413589947e+00 -3.369722691977776741e+00
2.431182254536824683e+00 9.614876482304580918e+00 -8.748861890002116448e-01
2.446969152293557492e+00 9.618570360042637546e+00 7.032332746110685484e-01
2.462756050050290302e+00 9.592672738693746481e+00 2.645752285567577466e+00
2.478542947807022667e+00 9.535033918398843511e+00 4.379436033872204703e+00
2.494329845563755477e+00 9.454397320895964185e+00 5.990337673207770663e+00
2.510116743320487842e+00 9.345896221648374080e+00 7.705962757014031439e+00
2.525903641077220652e+00 9.211090828571624201e+00 8.608109757395446593e+00
2.541690538833953461e+00 9.074105524410905232e+00 9.853809937947277220e+00
2.557477436590685826e+00 8.899968648562325058e+00 1.196729161221059634e+01
2.573264334347418636e+00 8.696252706196959892e+00 1.307557115754462629e+01
2.589051232104151001e+00 8.487123238612246823e+00 1.393802263285987486e+01
2.604838129860883811e+00 8.256176429724991550e+00 1.476105103649684480e+01
2.620625027617616620e+00 8.021060831622071063e+00 1.440008233482493161e+01
2.636411925374348986e+00 7.801511174708165797e+00 1.441841153211668569e+01
2.652198823131081795e+00 7.565816854278029524e+00 1.477570773391731329e+01
2.667985720887814161e+00 7.334986000150733432e+00 1.444135012865739753e+01
2.683772618644546970e+00 7.109848618377445639e+00 1.389912861870337579e+01
2.699559516401279780e+00 6.896137755328440200e+00 1.278249104881511400e+01
2.715346414158012145e+00 6.706256859849457186e+00 1.056729377180832863e+01
2.731133311914744954e+00 6.562488182646649015e+00 8.460767070110975396e+00
2.746920209671477320e+00 6.439118330490712694e+00 5.658835937680535721e+00
2.762707107428210129e+00 6.383817253906075351e+00 1.533342184913108586e+00
2.778494005184942495e+00 6.390704897892096170e+00 -2.774989549006474210e+00
2.794280902941675304e+00 6.471434206478408946e+00 -7.651691661951005585e+00
2.810067800698408114e+00 6.632297845758624355e+00 -1.284448229499272642e+01
2.825854698455140479e+00 6.876983263936834234e+00 -1.778502129446442481e+01
2.841641596211873289e+00 7.193838471312669292e+00 -2.280415066547970682e+01
2.857428493968605654e+00 7.596996853906943237e+00 -2.647836982950673601e+01
2.873215391725338463e+00 8.029861105839422919e+00 -2.945479915794462400e+01
2.889002289482071273e+00 8.526996659410075452e+00 -3.334635361608690118e+01
2.904789187238803638e+00 9.082732056033453460e+00 -3.587234837320606573e+01
2.920576084995536448e+00 9.659622851533471888e+00 -3.667746157381701977e+01
2.936362982752268813e+00 1.024077872771813169e+01 -3.597761355158985452e+01
2.952149880509001623e+00 1.079557266487384659e+01 -3.435847446249864845e+01
2.967936778265734432e+00 1.132560617455168206e+01 -3.375844902805311420e+01
2.983723676022466798e+00 1.186145503133733570e+01 -3.222373396904864506e+01
2.999510573779199607e+00 1.234303176157072812e+01 -2.907113657155683484e+01
3.015297471535931972e+00 1.277934115279169269e+01 -2.582105751854473041e+01
3.031084369292664782e+00 1.315830055160268408e+01 -2.060157883023550696e+01
3.046871267049397591e+00 1.342981119003208335e+01 -1.497942416299866686e+01
3.062658164806129957e+00 1.363125782703466449e+01 -7.823457431416692920e+00
3.078445062562862766e+00 1.367682743517993416e+01 -9.842318283858705330e-01
3.094231960319595132e+00 1.366233376152196399e+01 1.988907444998150087e+00
3.110018858076327941e+00 1.361403007821635391e+01 2.295785658606460444e+00
3.125805755833060751e+00 1.358984709459437745e+01 1.794527227194890218e+00
3.141592653589793116e+00 1.355737004250155664e+01 2.057215584294915800e+00
