0.000000000000000000e+00 3.829595414456010758e+02 4.765236993251354392e+01
1.578689775673262907e-02 3.822072583536104844e+02 9.530473986502887840e+01
3.157379551346525814e-02 3.799504090776386533e+02 1.906094797300595758e+02
4.736069327019788722e-02 3.761889936176855826e+02 2.859142195950884684e+02
6.314759102693051629e-02 3.709230119737513292e+02 3.335665895276038100e+02
7.893448878366314536e-02 3.656570303298170188e+02 3.335665895276038100e+02
9.472138654039577443e-02 3.603910486858827653e+02 3.335665895276019910e+02
1.105082842971284035e-01 3.551250670419485118e+02 3.335665895276038100e+02
1.262951820538610326e-01 3.498590853980142015e+02 3.335665895276055721e+02
1.420820798105936755e-01 3.445931037540798911e+02 3.335665895276055721e+02
1.578689775673262907e-01 3.393271221101455808e+02 3.335665895276038100e+02
1.736558753240589059e-01 3.340611404662113273e+02 3.335665895276019910e+02
1.894427730807915489e-01 3.287951588222770738e+02 3.335665895276038100e+02
2.052296708375241918e-01 3.235291771783427635e+02 3.335665895276038100e+02
2.210165685942568070e-01 3.182631955344085100e+02 3.335665895276038100e+02
2.368034663509894222e-01 3.129972138904741996e+02 3.335665895276038100e+02
2.525903641077220652e-01 3.077312322465399461e+02 3.335665895276019910e+02
2.683772618644547081e-01 3.024652506026056926e+02 3.335665895276038100e+02
2.841641596211873511e-01 2.971992689586713823e+02 3.335665895276038100e+02
2.999510573779199385e-01 2.919332873147371288e+02 3.335665895276038100e+02
3.157379551346525814e-01 2.866673056708028184e+02 3.335665895276038100e+02
3.315248528913852244e-01 2.814013240268685649e+02 3.335665895276038100e+02
3.473117506481178118e-01 2.761353423829342546e+02 3.335665895276038100e+02
3.630986484048504548e-01 2.708693607390000011e+02 3.335665895276038100e+02
3.788855461615830977e-01 2.656033790950656908e+02 3.335665895276038100e+02
3.946724439183157407e-01 2.603373974511314373e+02 3.335665895276038100e+02
4.104593416750483836e-01 2.550714158071971269e+02 3.335665895276046626e+02
4.262462394317809711e-01 2.498054341632628450e+02 3.335665895276038100e+02
4.420331371885136140e-01 2.445394525193285631e+02 3.335665895276046626e+02
4.578200349452462570e-01 2.392734708753942527e+02 3.335665895276038100e+02
4.736069327019788444e-01 2.340074892314599992e+02 3.335665895276029005e+02
4.893938304587114874e-01 2.287415075875257173e+02 3.335665895276046626e+02
5.051807282154441303e-01 2.234755259435914070e+02 3.335665895276038100e+02
5.209676259721767178e-01 2.182095442996571535e+02 3.335665895276029005e+02
5.367545237289094162e-01 2.129435626557228716e+02 3.335665895276038100e+02
5.525414214856420037e-01 2.076775810117885896e+02 3.335665895276046626e+02
5.683283192423747021e-01 2.024115993678542793e+02 3.335665895276046626e+02
5.841152169991072896e-01 1.971456177239199974e+02 3.335665895276038100e+02
5.999021147558398770e-01 1.918796360799857155e+02 3.335665895276038100e+02
6.156890125125725755e-01 1.866136544360514335e+02 3.335665895276029005e+02
6.314759102693051629e-01 1.813476727921171801e+02 3.335665895276029005e+02
6.472628080260377503e-01 1.760816911481828981e+02 3.335665895276038100e+02
6.630497057827704488e-01 1.708157095042486162e+02 3.335665895276046626e+02
6.788366035395030362e-01 1.655497278603143059e+02 3.335665895276038100e+02
6.946235012962356237e-01 1.602837462163800524e+02 3.335665895276029005e+02
7.104103990529683221e-01 1.550177645724457705e+02 3.335665895276038100e+02
7.261972968097009096e-01 1.497517829285114885e+02 3.335665895276038100e+02
7.419841945664336080e-01 1.444858012845772066e+02 3.335665895276038100e+02
7.577710923231661955e-01 1.392198196406429247e+02 3.335665895276038100e+02
7.735579900798987829e-01 1.339538379967086428e+02 3.335665895276038100e+02
7.893448878366314814e-01 1.286878563527743609e+02 3.335665895276033552e+02
8.051317855933640688e-01 1.234218747088400931e+02 3.335665895276033552e+02
8.209186833500967673e-01 1.181558930649058112e+02 3.335665895276038100e+02
8.367055811068293547e-01 1.128899114209715293e+02 3.335665895276038100e+02
8.524924788635619421e-01 1.076239297770372474e+02 3.335665895276038100e+02
8.682793766202946406e-01 1.023579481331029655e+02 3.335665895276038100e+02
8.840662743770272280e-01 9.709196648916868355e+01 3.335665895276033552e+02
8.998531721337598155e-01 9.182598484523441584e+01 3.335665895276033552e+02
9.156400698904925139e-01 8.656000320130013392e+01 3.335665895276038100e+02
9.314269676472251014e-01 8.129402155736585200e+01 3.436295867562009221e+02
9.472138654039576888e-01 7.571031289668327702e+01 3.458456962362512854e+02
9.630007631606903873e-01 7.037436026519043253e+01 3.357826990076541733e+02
9.787876609174229747e-01 6.510837862125615061e+01 3.159758100537387122e+02
9.945745586741556732e-01 6.039780465135214627e+01 2.962749761432883702e+02
1.010361456430888261e+00 5.575385310875116573e+01 2.838919664766804658e+02
1.026148354187620848e+00 5.143425775390190324e+01 2.636494480646289844e+02
1.041935251944353436e+00 4.742943934832059227e+01 2.301270372301331122e+02
1.057722149701086245e+00 4.416827373827807435e+01 2.013469786115230420e+02
1.073509047457818832e+00 4.107215101838630034e+01 1.841731842742915717e+02
1.089295945214551420e+00 3.835322727893783679e+01 1.753724934105797217e+02
1.105082842971284007e+00 3.553497577275412311e+01 1.629767227119870938e+02
1.120869740728016595e+00 3.320743356257482759e+01 1.392614130785641180e+02
1.136656638484749404e+00 3.113796439329532362e+01 1.217399776925172290e+02
1.152443536241481992e+00 2.936364040109746654e+01 1.053218636712230420e+02
1.168230433998214579e+00 2.781255340664306175e+01 9.150492020618943911e+01
1.184017331754947167e+00 2.647448276203128614e+01 7.737688621148063817e+01
1.199804229511679754e+00 2.536947142393310273e+01 6.098675291910713270e+01
1.215591127268412341e+00 2.454889949633316704e+01 4.619565755995715506e+01
1.231378025025145151e+00 2.391089917852495006e+01 3.495453259242128041e+01
1.247164922781877738e+00 2.344525223199130082e+01 2.468621285510059238e+01
1.262951820538610326e+00 2.313146174183612658e+01 1.583868022272395670e+01
1.278738718295342913e+00 2.294516498143584826e+01 5.048164761385193877e+00
1.294525616052075501e+00 2.297207201994186931e+01 -6.270929347593586556e+00
1.310312513808808310e+00 2.314316202233615627e+01 -1.247713080625303483e+01
1.326099411565540898e+00 2.336602239661326053e+01 -1.678589680580966004e+01
1.341886309322273485e+00 2.367315649559292012e+01 -2.268394083328322708e+01
1.357673207079006072e+00 2.408224050592288989e+01 -3.052210818401825421e+01
1.373460104835738660e+00 2.463685529803497687e+01 -3.886049431766344497e+01
1.389247002592471247e+00 2.530921380706097423e+01 -4.415926192439353315e+01
1.405033900349204057e+00 2.603113080406133051e+01 -4.874133717929801435e+01
1.420820798105936644e+00 2.684816282021299116e+01 -5.405763639548115407e+01
1.436607695862669232e+00 2.773793556155350970e+01 -5.884187374808394111e+01
1.452394593619401819e+00 2.870602410956413308e+01 -5.999439225294015188e+01
1.468181491376134407e+00 2.963218623450246625e+01 -5.373064235422274493e+01
1.483968389132867216e+00 3.040250442406349762e+01 -4.489295009059977559e+01
1.499755286889599804e+00 3.104962706065926525e+01 -3.716144155744476052e+01
1.515542184646332391e+00 3.157583218078384846e+01 -2.697472261513588876e+01
1.531329082403064978e+00 3.190132143654201258e+01 -1.741467303228310826e+01
1.547115980159797566e+00 3.212567950603901323e+01 -7.612112945107721629e+00
1.562902877916530375e+00 3.214166473409624558e+01 2.758272795414058454e+00
1.578689775673262963e+00 3.203859036482625555e+01 8.384704703845349272e+00
1.594476673429995550e+00 3.187692778233624225e+01 1.418779866516717547e+01
1.610263571186728138e+00 3.159062771098605182e+01 2.288163873569261852e+01
1.626050468943460725e+00 3.115446759988249781e+01 2.992502870876242227e+01
1.641837366700193535e+00 3.064578097380100985e+01 3.448957315394618917e+01
1.657624264456926122e+00 3.006550086977309988e+01 3.887086463392810032e+01
1.673411162213658709e+00 2.941848024241777537e+01 4.357917115888201209e+01
1.689198059970391297e+00 2.868954103095625641e+01 4.831861163136343862e+01
1.704984957727123884e+00 2.789287827927456220e+01 4.941577002189143997e+01
1.720771855483856472e+00 2.712929761314462951e+01 4.714234830202840953e+01
1.736558753240589281e+00 2.640441541396176106e+01 4.698885111046212870e+01
1.752345650997321869e+00 2.564568123677023337e+01 5.138178942613848221e+01
1.768132548754054456e+00 2.478209730150493328e+01 5.466066213201428781e+01
1.783919446510787044e+00 2.391983666798340025e+01 5.318113409487108356e+01
1.799706344267519631e+00 2.310296704841929838e+01 5.107749077854757758e+01
1.815493242024252440e+00 2.230712641880063174e+01 5.215553594866591425e+01
1.831280139780985028e+00 2.145621882148093462e+01 5.440500609774176866e+01
1.847067037537717615e+00 2.058935388136170275e+01 5.353414231070707530e+01
1.862853935294450203e+00 1.976594275917392096e+01 5.024584129397345578e+01
1.878640833051182790e+00 1.900290196294375633e+01 4.757189524366032174e+01
1.894427730807915378e+00 1.826391746656259940e+01 4.727505936324961056e+01
1.910214628564648187e+00 1.751024890572158199e+01 4.735955838674771456e+01
1.926001526321380775e+00 1.676859645445140856e+01 4.610046838115125922e+01
1.941788424078113362e+00 1.605468214398014126e+01 4.502651106821894444e+01
1.957575321834845949e+00 1.534693860129868348e+01 4.544773957759868210e+01
1.973362219591578537e+00 1.461972450800781864e+01 4.581036001655193957e+01
1.989149117348311346e+00 1.390053166173784760e+01 4.589838224910474196e+01
2.004936015105043712e+00 1.317053837247572190e+01 4.603450565121330840e+01
2.020722912861776521e+00 1.244704759374297787e+01 4.599350942078599047e+01
2.036509810618509331e+00 1.171834871107718712e+01 4.605769485658404960e+01
2.052296708375241696e+00 1.099283135451961257e+01 4.481761160426091806e+01
2.068083606131974506e+00 1.030328660688234521e+01 4.204375576063976894e+01
2.083870503888706871e+00 9.665350407515095554e+00 3.918040441958120113e+01
2.099657401645439680e+00 9.066212529603618009e+00 3.554110406320856441e+01
2.115444299402172490e+00 8.543182855500559114e+00 3.060425946051430302e+01
2.131231197158904855e+00 8.099919899556304870e+00 2.542122239441768627e+01
2.147018094915637665e+00 7.740538377916891477e+00 1.940804320234743940e+01
2.162804992672370030e+00 7.487134312168887362e+00 1.366872802742906856e+01
2.178591890429102840e+00 7.308964754249674733e+00 8.159180054066657917e+00
2.194378788185835649e+00 7.229518029584242278e+00 2.015047181823417244e+00
2.210165685942568015e+00 7.245342066580797713e+00 -3.231953549375910395e+00
2.225952583699300824e+00 7.331563070061255516e+00 -7.222541607310818179e+00
2.241739481456033189e+00 7.473385118377524172e+00 -1.097828689832786253e+01
2.257526379212765999e+00 7.678189255677214220e+00 -1.396384845003703745e+01
2.273313276969498808e+00 7.914276813920012366e+00 -1.611374292843575873e+01
2.289100174726231174e+00 8.186961279856191709e+00 -1.693798901661647349e+01
2.304887072482963983e+00 8.449073415539981369e+00 -1.639241279036248145e+01
2.320673970239696349e+00 8.704531969271409153e+00 -1.609107734454761385e+01
2.336460867996429158e+00 8.957129801208081332e+00 -1.575845968088413507e+01
2.352247765753161524e+00 9.202086352842831829e+00 -1.440807477116244506e+01
2.368034663509894333e+00 9.412047407775482100e+00 -1.223892553229344848e+01
2.383821561266627143e+00 9.588515684903994085e+00 -9.796435081170368875e+00
2.399608459023359508e+00 9.721358045789292746e+00 -7.919253865743772103e+00
2.415395356780092317e+00 9.838556587080207194e+00 -5.886553201228566401e+00
2.431182254536824683e+00 9.907218872844017810e+00 -2.374041494746210290e+00
2.446969152293557492e+00 9.913514087775805450e+00 1.300971971652834958e+00
2.462756050050290302e+00 9.866142249842301482e+00 3.945377175399801484e+00
2.478542947807022667e+00 9.788943555616238967e+00 5.854642473575187189e+00
2.494329845563755477e+00 9.681288965577190098e+00 7.545360586726103769e+00
2.510116743320487842e+00 9.550707883375588736e+00 9.987725040392994913e+00
2.525903641077220652e+00 9.365938577507105123e+00 1.229039080571276443e+01
2.541690538833953461e+00 9.162653597295440377e+00 1.302419803265372167e+01
2.557477436590685826e+00 8.954715212097219990e+00 1.318572725170223769e+01
2.573264334347418636e+00 8.746330141353867660e+00 1.402985851660042194e+01
2.589051232104151001e+00 8.511739328211229250e+00 1.566991551320036891e+01
2.604838129860883811e+00 8.251571433226802199e+00 1.640956296502148248e+01
2.620625027617616620e+00 7.993627142688308318e+00 1.592605688648418294e+01
2.636411925374348986e+00 7.748725369757135439e+00 1.490688963825783908e+01
2.652198823131081795e+00 7.522960057508161213e+00 1.374507587058793945e+01
2.667985720887814161e+00 7.314741154902126397e+00 1.298523796435799582e+01
2.683772618644546970e+00 7.112966809327835982e+00 1.192441405656597730e+01
2.699559516401279780e+00 6.938242143862221489e+00 9.257814863373111436e+00
2.715346414158012145e+00 6.820662455930174062e+00 6.992175683087872073e+00
2.731133311914744954e+00 6.717472618650180749e+00 5.044568918456193707e+00
2.746920209671477320e+00 6.661386268445255610e+00 2.624371520492252863e+00
2.762707107428210129e+00 6.634611248910796455e+00 2.167646048593673547e-01
2.778494005184942495e+00 6.654542187136868847e+00 -3.837648121367583709e+00
2.794280902941675304e+00 6.755780365947490651e+00 -9.451489171618625562e+00
2.810067800698408114e+00 6.952961573539286455e+00 -1.465129652087967393e+01
2.825854698455140479e+00 7.218377406304890442e+00 -1.927173936329791815e+01
2.841641596211873289e+00 7.561443531384854033e+00 -2.471374647401105307e+01
2.857428493968605654e+00 7.998684183846938467e+00 -3.081354457741972297e+01
2.873215391725338463e+00 8.534344086917350580e+00 -3.697688956318201292e+01
2.889002289482071273e+00 9.166184933638835020e+00 -4.036991974915459025e+01
2.904789187238803638e+00 9.808975677972160412e+00 -4.059817418512542275e+01
2.920576084995536448e+00 1.044802338358002913e+01 -4.031733324243511163e+01
2.936362982752268813e+00 1.108194691341704186e+01 -4.177728889663661249e+01
2.952149880509001623e+00 1.176709096030939605e+01 -4.223278415240911698e+01
2.967936778265734432e+00 1.241539620420952339e+01 -3.956382107154170313e+01
2.983723676022466798e+00 1.301627095655358168e+01 -3.365244031430919591e+01
2.999510573779199607e+00 1.347793147322261653e+01 -2.864741353742975605e+01
3.015297471535931972e+00 1.392077853357406525e+01 -2.653252530072168014e+01
3.031084369292664782e+00 1.431566400152344620e+01 -2.447386614765204982e+01
3.046871267049397591e+00 1.469351137874395086e+01 -1.685385013172869506e+01
3.062658164806129957e+00 1.484780401919723758e+01 -2.553388301004529293e+00
3.078445062562862766e+00 1.477413153882634234e+01 9.456130859468318661e+00
3.094231960319595132e+00 1.454923807709181638e+01 1.106769541219964736e+01
3.110018858076327941e+00 1.442468238707623307e+01 4.590621034486742857e+00
3.125805755833060751e+00 1.440429474726911963e+01 -1.069991471449721177e+00
3.141592653589793116e+00 1.445846607899693836e+01 -3.431410816904564065e+00
