0.000000000000000000e+00 2.197944600244334481e+02 1.476184235606432260e+01
1.578689775673262907e-02 2.195614163284572555e+02 2.952368471213134526e+01
3.157379551346525814e-02 2.188622852405285926e+02 5.904736942426269053e+01
4.736069327019788722e-02 2.176970667606475445e+02 8.857105413639314406e+01
6.314759102693051629e-02 2.160657608888140544e+02 1.033328964924583602e+02
7.893448878366314536e-02 2.144344550169805927e+02 1.033328964924592555e+02
9.472138654039577443e-02 2.128031491451470743e+02 1.033328964924610602e+02
1.105082842971284035e-01 2.111718432733135558e+02 1.033328964924592555e+02
1.262951820538610326e-01 2.095405374014800941e+02 1.033328964924583602e+02
1.420820798105936755e-01 2.079092315296466040e+02 1.033328964924592555e+02
1.578689775673262907e-01 2.062779256578131140e+02 1.033328964924592555e+02
1.736558753240589059e-01 2.046466197859796239e+02 1.033328964924601649e+02
1.894427730807915489e-01 2.030153139141461054e+02 1.033328964924592555e+02
2.052296708375241918e-01 2.013840080423126437e+02 1.033328964924583602e+02
2.210165685942568070e-01 1.997527021704791537e+02 1.033328964924592555e+02
2.368034663509894222e-01 1.981213962986456636e+02 1.033328964924592555e+02
2.525903641077220652e-01 1.964900904268121735e+02 1.033328964924592555e+02
2.683772618644547081e-01 1.948587845549786834e+02 1.033328964924583602e+02
2.841641596211873511e-01 1.932274786831452218e+02 1.033328964924583602e+02
2.999510573779199385e-01 1.915961728113117317e+02 1.033328964924592555e+02
3.157379551346525814e-01 1.899648669394782416e+02 1.033328964924601649e+02
3.315248528913852244e-01 1.883335610676447232e+02 1.033328964924601649e+02
3.473117506481178118e-01 1.867022551958112331e+02 1.033328964924592555e+02
3.630986484048504548e-01 1.850709493239777430e+02 1.033328964924592555e+02
3.788855461615830977e-01 1.834396434521442529e+02 1.033328964924583602e+02
3.946724439183157407e-01 1.818083375803107913e+02 1.033328964924583602e+02
4.104593416750483836e-01 1.801770317084773012e+02 1.033328964924592555e+02
4.262462394317809711e-01 1.785457258366438111e+02 1.033328964924601649e+02
4.420331371885136140e-01 1.769144199648102926e+02 1.033328964924601649e+02
4.578200349452462570e-01 1.752831140929768026e+02 1.033328964924592555e+02
4.736069327019788444e-01 1.736518082211433125e+02 1.033328964924592555e+02
4.893938304587114874e-01 1.720205023493098224e+02 1.033328964924583602e+02
5.051807282154441303e-01 1.703891964774763608e+02 1.033328964924583602e+02
5.209676259721767178e-01 1.687578906056428707e+02 1.033328964924592555e+02
5.367545237289094162e-01 1.671265847338093806e+02 1.033328964924601649e+02
5.525414214856420037e-01 1.654952788619758621e+02 1.033328964924601649e+02
5.683283192423747021e-01 1.638639729901423721e+02 1.033328964924592555e+02
5.841152169991072896e-01 1.622326671183088820e+02 1.033328964924583602e+02
5.999021147558398770e-01 1.606013612464754203e+02 1.033328964924583602e+02
6.156890125125725755e-01 1.589700553746419303e+02 1.033328964924592555e+02
6.314759102693051629e-01 1.573387495028084402e+02 1.033328964924592555e+02
6.472628080260377503e-01 1.557074436309749501e+02 1.033328964924601649e+02
6.630497057827704488e-01 1.540761377591414316e+02 1.033328964924592555e+02
6.788366035395030362e-01 1.524448318873079700e+02 1.033328964924583602e+02
6.946235012962356237e-01 1.508135260154744799e+02 1.033328964924583602e+02
7.104103990529683221e-01 1.491822201436410182e+02 1.033328964924592555e+02
7.261972968097009096e-01 1.475509142718074997e+02 1.033328964924592555e+02
7.419841945664336080e-01 1.459196083999740381e+02 1.033328964924592555e+02
7.577710923231661955e-01 1.442883025281405196e+02 1.033328964924592555e+02
7.735579900798987829e-01 1.426569966563070579e+02 1.033328964924583602e+02
7.893448878366314814e-01 1.410256907844735679e+02 1.033328964924592555e+02
8.051317855933640688e-01 1.393943849126400778e+02 1.033328964924592555e+02
8.209186833500967673e-01 1.377630790408065877e+02 1.033328964924601649e+02
8.367055811068293547e-01 1.361317731689730692e+02 1.033328964924592555e+02
8.524924788635619421e-01 1.345004672971396076e+02 1.033328964924583602e+02
8.682793766202946406e-01 1.328691614253061175e+02 1.033328964924592555e+02
8.840662743770272280e-01 1.312378555534726274e+02 1.033328964924592555e+02
8.998531721337598155e-01 1.296065496816391374e+02 1.033328964924592555e+02
9.156400698904925139e-01 1.279752438098056473e+02 1.033328964924597102e+02
9.314269676472251014e-01 1.263439379379721430e+02 1.033328964924597102e+02
9.472138654039576888e-01 1.247126320661386529e+02 1.033328964924592555e+02
9.630007631606903873e-01 1.230813261943051629e+02 1.033328964924588149e+02
9.787876609174229747e-01 1.214500203224716870e+02 1.033328964924588149e+02
9.945745586741556732e-01 1.198187144506381969e+02 1.033328964924592555e+02
1.010361456430888261e+00 1.181874085788047068e+02 1.033328964924592555e+02
1.026148354187620848e+00 1.165561027069712168e+02 1.033328964924597102e+02
1.041935251944353436e+00 1.149247968351377125e+02 1.033328964924597102e+02
1.057722149701086245e+00 1.132934909633042224e+02 1.033328964924588149e+02
1.073509047457818832e+00 1.116621850914707466e+02 1.033328964924583602e+02
1.089295945214551420e+00 1.100308792196372707e+02 1.033328964924592555e+02
1.105082842971284007e+00 1.083995733478037664e+02 1.033328964924597102e+02
1.120869740728016595e+00 1.067682674759702763e+02 1.033328964924592555e+02
1.136656638484749404e+00 1.051369616041367863e+02 1.033328964924588149e+02
1.152443536241481992e+00 1.035056557323033104e+02 1.033328964924588149e+02
1.168230433998214579e+00 1.018743498604698203e+02 1.033328964924597102e+02
1.184017331754947167e+00 1.002430439886363160e+02 1.033328964924592555e+02
1.199804229511679754e+00 9.861173811680284018e+01 1.033328964924583602e+02
1.215591127268412341e+00 9.698043224496936432e+01 1.033328964924592555e+02
1.231378025025145151e+00 9.534912637313586004e+01 1.033328964924592555e+02
1.247164922781877738e+00 9.371782050130238417e+01 1.033328964924592555e+02
1.262951820538610326e+00 9.208651462946887989e+01 1.033328964924597102e+02
1.278738718295342913e+00 9.045520875763538982e+01 1.033328964924588149e+02
1.294525616052075501e+00 8.882390288580191395e+01 1.033328964924592555e+02
1.310312513808808310e+00 8.719259701396840967e+01 1.033328964924592555e+02
1.326099411565540898e+00 8.556129114213493381e+01 1.033328964924592555e+02
1.341886309322273485e+00 8.392998527030142952e+01 1.033328964924597102e+02
1.357673207079006072e+00 8.229867939846793945e+01 1.033328964924592555e+02
1.373460104835738660e+00 8.066737352663444938e+01 1.033328964924588149e+02
1.389247002592471247e+00 7.903606765480097351e+01 1.033328964924583602e+02
1.405033900349204057e+00 7.740476178296749765e+01 1.033328964924592555e+02
1.420820798105936644e+00 7.577345591113399337e+01 1.033328964924592555e+02
1.436607695862669232e+00 7.414215003930051751e+01 1.033328964924592555e+02
1.452394593619401819e+00 7.251084416746701322e+01 1.033328964924597102e+02
1.468181491376134407e+00 7.087953829563352315e+01 1.033328964924592555e+02
1.483968389132867216e+00 6.924823242380003308e+01 1.033328964924588149e+02
1.499755286889599804e+00 6.761692655196655721e+01 1.033328964924592555e+02
1.515542184646332391e+00 6.598562068013305293e+01 1.033328964924597102e+02
1.531329082403064978e+00 6.435431480829956286e+01 1.033328964924590423e+02
1.547115980159797566e+00 6.272300893646607989e+01 1.033328964924590423e+02
1.562902877916530375e+00 6.109170306463258981e+01 1.033328964924590423e+02
1.578689775673262963e+00 5.946039719279910685e+01 1.071258404999375244e+02
1.594476673429995550e+00 5.770933368247946760e+01 1.174233865120768741e+02
1.610263571186728138e+00 5.575289519856819709e+01 1.136304425045983919e+02
1.626050468943460725e+00 5.412158932673470702e+01 1.132569289744189689e+02
1.641837366700193535e+00 5.217694408264683403e+01 1.198508637338527052e+02
1.657624264456926122e+00 5.033744266308985260e+01 1.084946706354382542e+02
1.673411162213658709e+00 4.875135553770274299e+01 1.033039171599689752e+02
1.689198059970391297e+00 4.707574590694103733e+01 1.085449691928822205e+02
1.704984957727123884e+00 4.532417887639129361e+01 1.130977707722092163e+02
1.720771855483856472e+00 4.350482001955053590e+01 1.225041907701901920e+02
1.736558753240589281e+00 4.145625660747077035e+01 1.161831162953624954e+02
1.752345650997321869e+00 3.983647806352360732e+01 1.080860122199822086e+02
1.768132548754054456e+00 3.804357095977114511e+01 1.218170121443288991e+02
1.783919446510787044e+00 3.599025263201725267e+01 1.254411359502891372e+02
1.799706344267519631e+00 3.408291818429992048e+01 1.112038199433310695e+02
1.815493242024252440e+00 3.247912596081030756e+01 8.570644931056752114e+01
1.831280139780985028e+00 3.137684027958288624e+01 7.566458280785585089e+01
1.847067037537717615e+00 3.009010789562340804e+01 8.279912793154622364e+01
1.862853935294450203e+00 2.876255754557899635e+01 7.912281244235735755e+01
1.878640833051182790e+00 2.759190039511815229e+01 7.099212788881430924e+01
1.894427730807915378e+00 2.652106661655179920e+01 6.845947021364960960e+01
1.910214628564648187e+00 2.543037508163221361e+01 7.089678922290150354e+01
1.926001526321380775e+00 2.428258589106665966e+01 7.922527675272625913e+01
1.941788424078113362e+00 2.292893239394394200e+01 8.052333021706526495e+01
1.957575321834845949e+00 2.174015872872980282e+01 7.575413521941206341e+01
1.973362219591578537e+00 2.053708681922682899e+01 7.728931697039855919e+01
1.989149117348311346e+00 1.929984163933103858e+01 7.940680896212481343e+01
2.004936015105043712e+00 1.802991247067989988e+01 7.919600327672256412e+01
2.020722912861776521e+00 1.679932322638807562e+01 7.709612476710623241e+01
2.036509810618509331e+00 1.559569519240268320e+01 7.335947837757626644e+01
2.052296708375241696e+00 1.448308605712000663e+01 6.967568533124054397e+01
2.068083606131974506e+00 1.339576935149354320e+01 6.759248463653196382e+01
2.083870503888706871e+00 1.234893476895910425e+01 6.347732870980595266e+01
2.099657401645439680e+00 1.139154915506911259e+01 5.876787819530751023e+01
2.115444299402172490e+00 1.049340980006023116e+01 5.484540947675899503e+01
2.131231197158904855e+00 9.659871411397654484e+00 5.092996470095927464e+01
2.147018094915637665e+00 8.885357509084139238e+00 4.830017018593433420e+01
2.162804992672370030e+00 8.134851714681392565e+00 4.622529254081564432e+01
2.178591890429102840e+00 7.425849574850315271e+00 4.276274884602814552e+01
2.194378788185835649e+00 6.784669427023227506e+00 3.990347799316759136e+01
2.210165685942568015e+00 6.165945320417980824e+00 3.703791886982234161e+01
2.225952583699300824e+00 5.615241750383140662e+00 3.362837179177235924e+01
2.241739481456033189e+00 5.104169986013777027e+00 3.043543660638414750e+01
2.257526379212765999e+00 4.654279498610132570e+00 2.596708206023417631e+01
2.273313276969498808e+00 4.284290646962571003e+00 2.058181667639156132e+01
2.289100174726231174e+00 4.004433427574116244e+00 1.593218901382596187e+01
2.304887072482963983e+00 3.781250968958152381e+00 1.223542838823236600e+01
2.320673970239696349e+00 3.618114513624419715e+00 8.666510927187390578e+00
2.336460867996429158e+00 3.507616325127925538e+00 4.396589322696239144e+00
2.352247765753161524e+00 3.479297501392923930e+00 -4.328521729103242399e-01
2.368034663509894333e+00 3.521283111122955223e+00 -4.345076738654820581e+00
2.383821561266627143e+00 3.616488065829525755e+00 -6.874253830715692182e+00
2.399608459023359508e+00 3.738329395881627715e+00 -9.178880015736297082e+00
2.415395356780092317e+00 3.906300146489016356e+00 -1.220960763188151077e+01
2.431182254536824683e+00 4.123833050550299362e+00 -1.444499440207125573e+01
2.446969152293557492e+00 4.362383445933164516e+00 -1.482296550991924633e+01
2.462756050050290302e+00 4.591850332463637940e+00 -1.434050393729957129e+01
2.478542947807022667e+00 4.815167584809504575e+00 -1.305301291203887892e+01
2.494329845563755477e+00 5.003983492982975179e+00 -1.201685528400835423e+01
2.510116743320487842e+00 5.194585316261688845e+00 -1.146749911813488509e+01
2.525903641077220652e+00 5.366055965189809207e+00 -1.020982238086353888e+01
2.541690538833953461e+00 5.516948160343875251e+00 -9.087646052321918688e+00
2.557477436590685826e+00 5.652987443344571261e+00 -8.491565007418845568e+00
2.573264334347418636e+00 5.785059097477414980e+00 -6.923001828144252023e+00
2.589051232104151001e+00 5.871572887405744012e+00 -5.378387810231913591e+00
2.604838129860883811e+00 5.954875214389791616e+00 -3.913376840664496203e+00
2.620625027617616620e+00 5.995133047540015525e+00 -6.147101753378786393e-01
2.636411925374348986e+00 5.974283947765956171e+00 3.075704158284088496e+00
2.652198823131081795e+00 5.898021393386438938e+00 5.517188456339392033e+00
2.667985720887814161e+00 5.800085367636245159e+00 7.952897303559749886e+00
2.683772618644546970e+00 5.646918240184254145e+00 9.370271808619584419e+00
2.699559516401279780e+00 5.504230321645302126e+00 9.623677592868611796e+00
2.715346414158012145e+00 5.343062211779503023e+00 1.073990823096912983e+01
2.731133311914744954e+00 5.165130655327300424e+00 9.932224650655479437e+00
2.746920209671477320e+00 5.029464181665908029e+00 7.748979494001717150e+00
2.762707107428210129e+00 4.920465961345654726e+00 8.256701462890269738e+00
2.778494005184942495e+00 4.768768778060881175e+00 9.014464831228103492e+00
2.794280902941675304e+00 4.635845092101134490e+00 8.560935575965064714e+00
2.810067800698408114e+00 4.498467548781410308e+00 9.353375982960013602e+00
2.825854698455140479e+00 4.340523511454597916e+00 8.939436656928101854e+00
2.841641596211873289e+00 4.216215603769986942e+00 7.206804231928249926e+00
2.857428493968605654e+00 4.112977348330119298e+00 7.066595135200757660e+00
2.873215391725338463e+00 3.993096373994709847e+00 3.987572132942099667e+00
2.889002289482071273e+00 3.987074561209412948e+00 -1.882431363624693654e+00
2.904789187238803638e+00 4.052531876937929489e+00 -6.424193132118052318e+00
2.920576084995536448e+00 4.189910721501916235e+00 -1.272775858722601328e+01
2.936362982752268813e+00 4.454395523915755106e+00 -1.906938634824939527e+01
2.952149880509001623e+00 4.792003626628808632e+00 -2.281480740055658529e+01
2.967936778265734432e+00 5.174745587460022556e+00 -2.824185797107965712e+01
2.983723676022466798e+00 5.683706275128006524e+00 -3.110073346783529047e+01
2.999510573779199607e+00 6.156713786292239199e+00 -3.247977006294978253e+01
3.015297471535931972e+00 6.709215893419953503e+00 -3.305076435744948782e+01
3.031084369292664782e+00 7.200251861678075294e+00 -3.083043162365077094e+01
3.046871267049397591e+00 7.682649637096975681e+00 -3.153525083938770734e+01
3.062658164806129957e+00 8.195939423146736402e+00 -2.755178720469447384e+01
3.078445062562862766e+00 8.552564132328507540e+00 -2.287853220807350141e+01
3.094231960319595132e+00 8.918301520732677901e+00 -2.588673647512688092e+01
3.110018858076327941e+00 9.369906656305126091e+00 -2.161262493675739904e+01
3.125805755833060751e+00 9.600694120995076020e+00 -1.799452465950960800e+01
3.141592653589793116e+00 9.938062098266490452e+00 -2.137012492701660094e+01
