0.000000000000000000e+00 2.968692650071025128e+02 2.310089370798169028e+01
1.578689775673262907e-02 2.965045735600454577e+02 4.620178741596338057e+01
3.157379551346525814e-02 2.954104992188742926e+02 9.240357483192676114e+01
4.736069327019788722e-02 2.935870419835890175e+02 1.386053622478901275e+02
6.314759102693051629e-02 2.910342018541896323e+02 1.617062559558736154e+02
7.893448878366314536e-02 2.884813617247901902e+02 1.617062559558718249e+02
9.472138654039577443e-02 2.859285215953908619e+02 1.617062559558718249e+02
1.105082842971284035e-01 2.833756814659914198e+02 1.617062559558718249e+02
1.262951820538610326e-01 2.808228413365920915e+02 1.617062559558718249e+02
1.420820798105936755e-01 2.782700012071926494e+02 1.617062559558736154e+02
1.578689775673262907e-01 2.757171610777932642e+02 1.617062559558718249e+02
1.736558753240589059e-01 2.731643209483938790e+02 1.617062559558718249e+02
1.894427730807915489e-01 2.706114808189944938e+02 1.617062559558718249e+02
2.052296708375241918e-01 2.680586406895951086e+02 1.617062559558718249e+02
2.210165685942568070e-01 2.655058005601957234e+02 1.617062559558736154e+02
2.368034663509894222e-01 2.629529604307962813e+02 1.617062559558736154e+02
2.525903641077220652e-01 2.604001203013968961e+02 1.617062559558718249e+02
2.683772618644547081e-01 2.578472801719975109e+02 1.617062559558736154e+02
2.841641596211873511e-01 2.552944400425980689e+02 1.617062559558745249e+02
2.999510573779199385e-01 2.527415999131986553e+02 1.617062559558727344e+02
3.157379551346525814e-01 2.501887597837992701e+02 1.617062559558727344e+02
3.315248528913852244e-01 2.476359196543998564e+02 1.617062559558727344e+02
3.473117506481178118e-01 2.450830795250004712e+02 1.617062559558718249e+02
3.630986484048504548e-01 2.425302393956010860e+02 1.617062559558718249e+02
3.788855461615830977e-01 2.399773992662017008e+02 1.617062559558718249e+02
3.946724439183157407e-01 2.374245591368023156e+02 1.617062559558718249e+02
4.104593416750483836e-01 2.348717190074029304e+02 1.617062559558727344e+02
4.262462394317809711e-01 2.323188788780035168e+02 1.617062559558727344e+02
4.420331371885136140e-01 2.297660387486041316e+02 1.617062559558718249e+02
4.578200349452462570e-01 2.272131986192047464e+02 1.617062559558718249e+02
4.736069327019788444e-01 2.246603584898053612e+02 1.617062559558727344e+02
4.893938304587114874e-01 2.221075183604059475e+02 1.617062559558745249e+02
5.051807282154441303e-01 2.195546782310065055e+02 1.617062559558736154e+02
5.209676259721767178e-01 2.170018381016071203e+02 1.617062559558727344e+02
5.367545237289094162e-01 2.144489979722077067e+02 1.617062559558727344e+02
5.525414214856420037e-01 2.118961578428083214e+02 1.617062559558718249e+02
5.683283192423747021e-01 2.093433177134089362e+02 1.617062559558727344e+02
5.841152169991072896e-01 2.067904775840095226e+02 1.617062559558727344e+02
5.999021147558398770e-01 2.042376374546101374e+02 1.617062559558718249e+02
6.156890125125725755e-01 2.016847973252107522e+02 1.617062559558727344e+02
6.314759102693051629e-01 1.991319571958113386e+02 1.617062559558727344e+02
6.472628080260377503e-01 1.965791170664119534e+02 1.617062559558718249e+02
6.630497057827704488e-01 1.940262769370125682e+02 1.617062559558718249e+02
6.788366035395030362e-01 1.914734368076131830e+02 1.617062559558727344e+02
6.946235012962356237e-01 1.889205966782137693e+02 1.617062559558727344e+02
7.104103990529683221e-01 1.863677565488143841e+02 1.617062559558718249e+02
7.261972968097009096e-01 1.838149164194149989e+02 1.617062559558718249e+02
7.419841945664336080e-01 1.812620762900156137e+02 1.617062559558718249e+02
7.577710923231661955e-01 1.787092361606162285e+02 1.617062559558736154e+02
7.735579900798987829e-01 1.761563960312167865e+02 1.617062559558736154e+02
7.893448878366314814e-01 1.736035559018174013e+02 1.617062559558727344e+02
8.051317855933640688e-01 1.710507157724179876e+02 1.617062559558736154e+02
8.209186833500967673e-01 1.684978756430185740e+02 1.617062559558727344e+02
8.367055811068293547e-01 1.659450355136191888e+02 1.617062559558718249e+02
8.524924788635619421e-01 1.633921953842198036e+02 1.617062559558718249e+02
8.682793766202946406e-01 1.608393552548204184e+02 1.617062559558718249e+02
8.840662743770272280e-01 1.582865151254210332e+02 1.617062559558727344e+02
8.998531721337598155e-01 1.557336749960216196e+02 1.617062559558727344e+02
9.156400698904925139e-01 1.531808348666222344e+02 1.617062559558727344e+02
9.314269676472251014e-01 1.506279947372228207e+02 1.617062559558727344e+02
9.472138654039576888e-01 1.480751546078234355e+02 1.617062559558727344e+02
9.630007631606903873e-01 1.455223144784240219e+02 1.617062559558727344e+02
9.787876609174229747e-01 1.429694743490246367e+02 1.617062559558718249e+02
9.945745586741556732e-01 1.404166342196252515e+02 1.617062559558718249e+02
1.010361456430888261e+00 1.378637940902258663e+02 1.617062559558727344e+02
1.026148354187620848e+00 1.353109539608264527e+02 1.617062559558727344e+02
1.041935251944353436e+00 1.327581138314270675e+02 1.617062559558727344e+02
1.057722149701086245e+00 1.302052737020276538e+02 1.617062559558731607e+02
1.073509047457818832e+00 1.276524335726282544e+02 1.617062559558727344e+02
1.089295945214551420e+00 1.250995934432288550e+02 1.617062559558722796e+02
1.105082842971284007e+00 1.225467533138294698e+02 1.617062559558718249e+02
1.120869740728016595e+00 1.199939131844300846e+02 1.617062559558718249e+02
1.136656638484749404e+00 1.174410730550306994e+02 1.617062559558727344e+02
1.152443536241481992e+00 1.148882329256312858e+02 1.617062559558736154e+02
1.168230433998214579e+00 1.123353927962318721e+02 1.617062559558727344e+02
1.184017331754947167e+00 1.097825526668324869e+02 1.617062559558718249e+02
1.199804229511679754e+00 1.072297125374331017e+02 1.617062559558722796e+02
1.215591127268412341e+00 1.046768724080337023e+02 1.617062559558727344e+02
1.231378025025145151e+00 1.021240322786343029e+02 1.617062559558722796e+02
1.247164922781877738e+00 9.957119214923491768e+01 1.617062559558727344e+02
1.262951820538610326e+00 9.701835201983550405e+01 1.617062559558727344e+02
1.278738718295342913e+00 9.446551189043611885e+01 1.617062559558722796e+02
1.294525616052075501e+00 9.191267176103671943e+01 1.617062559558731607e+02
1.310312513808808310e+00 8.935983163163730580e+01 1.617062559558727344e+02
1.326099411565540898e+00 8.680699150223792060e+01 1.617062559558722796e+02
1.341886309322273485e+00 8.425415137283852118e+01 1.617062559558722796e+02
1.357673207079006072e+00 8.170131124343913598e+01 1.617062559558722796e+02
1.373460104835738660e+00 7.914847111403973656e+01 1.617062559558722796e+02
1.389247002592471247e+00 7.659563098464035136e+01 1.762219209205636901e+02
1.405033900349204057e+00 7.358447621790381277e+01 1.956355199623161241e+02
1.420820798105936644e+00 7.041867508217973182e+01 1.811198549976246852e+02
1.436607695862669232e+00 6.786583495278033240e+01 1.578973770565152677e+02
1.452394593619401819e+00 6.543325558688479759e+01 1.374276286445540336e+02
1.468181491376134407e+00 6.352672310805674272e+01 1.123026142827636704e+02
1.483968389132867216e+00 6.188743580789325449e+01 1.022955079094805768e+02
1.499755286889599804e+00 6.029686565937673492e+01 8.651853520940191800e+01
1.515542184646332391e+00 5.915571726906705408e+01 5.939581147383121618e+01
1.531329082403064978e+00 5.842151445354565453e+01 6.723277500851354205e+01
1.547115980159797566e+00 5.703292337914542998e+01 8.779276269640115515e+01
1.562902877916530375e+00 5.564956371660730383e+01 1.125164911664741112e+02
1.578689775673262963e+00 5.348035069516255646e+01 1.348022501569310236e+02
1.594476673429995550e+00 5.139334503539737398e+01 1.259881058099566360e+02
1.610263571186728138e+00 4.950242800519016129e+01 1.129887262327136455e+02
1.626050468943460725e+00 4.782586209799876542e+01 1.071011323149542278e+02
1.641837366700193535e+00 4.612083875421721046e+01 1.013230009287487405e+02
1.657624264456926122e+00 4.462671038586380234e+01 9.661051926229755793e+01
1.673411162213658709e+00 4.307047797457973104e+01 8.166584129347516807e+01
1.689198059970391297e+00 4.204820981242851019e+01 7.103797302730056629e+01
1.704984957727123884e+00 4.082753954052468259e+01 8.181182894356071245e+01
1.720771855483856472e+00 3.946509985478192561e+01 8.280304538523007807e+01
1.736558753240589281e+00 3.821313311763924503e+01 8.474234014186463071e+01
1.752345650997321869e+00 3.678946253581017345e+01 9.166095169234445450e+01
1.768132548754054456e+00 3.531904897233554408e+01 8.524601388207547359e+01
1.783919446510787044e+00 3.409792232515950161e+01 7.995961397405521609e+01
1.799706344267519631e+00 3.279442047138310556e+01 8.260313136607138063e+01
1.815493242024252440e+00 3.148982794663525553e+01 7.732116563540000698e+01
1.831280139780985028e+00 3.035309779874820890e+01 7.493453825161289217e+01
1.847067037537717615e+00 2.912386015898288960e+01 7.147233955089924962e+01
1.862853935294450203e+00 2.809644476489916087e+01 6.113697466077070430e+01
1.878640833051182790e+00 2.719353382273180841e+01 6.146205363387835519e+01
1.894427730807915378e+00 2.615585445162545142e+01 6.424507187725865265e+01
1.910214628564648187e+00 2.516507306053136617e+01 6.099797394486780888e+01
1.926001526321380775e+00 2.422991689555451345e+01 6.267105391831986339e+01
1.941788424078113362e+00 2.318631001950097925e+01 6.877103580448900289e+01
1.957575321834845949e+00 2.205855427381438005e+01 7.280542856790820849e+01
1.973362219591578537e+00 2.088756630562764371e+01 7.662155873653738070e+01
1.989149117348311346e+00 1.963932084634398123e+01 7.787467189574718418e+01
2.004936015105043712e+00 1.842876733951312218e+01 7.798867413182975383e+01
2.020722912861776521e+00 1.717692239693931100e+01 7.912242984987153704e+01
2.036509810618509331e+00 1.593057191890477853e+01 7.658227449206898996e+01
2.052296708375241696e+00 1.475892932217065834e+01 7.045338335708009936e+01
2.068083606131974506e+00 1.370609119955655508e+01 6.573333257060436097e+01
2.083870503888706871e+00 1.268347852116779073e+01 6.206388279579354617e+01
2.099657401645439680e+00 1.174649885539049521e+01 5.810613015000890158e+01
2.115444299402172490e+00 1.084884744973261128e+01 5.420073422456709267e+01
2.131231197158904855e+00 1.003517595630433590e+01 4.980632310113775674e+01
2.147018094915637665e+00 9.276272788859706964e+00 4.691680765492371563e+01
2.162804992672370030e+00 8.553834265263192904e+00 4.448555238838841319e+01
2.178591890429102840e+00 7.871695054445185136e+00 4.123625958878512421e+01
2.194378788185835649e+00 7.251849037266720366e+00 3.721332419578869377e+01
2.210165685942568015e+00 6.696729165911063930e+00 3.285146818652528822e+01
2.225952583699300824e+00 6.214603498428261652e+00 2.887948811796455217e+01
2.241739481456033189e+00 5.784894113540901550e+00 2.411762871384833318e+01
2.257526379212765999e+00 5.453118421147536310e+00 1.812128091216348480e+01
2.273313276969498808e+00 5.212736495578190521e+00 1.345120090161386273e+01
2.289100174726231174e+00 5.028412954469440699e+00 9.996937459525566894e+00
2.304887072482963983e+00 4.897095236470229374e+00 6.667573997467247437e+00
2.320673970239696349e+00 4.817892336502511696e+00 3.606665169347113231e+00
2.336460867996429158e+00 4.783219127927726078e+00 5.293529090723716468e-01
2.352247765753161524e+00 4.801178655997002664e+00 -1.786672549840921054e+00
2.368034663509894333e+00 4.839631161665924886e+00 -3.126121757431090664e+00
2.383821561266627143e+00 4.899882185116326561e+00 -5.602840920714779571e+00
2.399608459023359508e+00 5.016534115191048748e+00 -9.194895292685270505e+00
2.415395356780092317e+00 5.190199928855295575e+00 -1.211175725481390408e+01
2.431182254536824683e+00 5.398948262063272274e+00 -1.408941517837802593e+01
2.446969152293557492e+00 5.635056242601717003e+00 -1.552568234820162552e+01
2.462756050050290302e+00 5.889152981732407532e+00 -1.632383057797179404e+01
2.478542947807022667e+00 6.150461531267049864e+00 -1.658173358990001844e+01
2.494329845563755477e+00 6.412701247358668866e+00 -1.548424614736158489e+01
2.510116743320487842e+00 6.639357952804006757e+00 -1.304869966752242405e+01
2.525903641077220652e+00 6.824698222377644008e+00 -1.088366177621894515e+01
2.541690538833953461e+00 6.982996464164061834e+00 -9.646098972262441507e+00
2.557477436590685826e+00 7.129262178830505725e+00 -6.820907597337540373e+00
2.573264334347418636e+00 7.198358405858638953e+00 -2.735959983073974922e+00
2.589051232104151001e+00 7.215646819869107276e+00 5.832186743693023034e-01
2.604838129860883811e+00 7.179943978694468321e+00 3.587559981970525502e+00
2.620625027617616620e+00 7.102373934606078798e+00 6.257664777473512352e+00
2.636411925374348986e+00 6.982365750618705569e+00 9.905770769440877643e+00
2.652198823131081795e+00 6.789611153928491127e+00 1.460515140384678823e+01
2.667985720887814161e+00 6.521225686750447004e+00 1.713471897068638938e+01
2.683772618644546970e+00 6.248603040967345201e+00 1.748925891935108368e+01
2.699559516401279780e+00 5.969023401948807539e+00 1.738914558145248179e+01
2.715346414158012145e+00 5.699561714224686604e+00 1.720826442946211543e+01
2.731133311914744954e+00 5.425693179711332803e+00 1.717487481908423774e+01
2.746920209671477320e+00 5.157285728717557305e+00 1.610629345256597844e+01
2.762707107428210129e+00 4.917156363760150306e+00 1.446604889600070365e+01
2.778494005184942495e+00 4.700537658987441247e+00 1.318408531916717585e+01
2.794280902941675304e+00 4.500884749860686540e+00 1.285463030296340037e+01
2.810067800698408114e+00 4.294668190400480867e+00 1.364436607160379289e+01
2.825854698455140479e+00 4.070080325605005100e+00 1.384672687752870068e+01
2.841641596211873289e+00 3.857474467438586352e+00 1.335706793353610067e+01
2.857428493968605654e+00 3.648346994012072297e+00 1.338420166759272689e+01
2.873215391725338463e+00 3.434884420875032873e+00 1.322633795289852721e+01
2.889002289482071273e+00 3.230741304095269495e+00 1.249551102238669564e+01
2.904789187238803638e+00 3.040353711017944160e+00 1.105840575687189897e+01
2.920576084995536448e+00 2.881585462022869137e+00 8.589814733615522613e+00
2.936362982752268813e+00 2.769140657120216620e+00 6.334700046254602590e+00
2.952149880509001623e+00 2.681574938123287399e+00 3.458045501530219834e+00
2.967936778265734432e+00 2.659957035578643048e+00 -9.303026215631874374e-01
2.983723676022466798e+00 2.710948122862164134e+00 -5.706809095729515668e+00
2.999510573779199607e+00 2.840142659001590353e+00 -1.020757011628272437e+01
3.015297471535931972e+00 3.033239854403033675e+00 -1.563172990484514457e+01
3.031084369292664782e+00 3.333695702538890693e+00 -2.160403824044586329e+01
3.046871267049397591e+00 3.715361340071955176e+00 -2.563170386132640388e+01
3.062658164806129957e+00 4.142985878918108433e+00 -2.790354361654984316e+01
3.078445062562862766e+00 4.596382120321958809e+00 -3.352610078503747815e+01
3.094231960319595132e+00 5.201532129468708909e+00 -4.254049775015058543e+01
3.110018858076327941e+00 5.939547097326242309e+00 -4.714594802064618051e+01
3.125805755833060751e+00 6.690108651561053499e+00 -4.585410560857562956e+01
3.141592653589793116e+00 7.387335251264249614e+00 -4.416488979957131278e+01
