0.000000000000000000e+00 7.025954540016672922e+01 3.118739438817514031e+00
1.578689775673262907e-02 7.021031017951622744e+01 6.237478877633227725e+00
3.157379551346525814e-02 7.006260451756477892e+01 1.247495775526600426e+01
4.736069327019788722e-02 6.981642841431234103e+01 1.871243663289968140e+01
6.314759102693051629e-02 6.947178186975892800e+01 2.183117607171584496e+01
7.893448878366314536e-02 6.912713532520552917e+01 2.183117607171539376e+01
9.472138654039577443e-02 6.878248878065213034e+01 2.183117607171539376e+01
1.105082842971284035e-01 6.843784223609873152e+01 2.183117607171584496e+01
1.262951820538610326e-01 6.809319569154531848e+01 2.183117607171584496e+01
1.420820798105936755e-01 6.774854914699191966e+01 2.183117607171584496e+01
1.578689775673262907e-01 6.740390260243850662e+01 2.183117607171584496e+01
1.736558753240589059e-01 6.705925605788510779e+01 2.183117607171494612e+01
1.894427730807915489e-01 6.671460951333172318e+01 2.183117607171539376e+01
2.052296708375241918e-01 6.636996296877831014e+01 2.183117607171629615e+01
2.210165685942568070e-01 6.602531642422489710e+01 2.183117607171539376e+01
2.368034663509894222e-01 6.568066987967151249e+01 2.183117607171539376e+01
2.525903641077220652e-01 6.533602333511809945e+01 2.183117607171584496e+01
2.683772618644547081e-01 6.499137679056470063e+01 2.183117607171539376e+01
2.841641596211873511e-01 6.464673024601130180e+01 2.183117607171584496e+01
2.999510573779199385e-01 6.430208370145788876e+01 2.183117607171584496e+01
3.157379551346525814e-01 6.395743715690448994e+01 2.183117607171562113e+01
3.315248528913852244e-01 6.361279061235108401e+01 2.183117607171562113e+01
3.473117506481178118e-01 6.326814406779768518e+01 2.183117607171562113e+01
3.630986484048504548e-01 6.292349752324427925e+01 2.183117607171562113e+01
3.788855461615830977e-01 6.257885097869088042e+01 2.183117607171539376e+01
3.946724439183157407e-01 6.223420443413748160e+01 2.183117607171584496e+01
4.104593416750483836e-01 6.188955788958406856e+01 2.183117607171584496e+01
4.262462394317809711e-01 6.154491134503066974e+01 2.183117607171539376e+01
4.420331371885136140e-01 6.120026480047727091e+01 2.183117607171562113e+01
4.578200349452462570e-01 6.085561825592386498e+01 2.183117607171584496e+01
4.736069327019788444e-01 6.051097171137045905e+01 2.183117607171539376e+01
4.893938304587114874e-01 6.016632516681706733e+01 2.183117607171562113e+01
5.051807282154441303e-01 5.982167862226365429e+01 2.183117607171584496e+01
5.209676259721767178e-01 5.947703207771025546e+01 2.183117607171539376e+01
5.367545237289094162e-01 5.913238553315685664e+01 2.183117607171562113e+01
5.525414214856420037e-01 5.878773898860345071e+01 2.183117607171584496e+01
5.683283192423747021e-01 5.844309244405004478e+01 2.183117607171584496e+01
5.841152169991072896e-01 5.809844589949663884e+01 2.183117607171562113e+01
5.999021147558398770e-01 5.775379935494324002e+01 2.183117607171562113e+01
6.156890125125725755e-01 5.740915281038983409e+01 2.183117607171584496e+01
6.314759102693051629e-01 5.706450626583642816e+01 2.183117607171539376e+01
6.472628080260377503e-01 5.671985972128303644e+01 2.183117607171562113e+01
6.630497057827704488e-01 5.637521317672962340e+01 2.183117607171584496e+01
6.788366035395030362e-01 5.603056663217622457e+01 2.183117607171539376e+01
6.946235012962356237e-01 5.568592008762282575e+01 2.183117607171562113e+01
7.104103990529683221e-01 5.534127354306941982e+01 2.183117607171584496e+01
7.261972968097009096e-01 5.499662699851601388e+01 2.183117607171584496e+01
7.419841945664336080e-01 5.465198045396260795e+01 2.183117607171539376e+01
7.577710923231661955e-01 5.430733390940921623e+01 2.183117607171539376e+01
7.735579900798987829e-01 5.396268736485581030e+01 2.183117607171584496e+01
7.893448878366314814e-01 5.361804082030240437e+01 2.183117607171584496e+01
8.051317855933640688e-01 5.327339427574899844e+01 2.183117607171584496e+01
8.209186833500967673e-01 5.292874773119559251e+01 2.183117607171562113e+01
8.367055811068293547e-01 5.258410118664219368e+01 2.183117607171539376e+01
8.524924788635619421e-01 5.223945464208879486e+01 2.183117607171562113e+01
8.682793766202946406e-01 5.189480809753538892e+01 2.183117607171562113e+01
8.840662743770272280e-01 5.155016155298199010e+01 2.183117607171539376e+01
8.998531721337598155e-01 5.120551500842859127e+01 2.183117607171562113e+01
9.156400698904925139e-01 5.086086846387518534e+01 2.183117607171584496e+01
9.314269676472251014e-01 5.051622191932177941e+01 2.183117607171562113e+01
9.472138654039576888e-01 5.017157537476838058e+01 2.183117607171584496e+01
9.630007631606903873e-01 4.982692883021496755e+01 2.183117607171584496e+01
9.787876609174229747e-01 4.948228228566156872e+01 2.183117607171539376e+01
9.945745586741556732e-01 4.913763574110816990e+01 2.183117607171539376e+01
1.010361456430888261e+00 4.879298919655477107e+01 2.183117607171562113e+01
1.026148354187620848e+00 4.844834265200136514e+01 2.183117607171584496e+01
1.041935251944353436e+00 4.810369610744795921e+01 2.183117607171562113e+01
1.057722149701086245e+00 4.775904956289456038e+01 2.183117607171562113e+01
1.073509047457818832e+00 4.741440301834115445e+01 2.183117607171562113e+01
1.089295945214551420e+00 4.706975647378775562e+01 2.183117607171562113e+01
1.105082842971284007e+00 4.672510992923434969e+01 2.183117607171584496e+01
1.120869740728016595e+00 4.638046338468094376e+01 2.183117607171562113e+01
1.136656638484749404e+00 4.603581684012754494e+01 2.183117607171539376e+01
1.152443536241481992e+00 4.569117029557414611e+01 2.183117607171562113e+01
1.168230433998214579e+00 4.534652375102074018e+01 2.183117607171584496e+01
1.184017331754947167e+00 4.500187720646733425e+01 2.183117607171584496e+01
1.199804229511679754e+00 4.465723066191392832e+01 2.183117607171562113e+01
1.215591127268412341e+00 4.431258411736052949e+01 2.183117607171539376e+01
1.231378025025145151e+00 4.396793757280713066e+01 2.183117607171562113e+01
1.247164922781877738e+00 4.362329102825372473e+01 2.183117607171584496e+01
1.262951820538610326e+00 4.327864448370031880e+01 2.183117607171584496e+01
1.278738718295342913e+00 4.293399793914691287e+01 2.183117607171562113e+01
1.294525616052075501e+00 4.258935139459351404e+01 2.183117607171539376e+01
1.310312513808808310e+00 4.224470485004011522e+01 2.183117607171562113e+01
1.326099411565540898e+00 4.190005830548670929e+01 2.183117607171584496e+01
1.341886309322273485e+00 4.155541176093330336e+01 2.183117607171584496e+01
1.357673207079006072e+00 4.121076521637989742e+01 2.183117607171562113e+01
1.373460104835738660e+00 4.086611867182649860e+01 2.183117607171539376e+01
1.389247002592471247e+00 4.052147212727309977e+01 2.183117607171562113e+01
1.405033900349204057e+00 4.017682558271969384e+01 2.646612927868877208e+01
1.420820798105936644e+00 3.968583597339484470e+01 3.500590767904614609e+01
1.436607695862669232e+00 3.907155621189824757e+01 3.037095447207321897e+01
1.452394593619401819e+00 3.872690966734484164e+01 2.850517101059136138e+01
1.468181491376134407e+00 3.817153977133347809e+01 2.751436048774433729e+01
1.483968389132867216e+00 3.785817687562103373e+01 1.874231601672819636e+01
1.499755286889599804e+00 3.757977371797255728e+01 1.821461258716434628e+01
1.515542184646332391e+00 3.728307242243691633e+01 1.602096702035044729e+01
1.531329082403064978e+00 3.707393098134404141e+01 1.256993988443652555e+01
1.547115980159797566e+00 3.688619171090916637e+01 2.689940715808272387e+01
1.562902877916530375e+00 3.622461460030129388e+01 3.742362837706922818e+01
1.578689775673262963e+00 3.570458572115966689e+01 4.434868662696423058e+01
1.594476673429995550e+00 3.482435823745077386e+01 5.827712447949355123e+01
1.610263571186728138e+00 3.386455570973137696e+01 6.318838157399292754e+01
1.626050468943460725e+00 3.282926119880670512e+01 6.645025446838971561e+01
1.641837366700193535e+00 3.176646896332870895e+01 6.677598202860075105e+01
1.657624264456926122e+00 3.072088999702483392e+01 5.960358794181728825e+01
1.673411162213658709e+00 2.988455746578492622e+01 5.244735148980154804e+01
1.689198059970391297e+00 2.906492804586300238e+01 5.005092533211489325e+01
1.704984957727123884e+00 2.830425978408901244e+01 5.081594940347707734e+01
1.720771855483856472e+00 2.746047565057502027e+01 5.340870250874390024e+01
1.736558753240589281e+00 2.661794433243843372e+01 5.437002842181492923e+01
1.752345650997321869e+00 2.574380749112334144e+01 5.483231542572243455e+01
1.768132548754054456e+00 2.488668001765684679e+01 5.654372273894065160e+01
1.783919446510787044e+00 2.395850755179395364e+01 5.874238343983244448e+01
1.799706344267519631e+00 2.303196001495400935e+01 5.925068914726157487e+01
1.815493242024252440e+00 2.208773840862642146e+01 5.750911380202884970e+01
1.831280139780985028e+00 2.121617901560814801e+01 5.442776863222667316e+01
1.847067037537717615e+00 2.036924717157829789e+01 5.159563477340795856e+01
1.862853935294450203e+00 1.958710899388512772e+01 4.866342650414513571e+01
1.878640833051182790e+00 1.883275809415187396e+01 4.818425013286135083e+01
1.894427730807915378e+00 1.806574933322050214e+01 4.917090853310178034e+01
1.910214628564648187e+00 1.728024588291641450e+01 4.868161990892480162e+01
1.926001526321380775e+00 1.652868582095187122e+01 4.798816420308931896e+01
1.941788424078113362e+00 1.576507739930147878e+01 4.796662312569046094e+01
1.957575321834845949e+00 1.501419747090986689e+01 4.794187919970569567e+01
1.973362219591578537e+00 1.425137030891871781e+01 4.922499187094270212e+01
1.989149117348311346e+00 1.345997764342473246e+01 4.937128383282877309e+01
2.004936015105043712e+00 1.269253148894372885e+01 4.828055708796124890e+01
2.020722912861776521e+00 1.193557720665325839e+01 4.838701418195529413e+01
2.036509810618509331e+00 1.116476979765552890e+01 4.795764037517437828e+01
2.052296708375241696e+00 1.042137247613919726e+01 4.631746764145577799e+01
2.068083606131974506e+00 9.702351545642660113e+00 4.434785345475447826e+01
2.083870503888706871e+00 9.021142419697655512e+00 4.158435134326796145e+01
2.099657401645439680e+00 8.389375739770223106e+00 3.849146022011220225e+01
2.115444299402172490e+00 7.805820925693150336e+00 3.457304433341560923e+01
2.131231197158904855e+00 7.297773507708989804e+00 2.939346148645409684e+01
2.147018094915637665e+00 6.877757783286932103e+00 2.397550545364514107e+01
2.162804992672370030e+00 6.540775801183627003e+00 1.901142740439140866e+01
2.178591890429102840e+00 6.277494862001588238e+00 1.361167341054797220e+01
2.194378788185835649e+00 6.111003608322913117e+00 7.276459461724424926e+00
2.210165685942568015e+00 6.047749418895081774e+00 1.123329667176235169e+00
2.225952583699300824e+00 6.075535827117281684e+00 -4.100766831026295911e+00
2.241739481456033189e+00 6.177226192266306981e+00 -8.299731123010852585e+00
2.257526379212765999e+00 6.337589840411969710e+00 -1.168906271962347532e+01
2.273313276969498808e+00 6.546294268319768683e+00 -1.514271951700632179e+01
2.289100174726231174e+00 6.815702969959686719e+00 -1.755126834227485233e+01
2.304887072482963983e+00 7.100454425960711191e+00 -1.762337196543320772e+01
2.320673970239696349e+00 7.372139712654011134e+00 -1.696833226820255902e+01
2.336460867996429158e+00 7.636209079201472960e+00 -1.577543184638230045e+01
2.352247765753161524e+00 7.870229971908293543e+00 -1.390193052995921619e+01
2.368034663509894333e+00 8.075145790996804962e+00 -1.149010871692952129e+01
2.383821561266627143e+00 8.233016314964110904e+00 -7.881260003495697219e+00
2.399608459023359508e+00 8.323987082735630594e+00 -4.765056705532829007e+00
2.415395356780092317e+00 8.383467240994670888e+00 -2.790086869240649303e+00
2.431182254536824683e+00 8.412080715009839338e+00 -4.351198840267466728e-01
2.446969152293557492e+00 8.397205627236774106e+00 1.739043479267744718e+00
2.462756050050290302e+00 8.357172511806414406e+00 3.462161861323217238e+00
2.478542947807022667e+00 8.287892036592836575e+00 5.030556082732583256e+00
2.494329845563755477e+00 8.198338762731196994e+00 5.972323929397594711e+00
2.510116743320487842e+00 8.099323102105861594e+00 7.660405420703815693e+00
2.525903641077220652e+00 7.956470688427653926e+00 9.586289957158953712e+00
2.541690538833953461e+00 7.796647543265739166e+00 1.057614953764383614e+01
2.557477436590685826e+00 7.622541505606257317e+00 1.196589764218929197e+01
2.573264334347418636e+00 7.418838737976198416e+00 1.377249523524544550e+01
2.589051232104151001e+00 7.187691557338443005e+00 1.473170563487150275e+01
2.604838129860883811e+00 6.953702876696201685e+00 1.542333714324377070e+01
2.620625027617616620e+00 6.700718264242430777e+00 1.546438339018195052e+01
2.636411925374348986e+00 6.465433597792768161e+00 1.484577454894135151e+01
2.652198823131081795e+00 6.231980814395149615e+00 1.454047155406556868e+01
2.667985720887814161e+00 6.006335722275343514e+00 1.284493340839326869e+01
2.683772618644546970e+00 5.826417513574462248e+00 1.003068860334577295e+01
2.699559516401279780e+00 5.689628811454057633e+00 7.573853216143355382e+00
2.715346414158012145e+00 5.587282220878950767e+00 4.539437737639957504e+00
2.731133311914744954e+00 5.546301532579706262e+00 1.137691651647651625e+00
2.746920209671477320e+00 5.551360977312451261e+00 -2.229313830158556886e+00
2.762707107428210129e+00 5.616689431588472559e+00 -6.448790913782270096e+00
2.778494005184942495e+00 5.754973782933305415e+00 -1.009202214935925035e+01
2.794280902941675304e+00 5.935332875249703655e+00 -1.361830488917031090e+01
2.810067800698408114e+00 6.184955356743992994e+00 -1.768451255097460617e+01
2.825854698455140479e+00 6.493700058289485710e+00 -2.182682304871687151e+01
2.841641596211873289e+00 6.874111004392769786e+00 -2.561561074381438985e+01
2.857428493968605654e+00 7.302482113867204916e+00 -2.874439668934633474e+01
2.873215391725338463e+00 7.781680707620118653e+00 -3.199259648550830804e+01
2.889002289482071273e+00 8.312609813245451562e+00 -3.522707440339785023e+01
2.904789187238803638e+00 8.893933151370628565e+00 -3.670617068982438980e+01
2.920576084995536448e+00 9.471562940688318832e+00 -3.671691340023867411e+01
2.936362982752268813e+00 1.005322546695537689e+01 -3.515449118847230636e+01
2.952149880509001623e+00 1.058152365685305973e+01 -3.351346474494967254e+01
2.967936778265734432e+00 1.111137274976014488e+01 -3.262326408780571541e+01
2.983723676022466798e+00 1.161156392614321220e+01 -2.985725755857670904e+01
2.999510573779199607e+00 1.205407969450751082e+01 -2.772494091293705765e+01
3.015297471535931972e+00 1.248694554115119359e+01 -2.868019429348759530e+01
3.031084369292664782e+00 1.295962228441654140e+01 -3.322952726027794768e+01
3.046871267049397591e+00 1.353612783987632895e+01 -4.018887952117263751e+01
3.062658164806129957e+00 1.422853774833333773e+01 -4.417763498888414375e+01
3.078445062562862766e+00 1.493098345328386500e+01 -4.323046637752702992e+01
3.094231960319595132e+00 1.559348765368911138e+01 -4.110055317040119149e+01
3.110018858076327941e+00 1.622868391457641835e+01 -4.019004176368065373e+01
3.125805755833060751e+00 1.686243981401319303e+01 -4.176635056310220051e+01
3.141592653589793116e+00 1.754740612659951182e+01 -4.338827825081730083e+01
