0.000000000000000000e+00 1.686411011842711218e+02 1.131325073916097956e+01
1.578689775673262907e-02 1.684625000515557076e+02 2.262650147832195913e+01
3.157379551346525814e-02 1.679266966534094649e+02 4.525300295664391825e+01
4.736069327019788722e-02 1.670336909898323938e+02 6.787950443496588093e+01
6.314759102693051629e-02 1.657834830608244943e+02 7.919275517412594922e+01
7.893448878366314536e-02 1.645332751318166231e+02 7.919275517412594922e+01
9.472138654039577443e-02 1.632830672028087236e+02 7.919275517412775400e+01
1.105082842971284035e-01 1.620328592738007956e+02 7.919275517412775400e+01
1.262951820538610326e-01 1.607826513447928960e+02 7.919275517412594922e+01
1.420820798105936755e-01 1.595324434157850249e+02 7.919275517412505394e+01
1.578689775673262907e-01 1.582822354867771537e+02 7.919275517412594922e+01
1.736558753240589059e-01 1.570320275577692541e+02 7.919275517412685872e+01
1.894427730807915489e-01 1.557818196287613546e+02 7.919275517412594922e+01
2.052296708375241918e-01 1.545316116997534834e+02 7.919275517412594922e+01
2.210165685942568070e-01 1.532814037707455839e+02 7.919275517412685872e+01
2.368034663509894222e-01 1.520311958417376843e+02 7.919275517412685872e+01
2.525903641077220652e-01 1.507809879127297847e+02 7.919275517412685872e+01
2.683772618644547081e-01 1.495307799837218852e+02 7.919275517412685872e+01
2.841641596211873511e-01 1.482805720547139856e+02 7.919275517412594922e+01
2.999510573779199385e-01 1.470303641257061145e+02 7.919275517412594922e+01
3.157379551346525814e-01 1.457801561966982149e+02 7.919275517412685872e+01
3.315248528913852244e-01 1.445299482676903153e+02 7.919275517412685872e+01
3.473117506481178118e-01 1.432797403386824158e+02 7.919275517412685872e+01
3.630986484048504548e-01 1.420295324096745162e+02 7.919275517412594922e+01
3.788855461615830977e-01 1.407793244806666451e+02 7.919275517412594922e+01
3.946724439183157407e-01 1.395291165516587455e+02 7.919275517412685872e+01
4.104593416750483836e-01 1.382789086226508459e+02 7.919275517412594922e+01
4.262462394317809711e-01 1.370287006936429748e+02 7.919275517412594922e+01
4.420331371885136140e-01 1.357784927646350752e+02 7.919275517412685872e+01
4.578200349452462570e-01 1.345282848356271757e+02 7.919275517412594922e+01
4.736069327019788444e-01 1.332780769066193045e+02 7.919275517412594922e+01
4.893938304587114874e-01 1.320278689776114049e+02 7.919275517412685872e+01
5.051807282154441303e-01 1.307776610486035054e+02 7.919275517412685872e+01
5.209676259721767178e-01 1.295274531195956058e+02 7.919275517412685872e+01
5.367545237289094162e-01 1.282772451905877062e+02 7.919275517412640397e+01
5.525414214856420037e-01 1.270270372615798209e+02 7.919275517412594922e+01
5.683283192423747021e-01 1.257768293325719355e+02 7.919275517412594922e+01
5.841152169991072896e-01 1.245266214035640502e+02 7.919275517412594922e+01
5.999021147558398770e-01 1.232764134745561648e+02 7.919275517412594922e+01
6.156890125125725755e-01 1.220262055455482795e+02 7.919275517412640397e+01
6.314759102693051629e-01 1.207759976165403799e+02 7.919275517412640397e+01
6.472628080260377503e-01 1.195257896875324946e+02 7.919275517412640397e+01
6.630497057827704488e-01 1.182755817585245950e+02 7.919275517412685872e+01
6.788366035395030362e-01 1.170253738295166954e+02 7.919275517412685872e+01
6.946235012962356237e-01 1.157751659005087959e+02 7.919275517412685872e+01
7.104103990529683221e-01 1.145249579715008963e+02 7.919275517412685872e+01
7.261972968097009096e-01 1.132747500424929967e+02 7.919275517412685872e+01
7.419841945664336080e-01 1.120245421134850972e+02 7.919275517412594922e+01
7.577710923231661955e-01 1.107743341844772260e+02 7.919275517412594922e+01
7.735579900798987829e-01 1.095241262554693265e+02 7.919275517412640397e+01
7.893448878366314814e-01 1.082739183264614411e+02 7.919275517412594922e+01
8.051317855933640688e-01 1.070237103974535557e+02 7.919275517412594922e+01
8.209186833500967673e-01 1.057735024684456704e+02 7.919275517412640397e+01
8.367055811068293547e-01 1.045232945394377708e+02 7.919275517412640397e+01
8.524924788635619421e-01 1.032730866104298855e+02 7.919275517412640397e+01
8.682793766202946406e-01 1.020228786814219859e+02 7.919275517412685872e+01
8.840662743770272280e-01 1.007726707524140863e+02 7.919275517412640397e+01
8.998531721337598155e-01 9.952246282340620098e+01 7.919275517412640397e+01
9.156400698904925139e-01 9.827225489439830142e+01 7.919275517412685872e+01
9.314269676472251014e-01 9.702204696539040185e+01 7.919275517412640397e+01
9.472138654039576888e-01 9.577183903638251650e+01 7.919275517412640397e+01
9.630007631606903873e-01 9.452163110737461693e+01 7.919275517412594922e+01
9.787876609174229747e-01 9.327142317836674579e+01 7.919275517412550869e+01
9.945745586741556732e-01 9.202121524935886043e+01 7.919275517412640397e+01
1.010361456430888261e+00 9.077100732035096087e+01 7.919275517412640397e+01
1.026148354187620848e+00 8.952079939134307551e+01 7.919275517412685872e+01
1.041935251944353436e+00 8.827059146233516174e+01 7.919275517412685872e+01
1.057722149701086245e+00 8.702038353332727638e+01 7.919275517412640397e+01
1.073509047457818832e+00 8.577017560431937682e+01 7.919275517412640397e+01
1.089295945214551420e+00 8.451996767531149146e+01 7.919275517412640397e+01
1.105082842971284007e+00 8.326975974630359190e+01 7.919275517412640397e+01
1.120869740728016595e+00 8.201955181729570654e+01 7.919275517412640397e+01
1.136656638484749404e+00 8.076934388828780698e+01 7.919275517412685872e+01
1.152443536241481992e+00 7.951913595927990741e+01 7.919275517412594922e+01
1.168230433998214579e+00 7.826892803027203627e+01 7.919275517412594922e+01
1.184017331754947167e+00 7.701872010126413670e+01 7.919275517412685872e+01
1.199804229511679754e+00 7.576851217225623714e+01 7.919275517412640397e+01
1.215591127268412341e+00 7.451830424324835178e+01 7.919275517412640397e+01
1.231378025025145151e+00 7.326809631424045222e+01 7.919275517412640397e+01
1.247164922781877738e+00 7.201788838523256686e+01 7.919275517412594922e+01
1.262951820538610326e+00 7.076768045622468151e+01 7.919275517412594922e+01
1.278738718295342913e+00 6.951747252721679615e+01 7.919275517412640397e+01
1.294525616052075501e+00 6.826726459820889659e+01 7.919275517412640397e+01
1.310312513808808310e+00 6.701705666920101123e+01 7.919275517412640397e+01
1.326099411565540898e+00 6.576684874019311167e+01 8.870582680070862125e+01
1.341886309322273485e+00 6.421627703294257117e+01 9.346236261399927514e+01
1.357673207079006072e+00 6.281588721481335824e+01 8.394929098741683049e+01
1.373460104835738660e+00 6.156567928580547999e+01 8.278340461317225163e+01
1.389247002592471247e+00 6.020210092564860105e+01 9.588712567880098447e+01
1.405033900349204057e+00 5.853815878724907407e+01 1.149132689319645095e+02
1.420820798105936644e+00 5.657385287060691326e+01 1.113226194929184487e+02
1.436607695862669232e+00 5.502328116335636565e+01 8.637405405221944932e+01
1.452394593619401819e+00 5.384669615029314116e+01 7.452920967714828748e+01
1.468181491376134407e+00 5.267011113722990956e+01 7.926605665586910732e+01
1.483968389132867216e+00 5.134396588628197833e+01 6.908438286188116706e+01
1.499755286889599804e+00 5.048885495957492964e+01 4.347490451999445327e+01
1.515542184646332391e+00 4.997129814100024703e+01 2.043671877266199743e+01
1.531329082403064978e+00 4.984359018008070308e+01 1.482617571957539404e+01
1.547115980159797566e+00 4.950317950058366989e+01 2.391714058030573753e+01
1.562902877916530375e+00 4.908843527413132790e+01 3.132398402918017766e+01
1.578689775673262963e+00 4.851416243417928342e+01 3.503715865905657978e+01
1.594476673429995550e+00 4.798217919125743691e+01 4.810386318476273004e+01
1.610263571186728138e+00 4.699534089457587527e+01 6.317227681727624145e+01
1.626050468943460725e+00 4.598759064090873494e+01 6.787286413738611657e+01
1.641837366700193535e+00 4.485233696138883630e+01 7.557864272618679991e+01
1.657624264456926122e+00 4.360128603028686456e+01 7.495330803724860402e+01
1.673411162213658709e+00 4.248577654036297702e+01 7.041353143655426550e+01
1.689198059970391297e+00 4.137806358732814260e+01 6.840490238265641665e+01
1.704984957727123884e+00 4.032597414041443074e+01 6.277372165585156694e+01
1.720771855483856472e+00 3.939605893614709942e+01 5.943987033295474021e+01
1.736558753240589281e+00 3.844923182917482762e+01 5.960249766838584407e+01
1.752345650997321869e+00 3.751418186267369492e+01 6.394410899738394249e+01
1.768132548754054456e+00 3.643027360740069298e+01 7.271744288793571798e+01
1.783919446510787044e+00 3.521821619066792408e+01 7.610642085671430834e+01
1.799706344267519631e+00 3.402730503800906803e+01 7.875647947324917197e+01
1.815493242024252440e+00 3.273157521241913059e+01 8.246813829383778227e+01
1.831280139780985028e+00 3.142347290314326003e+01 8.219893154495264298e+01
1.847067037537717615e+00 3.013624295639346684e+01 8.065909790312227301e+01
1.862853935294450203e+00 2.887675903964950308e+01 7.794600013190299137e+01
1.878640833051182790e+00 2.767519188713622569e+01 7.636634713033470234e+01
1.894427730807915378e+00 2.646558361124601078e+01 7.671680680858169410e+01
1.910214628564648187e+00 2.525295111651604785e+01 7.688926162127206965e+01
1.926001526321380775e+00 2.403789778763463403e+01 7.787501644915825239e+01
1.941788424078113362e+00 2.279414127154258196e+01 7.936947188902844630e+01
1.957575321834845949e+00 2.153190231219872075e+01 7.939066320536397825e+01
1.973362219591578537e+00 2.028747670581802964e+01 7.882301643903024058e+01
1.989149117348311346e+00 1.904316050939826965e+01 7.888068572981899251e+01
2.004936015105043712e+00 1.779691406462280767e+01 7.862231361762121651e+01
2.020722912861776521e+00 1.656075565643996228e+01 7.672476705312324441e+01
2.036509810618509331e+00 1.537442195886923813e+01 7.269073222562349201e+01
2.052296708375241696e+00 1.426563334142406703e+01 6.838277818107577843e+01
2.068083606131974506e+00 1.321531810393729778e+01 6.525381304695385154e+01
2.083870503888706871e+00 1.220532279180565460e+01 6.123229811399362887e+01
2.099657401645439680e+00 1.128198204446651864e+01 5.582948496441854047e+01
2.115444299402172490e+00 1.044257404991702032e+01 5.163046128696512937e+01
2.131231197158904855e+00 9.651812417525997390e+00 4.857690754329496485e+01
2.147018094915637665e+00 8.908816704468517145e+00 4.639203605565545274e+01
2.162804992672370030e+00 8.187039757651424665e+00 4.418974311809338218e+01
2.178591890429102840e+00 7.513578791465278073e+00 4.092504621146817101e+01
2.194378788185835649e+00 6.894880717191412600e+00 3.791787693503413692e+01
2.210165685942568015e+00 6.316367498813769465e+00 3.447809371404921563e+01
2.225952583699300824e+00 5.806276436569930866e+00 2.971359586493044702e+01
2.241739481456033189e+00 5.378196499004708642e+00 2.500139330988184128e+01
2.257526379212765999e+00 5.016887556652003255e+00 1.967213978490951476e+01
2.273313276969498808e+00 4.757072380123671174e+00 1.441872357798176552e+01
2.289100174726231174e+00 4.561633726835626845e+00 1.012747426607316292e+01
2.304887072482963983e+00 4.437309578578795488e+00 5.829399776966139868e+00
2.320673970239696349e+00 4.377577450311457952e+00 2.151706798842844215e+00
2.336460867996429158e+00 4.369372028107198602e+00 -1.149699035436146932e+00
2.352247765753161524e+00 4.413877812558347102e+00 -4.892693206343349921e+00
2.368034663509894333e+00 4.523852922914404218e+00 -7.796206545660141707e+00
2.383821561266627143e+00 4.660033643811759774e+00 -1.010503703869471970e+01
2.399608459023359508e+00 4.842907296030143804e+00 -1.266633362546107300e+01
2.415395356780092317e+00 5.059957871607396740e+00 -1.528022201846283856e+01
2.431182254536824683e+00 5.325361901441438839e+00 -1.684491774211558734e+01
2.446969152293557492e+00 5.591815859838097147e+00 -1.660553944797432990e+01
2.462756050050290302e+00 5.849661808362561111e+00 -1.530201438510156642e+01
2.478542947807022667e+00 6.074958532977397851e+00 -1.418736416961566782e+01
2.494329845563755477e+00 6.297610743529070021e+00 -1.342693523998115523e+01
2.510116743320487842e+00 6.498897840617103405e+00 -1.149320624281994618e+01
2.525903641077220652e+00 6.660494887233949335e+00 -8.704325403826327801e+00
2.541690538833953461e+00 6.773726431000176795e+00 -6.154955282006252304e+00
2.557477436590685826e+00 6.854830186702537631e+00 -4.450726320276164216e+00
2.573264334347418636e+00 6.914252753722974099e+00 -3.733348318435441460e+00
2.589051232104151001e+00 6.972706163089357645e+00 -1.394170195893303488e+00
2.604838129860883811e+00 6.958271998399077063e+00 2.665649675741940339e+00
2.620625027617616620e+00 6.888541485316946655e+00 5.322318175622497094e+00
2.636411925374348986e+00 6.790226212664372873e+00 7.861474460471127301e+00
2.652198823131081795e+00 6.640324898267701670e+00 9.609006936492919593e+00
2.667985720887814161e+00 6.486833392564076206e+00 1.137332488594078939e+01
2.683772618644546970e+00 6.281225864010801629e+00 1.459544119805054052e+01
2.699559516401279780e+00 6.025999916748022045e+00 1.607430190452568297e+01
2.715346414158012145e+00 5.773699142655602579e+00 1.578455725986612812e+01
2.731133311914744954e+00 5.527621533554425426e+00 1.577429731818734027e+01
2.746920209671477320e+00 5.275644704762552095e+00 1.539416931968838576e+01
2.762707107428210129e+00 5.041569179354923769e+00 1.648771870477467516e+01
2.778494005184942495e+00 4.755064845894460213e+00 1.805455685858003889e+01
2.794280902941675304e+00 4.471518293015885881e+00 1.796905721754508178e+01
2.810067800698408114e+00 4.187713507737934826e+00 1.726840577732297533e+01
2.825854698455140479e+00 3.926289180159148184e+00 1.647571219767954531e+01
2.841641596211873289e+00 3.667512739869695615e+00 1.589971173919011882e+01
2.857428493968605654e+00 3.424274932982916297e+00 1.570997201439363167e+01
2.873215391725338463e+00 3.171489295964969202e+00 1.406972536190373191e+01
2.889002289482071273e+00 2.980040301475551878e+00 1.065649486296496917e+01
2.904789187238803638e+00 2.835023306271420296e+00 8.247069319753009609e+00
2.920576084995536448e+00 2.719649021188297322e+00 6.875553298935069613e+00
2.936362982752268813e+00 2.617935992368912945e+00 4.754923308458373299e+00
2.952149880509001623e+00 2.569518044964822945e+00 2.164087666601320237e+00
2.967936778265734432e+00 2.549607530910430686e+00 -7.991449247830020308e-01
2.983723676022466798e+00 2.594750083405545027e+00 -4.939367387295859224e+00
2.999510573779199607e+00 2.705562106762789298e+00 -9.508597472080099422e+00
3.015297471535931972e+00 2.894972595608854782e+00 -1.486651117413097900e+01
3.031084369292664782e+00 3.174954290573447135e+00 -2.092565471674855004e+01
3.046871267049397591e+00 3.555674938620853265e+00 -2.299263836102634428e+01
3.062658164806129957e+00 3.900919152499549902e+00 -2.502260623153765096e+01
3.078445062562862766e+00 4.345733590989384609e+00 -3.335181142474883842e+01
3.094231960319595132e+00 4.953962426428224042e+00 -4.266236967157421134e+01
3.110018858076327941e+00 5.692746527119530775e+00 -4.785903149479050001e+01
3.125805755833060751e+00 6.465053700317232810e+00 -4.612409382757549992e+01
3.141592653589793116e+00 7.149059233875284747e+00 -4.332741898365335942e+01
