0.000000000000000000e+00 1.834839460812635821e+02 1.247023526701629592e+01
1.578689775673262907e-02 1.832870797521007944e+02 2.494047053403079062e+01
3.157379551346525814e-02 1.826964807646124882e+02 4.988094106806248362e+01
4.736069327019788722e-02 1.817121491187985782e+02 7.482141160209417308e+01
6.314759102693051629e-02 1.803340848146591497e+02 8.729164686910776538e+01
7.893448878366314536e-02 1.789560205105197497e+02 8.729164686910776538e+01
9.472138654039577443e-02 1.775779562063803212e+02 8.729164686910776538e+01
1.105082842971284035e-01 1.761998919022409211e+02 8.729164686910776538e+01
1.262951820538610326e-01 1.748218275981014926e+02 8.729164686910867488e+01
1.420820798105936755e-01 1.734437632939620642e+02 8.729164686910867488e+01
1.578689775673262907e-01 1.720656989898226357e+02 8.729164686910867488e+01
1.736558753240589059e-01 1.706876346856832072e+02 8.729164686910867488e+01
1.894427730807915489e-01 1.693095703815437787e+02 8.729164686910776538e+01
2.052296708375241918e-01 1.679315060774043786e+02 8.729164686910776538e+01
2.210165685942568070e-01 1.665534417732649501e+02 8.729164686910867488e+01
2.368034663509894222e-01 1.651753774691255217e+02 8.729164686910867488e+01
2.525903641077220652e-01 1.637973131649860932e+02 8.729164686910867488e+01
2.683772618644547081e-01 1.624192488608466647e+02 8.729164686910776538e+01
2.841641596211873511e-01 1.610411845567072646e+02 8.729164686910776538e+01
2.999510573779199385e-01 1.596631202525678361e+02 8.729164686910776538e+01
3.157379551346525814e-01 1.582850559484284361e+02 8.729164686910867488e+01
3.315248528913852244e-01 1.569069916442889792e+02 8.729164686910867488e+01
3.473117506481178118e-01 1.555289273401495791e+02 8.729164686910776538e+01
3.630986484048504548e-01 1.541508630360101506e+02 8.729164686910776538e+01
3.788855461615830977e-01 1.527727987318707505e+02 8.729164686910957016e+01
3.946724439183157407e-01 1.513947344277312652e+02 8.729164686910867488e+01
4.104593416750483836e-01 1.500166701235918936e+02 8.729164686910776538e+01
4.262462394317809711e-01 1.486386058194524367e+02 8.729164686910957016e+01
4.420331371885136140e-01 1.472605415153130082e+02 8.729164686910776538e+01
4.578200349452462570e-01 1.458824772111736081e+02 8.729164686910776538e+01
4.736069327019788444e-01 1.445044129070341796e+02 8.729164686910867488e+01
4.893938304587114874e-01 1.431263486028947511e+02 8.729164686910867488e+01
5.051807282154441303e-01 1.417482842987553227e+02 8.729164686910776538e+01
5.209676259721767178e-01 1.403702199946159226e+02 8.729164686910776538e+01
5.367545237289094162e-01 1.389921556904764941e+02 8.729164686910957016e+01
5.525414214856420037e-01 1.376140913863370372e+02 8.729164686910957016e+01
5.683283192423747021e-01 1.362360270821976087e+02 8.729164686910776538e+01
5.841152169991072896e-01 1.348579627780582086e+02 8.729164686910776538e+01
5.999021147558398770e-01 1.334798984739187802e+02 8.729164686910867488e+01
6.156890125125725755e-01 1.321018341697793517e+02 8.729164686910776538e+01
6.314759102693051629e-01 1.307237698656399516e+02 8.729164686910776538e+01
6.472628080260377503e-01 1.293457055615005231e+02 8.729164686910822013e+01
6.630497057827704488e-01 1.279676412573611088e+02 8.729164686910776538e+01
6.788366035395030362e-01 1.265895769532216946e+02 8.729164686910867488e+01
6.946235012962356237e-01 1.252115126490822519e+02 8.729164686910911541e+01
7.104103990529683221e-01 1.238334483449428234e+02 8.729164686910822013e+01
7.261972968097009096e-01 1.224553840408034091e+02 8.729164686910822013e+01
7.419841945664336080e-01 1.210773197366639806e+02 8.729164686910867488e+01
7.577710923231661955e-01 1.196992554325245521e+02 8.729164686910867488e+01
7.735579900798987829e-01 1.183211911283851236e+02 8.729164686910822013e+01
7.893448878366314814e-01 1.169431268242457094e+02 8.729164686910776538e+01
8.051317855933640688e-01 1.155650625201062951e+02 8.729164686910822013e+01
8.209186833500967673e-01 1.141869982159668666e+02 8.729164686910822013e+01
8.367055811068293547e-01 1.128089339118274523e+02 8.729164686910776538e+01
8.524924788635619421e-01 1.114308696076880381e+02 8.729164686910867488e+01
8.682793766202946406e-01 1.100528053035485954e+02 8.729164686910911541e+01
8.840662743770272280e-01 1.086747409994091669e+02 8.729164686910867488e+01
8.998531721337598155e-01 1.072966766952697384e+02 8.729164686910822013e+01
9.156400698904925139e-01 1.059186123911303241e+02 8.729164686910822013e+01
9.314269676472251014e-01 1.045405480869908956e+02 8.729164686910822013e+01
9.472138654039576888e-01 1.031624837828514814e+02 8.729164686910776538e+01
9.630007631606903873e-01 1.017844194787120671e+02 8.729164686910822013e+01
9.787876609174229747e-01 1.004063551745726386e+02 8.729164686910822013e+01
9.945745586741556732e-01 9.902829087043322431e+01 8.729164686910867488e+01
1.010361456430888261e+00 9.765022656629378162e+01 8.729164686910911541e+01
1.026148354187620848e+00 9.627216226215435313e+01 8.729164686910822013e+01
1.041935251944353436e+00 9.489409795801493885e+01 8.729164686910822013e+01
1.057722149701086245e+00 9.351603365387551037e+01 8.729164686910867488e+01
1.073509047457818832e+00 9.213796934973608188e+01 8.729164686910822013e+01
1.089295945214551420e+00 9.075990504559666761e+01 8.729164686910822013e+01
1.105082842971284007e+00 8.938184074145723912e+01 8.729164686910822013e+01
1.120869740728016595e+00 8.800377643731782484e+01 8.729164686910822013e+01
1.136656638484749404e+00 8.662571213317839636e+01 8.729164686910822013e+01
1.152443536241481992e+00 8.524764782903898208e+01 8.729164686910822013e+01
1.168230433998214579e+00 8.386958352489955359e+01 8.729164686910867488e+01
1.184017331754947167e+00 8.249151922076012511e+01 8.729164686910867488e+01
1.199804229511679754e+00 8.111345491662069662e+01 8.729164686910822013e+01
1.215591127268412341e+00 7.973539061248128235e+01 8.729164686910822013e+01
1.231378025025145151e+00 7.835732630834185386e+01 8.729164686910822013e+01
1.247164922781877738e+00 7.697926200420243958e+01 8.729164686910822013e+01
1.262951820538610326e+00 7.560119770006301110e+01 8.729164686910867488e+01
1.278738718295342913e+00 7.422313339592358261e+01 8.729164686910822013e+01
1.294525616052075501e+00 7.284506909178416834e+01 8.729164686910822013e+01
1.310312513808808310e+00 7.146700478764473985e+01 8.729164686910822013e+01
1.326099411565540898e+00 7.008894048350532557e+01 1.027271406832256702e+02
1.341886309322273485e+00 6.822351905402959460e+01 1.074836764965167788e+02
1.357673207079006072e+00 6.669527286076885275e+01 9.204818268239932877e+01
1.373460104835738660e+00 6.531720855662942427e+01 8.528408069327903718e+01
1.389247002592471247e+00 6.400253073640539014e+01 1.005568262320142452e+02
1.405033900349204057e+00 6.214224788769674745e+01 1.195829694851782250e+02
1.420820798105936644e+00 6.022684251098741726e+01 1.234991154749887841e+02
1.436607695862669232e+00 5.824291206959561862e+01 1.079021633635936013e+02
1.452394593619401819e+00 5.681996166948479043e+01 1.006511065264312919e+02
1.468181491376134407e+00 5.506497461392606851e+01 1.103903677479050884e+02
1.483968389132867216e+00 5.333451877155620480e+01 1.092136650933218931e+02
1.499755286889599804e+00 5.161668468499344442e+01 8.595348591724729204e+01
1.515542184646332391e+00 5.062064098353552311e+01 5.756218462140280678e+01
1.531329082403064978e+00 4.979922803844893764e+01 5.824896435660694749e+01
1.547115980159797566e+00 4.878150009406888898e+01 5.468672342002584941e+01
1.562902877916530375e+00 4.807256061588361007e+01 4.690063299225963789e+01
1.578689775673262963e+00 4.730066909851920087e+01 5.281913226686459240e+01
1.594476673429995550e+00 4.640486013449095282e+01 6.075714306962668587e+01
1.610263571186728138e+00 4.538233548725645505e+01 7.040843943465726795e+01
1.626050468943460725e+00 4.418179846535888089e+01 7.650385917034940064e+01
1.641837366700193535e+00 4.296681828182089902e+01 5.761713665469821422e+01
1.657624264456926122e+00 4.236260677455205581e+01 5.262853877151699322e+01
1.673411162213658709e+00 4.130513556047654333e+01 6.443281164012228146e+01
1.689198059970391297e+00 4.032821835546921108e+01 5.964364878369051581e+01
1.704984957727123884e+00 3.942195919010335814e+01 5.442294648062961215e+01
1.720771855483856472e+00 3.860987937204954790e+01 5.150993181758329342e+01
1.736558753240589281e+00 3.779559513598244536e+01 5.363235279035563963e+01
1.752345650997321869e+00 3.691650243214083105e+01 7.073781375159852303e+01
1.768132548754054456e+00 3.556213386951988298e+01 8.379795251978495685e+01
1.783919446510787044e+00 3.427068301483406998e+01 7.971156682059498166e+01
1.799706344267519631e+00 3.304533715866849519e+01 8.032424189872001818e+01
1.815493242024252440e+00 3.173454182634976561e+01 8.156755915770939680e+01
1.831280139780985028e+00 3.046993972529049799e+01 7.845243285816715684e+01
1.847067037537717615e+00 2.925750075375213299e+01 7.832688167266803703e+01
1.862853935294450203e+00 2.799686278015028762e+01 7.502627696940895419e+01
1.878640833051182790e+00 2.688863642658340680e+01 6.859387943799617915e+01
1.894427730807915378e+00 2.583109365729970719e+01 6.967790829936947716e+01
1.910214628564648187e+00 2.468864039813313127e+01 7.366072145586542774e+01
1.926001526321380775e+00 2.350534510067788929e+01 7.679754481740572203e+01
1.941788424078113362e+00 2.226385042213217957e+01 8.000433840934181262e+01
1.957575321834845949e+00 2.097930447955125643e+01 7.940626208485763016e+01
1.973362219591578537e+00 1.975669334057625548e+01 7.738085414348232405e+01
1.989149117348311346e+00 1.853609721416766476e+01 7.732384464902663979e+01
2.004936015105043712e+00 1.731528608131293367e+01 7.505072715172663322e+01
2.020722912861776521e+00 1.616646090194217322e+01 7.066079835029364631e+01
2.036509810618509331e+00 1.508425648338255876e+01 6.692120504518472046e+01
2.052296708375241696e+00 1.405350445833083128e+01 6.321055651476189752e+01
2.068083606131974506e+00 1.308845929769312733e+01 6.031560872650786820e+01
2.083870503888706871e+00 1.214911176212989119e+01 5.682170469111424183e+01
2.099657401645439680e+00 1.129438241304937662e+01 5.291798070696202672e+01
2.115444299402172490e+00 1.047829026030277255e+01 5.072001003064045221e+01
2.131231197158904855e+00 9.692959187901028173e+00 4.835399293070579319e+01
2.147018094915637665e+00 8.951571175249123158e+00 4.633145971377917505e+01
2.162804992672370030e+00 8.230099153057810923e+00 4.336237622371880462e+01
2.178591890429102840e+00 7.582456375383477720e+00 3.914975780543682049e+01
2.194378788185835649e+00 6.993992705707258395e+00 3.659308793876423493e+01
2.210165685942568015e+00 6.427073699598683909e+00 3.337936777942740463e+01
2.225952583699300824e+00 5.940079373070866531e+00 2.930897682193396747e+01
2.241739481456033189e+00 5.501678058714047914e+00 2.559759800943255570e+01
2.257526379212765999e+00 5.131866047885157656e+00 2.063160233074112071e+01
2.273313276969498808e+00 4.850260065608094528e+00 1.682272317823110086e+01
2.289100174726231174e+00 4.600708826276056485e+00 1.397961262508395919e+01
2.304887072482963983e+00 4.408870635226236345e+00 9.844632788605895968e+00
2.320673970239696349e+00 4.289876403703458685e+00 5.490349086480242669e+00
2.336460867996429158e+00 4.235519475872168371e+00 1.806027640807898571e+00
2.352247765753161524e+00 4.232853256280924015e+00 -1.621430255939962040e+00
2.368034663509894333e+00 4.286714183212562368e+00 -4.325398028135078121e+00
2.383821561266627143e+00 4.369422489135606824e+00 -7.043023738709308645e+00
2.399608459023359508e+00 4.509089174535051647e+00 -1.013841795317133787e+01
2.415395356780092317e+00 4.689530824419083643e+00 -1.325876980608662592e+01
2.431182254536824683e+00 4.927718861152538210e+00 -1.501682053352636537e+01
2.446969152293557492e+00 5.163668845207051383e+00 -1.635783056654224055e+01
2.462756050050290302e+00 5.444197658504454473e+00 -1.753966899166272952e+01
2.478542947807022667e+00 5.717462767323677753e+00 -1.737801432810530500e+01
2.494329845563755477e+00 5.992887529330120699e+00 -1.691225570879503337e+01
2.510116743320487842e+00 6.251446870744607587e+00 -1.503642111660409419e+01
2.525903641077220652e+00 6.467644414920129314e+00 -1.142148326171485095e+01
2.541690538833953461e+00 6.612066447710458483e+00 -8.488750003987203030e+00
2.557477436590685826e+00 6.735666471710948677e+00 -5.644117794348209927e+00
2.573264334347418636e+00 6.790272668803119416e+00 -2.287668526914808265e+00
2.589051232104151001e+00 6.807896849982347121e+00 4.599490783437186203e-01
2.604838129860883811e+00 6.775750330656888032e+00 3.121962051218821088e+00
2.620625027617616620e+00 6.709324658576365508e+00 5.571930988271382112e+00
2.636411925374348986e+00 6.599823321018067013e+00 7.598466886067319237e+00
2.652198823131081795e+00 6.469412218899838862e+00 9.061618872008148529e+00
2.667985720887814161e+00 6.313713619732324034e+00 1.074717279979911488e+01
2.683772618644546970e+00 6.130083182571105738e+00 1.229530735461523960e+01
2.699559516401279780e+00 5.925504099542497016e+00 1.323826857472305107e+01
2.715346414158012145e+00 5.712100797640466965e+00 1.438757059209856060e+01
2.731133311914744954e+00 5.471233887732030787e+00 1.417171164407502637e+01
2.746920209671477320e+00 5.264646072114647524e+00 1.377071703393759705e+01
2.762707107428210129e+00 5.036440084028692254e+00 1.586347902003131871e+01
2.778494005184942495e+00 4.763775829404032436e+00 1.713369881852372956e+01
2.794280902941675304e+00 4.495464181143322691e+00 1.780860409693389812e+01
2.810067800698408114e+00 4.201490605267181877e+00 1.829147209603577906e+01
2.825854698455140479e+00 3.917932981542833204e+00 1.761627378100032715e+01
2.841641596211873289e+00 3.645277979196658080e+00 1.746611359311573608e+01
2.857428493968605654e+00 3.366461482538841032e+00 1.719279889213769152e+01
2.873215391725338463e+00 3.102436062672170536e+00 1.470853232824619461e+01
2.889002289482071273e+00 2.902057290503602616e+00 1.187750082988169176e+01
2.904789187238803638e+00 2.727418280258472105e+00 9.066826707236671723e+00
2.920576084995536448e+00 2.615783158093286431e+00 6.516869931957141482e+00
2.936362982752268813e+00 2.521655961639007071e+00 4.539795835531798218e+00
2.952149880509001623e+00 2.472444572709324273e+00 2.706907564384712916e+00
2.967936778265734432e+00 2.436188615727271856e+00 -1.481348626284548220e-01
2.983723676022466798e+00 2.477121752570370372e+00 -2.560712974469153913e+00
2.999510573779199607e+00 2.517040043551838302e+00 -5.219703499928434631e+00
3.015297471535931972e+00 2.641927603518029688e+00 -1.013717254522179800e+01
3.031084369292664782e+00 2.837109056579385502e+00 -1.466046797574880323e+01
3.046871267049397591e+00 3.104814221516028372e+00 -1.841082643241660577e+01
3.062658164806129957e+00 3.418408725590408537e+00 -2.144605737450581984e+01
3.078445062562862766e+00 3.781947651628718710e+00 -2.500582407445465805e+01
3.094231960319595132e+00 4.207937501562926563e+00 -3.035355095681874360e+01
3.110018858076327941e+00 4.740324462646861470e+00 -3.287632758914322295e+01
3.125805755833060751e+00 5.245967946096230961e+00 -3.150499518452359737e+01
3.141592653589793116e+00 5.735056738255717157e+00 -3.098067775544468816e+01
