0.000000000000000000e+00 3.834623659095539097e+02 4.811027340919779505e+01
1.578689775673262907e-02 3.827028539421944515e+02 9.622054681839919965e+01
3.157379551346525814e-02 3.804243180401159634e+02 1.924410936367947897e+02
4.736069327019788722e-02 3.766267582033186727e+02 2.886616404551867845e+02
6.314759102693051629e-02 3.713101744318024657e+02 3.367719138643863630e+02
7.893448878366314536e-02 3.659935906602862019e+02 3.367719138643863630e+02
9.472138654039577443e-02 3.606770068887699949e+02 3.367719138643845440e+02
1.105082842971284035e-01 3.553604231172537880e+02 3.367719138643863630e+02
1.262951820538610326e-01 3.500438393457375241e+02 3.367719138643863630e+02
1.420820798105936755e-01 3.447272555742213171e+02 3.367719138643863630e+02
1.578689775673262907e-01 3.394106718027050533e+02 3.367719138643863630e+02
1.736558753240589059e-01 3.340940880311888463e+02 3.367719138643845440e+02
1.894427730807915489e-01 3.287775042596726394e+02 3.367719138643845440e+02
2.052296708375241918e-01 3.234609204881564324e+02 3.367719138643863630e+02
2.210165685942568070e-01 3.181443367166401686e+02 3.367719138643863630e+02
2.368034663509894222e-01 3.128277529451239616e+02 3.367719138643845440e+02
2.525903641077220652e-01 3.075111691736077546e+02 3.367719138643845440e+02
2.683772618644547081e-01 3.021945854020915476e+02 3.367719138643845440e+02
2.841641596211873511e-01 2.968780016305753406e+02 3.367719138643863630e+02
2.999510573779199385e-01 2.915614178590590768e+02 3.367719138643863630e+02
3.157379551346525814e-01 2.862448340875428698e+02 3.367719138643863630e+02
3.315248528913852244e-01 2.809282503160266060e+02 3.367719138643863630e+02
3.473117506481178118e-01 2.756116665445103990e+02 3.367719138643863630e+02
3.630986484048504548e-01 2.702950827729941352e+02 3.367719138643863630e+02
3.788855461615830977e-01 2.649784990014779282e+02 3.367719138643845440e+02
3.946724439183157407e-01 2.596619152299617213e+02 3.367719138643854535e+02
4.104593416750483836e-01 2.543453314584454859e+02 3.367719138643854535e+02
4.262462394317809711e-01 2.490287476869292789e+02 3.367719138643854535e+02
4.420331371885136140e-01 2.437121639154130435e+02 3.367719138643854535e+02
4.578200349452462570e-01 2.383955801438968365e+02 3.367719138643863630e+02
4.736069327019788444e-01 2.330789963723805727e+02 3.367719138643863630e+02
4.893938304587114874e-01 2.277624126008643657e+02 3.367719138643845440e+02
5.051807282154441303e-01 2.224458288293481587e+02 3.367719138643863630e+02
5.209676259721767178e-01 2.171292450578318949e+02 3.367719138643863630e+02
5.367545237289094162e-01 2.118126612863156879e+02 3.367719138643845440e+02
5.525414214856420037e-01 2.064960775147994809e+02 3.367719138643854535e+02
5.683283192423747021e-01 2.011794937432832455e+02 3.367719138643863630e+02
5.841152169991072896e-01 1.958629099717670101e+02 3.367719138643854535e+02
5.999021147558398770e-01 1.905463262002508031e+02 3.367719138643863630e+02
6.156890125125725755e-01 1.852297424287345393e+02 3.367719138643872725e+02
6.314759102693051629e-01 1.799131586572183039e+02 3.367719138643863630e+02
6.472628080260377503e-01 1.745965748857020685e+02 3.367719138643854535e+02
6.630497057827704488e-01 1.692799911141858615e+02 3.367719138643845440e+02
6.788366035395030362e-01 1.639634073426696546e+02 3.367719138643854535e+02
6.946235012962356237e-01 1.586468235711534192e+02 3.367719138643863630e+02
7.104103990529683221e-01 1.533302397996371838e+02 3.367719138643854535e+02
7.261972968097009096e-01 1.480136560281209768e+02 3.367719138643854535e+02
7.419841945664336080e-01 1.426970722566047414e+02 3.367719138643863630e+02
7.577710923231661955e-01 1.373804884850885060e+02 3.367719138643863630e+02
7.735579900798987829e-01 1.320639047135722706e+02 3.367719138643854535e+02
7.893448878366314814e-01 1.267473209420560636e+02 3.367719138643854535e+02
8.051317855933640688e-01 1.214307371705398282e+02 3.367719138643863630e+02
8.209186833500967673e-01 1.161141533990235928e+02 3.367719138643863630e+02
8.367055811068293547e-01 1.107975696275073574e+02 3.367719138643859083e+02
8.524924788635619421e-01 1.054809858559911362e+02 3.367719138643854535e+02
8.682793766202946406e-01 1.001644020844749150e+02 3.280972657168674687e+02
8.840662743770272280e-01 9.512170987971968827e+01 3.314943694215465939e+02
8.998531721337598155e-01 8.969786665049389285e+01 3.401690175690645788e+02
9.156400698904925139e-01 8.438128287897767166e+01 3.349476038582053548e+02
9.314269676472251014e-01 7.912229949854975075e+01 3.487466294396946864e+02
9.472138654039576888e-01 7.337002811503850808e+01 3.415495211534168334e+02
9.630007631606903873e-01 6.833828475992979179e+01 3.215390995589605154e+02
9.787876609174229747e-01 6.321781833598014089e+01 3.267534388351662074e+02
9.945745586741556732e-01 5.802143849882667581e+01 3.047705935521078118e+02
1.010361456430888261e+00 5.359505393664845485e+01 2.715781505674863752e+02
1.026148354187620848e+00 4.944668550688378161e+01 2.541946392784836632e+02
1.041935251944353436e+00 4.556916437545054777e+01 2.158570853068124507e+02
1.057722149701086245e+00 4.263125803527385926e+01 1.967997361833622847e+02
1.073509047457818832e+00 3.935544974809315733e+01 1.881684351855216448e+02
1.089295945214551420e+00 3.669006634063745764e+01 1.583340293797177765e+02
1.105082842971284007e+00 3.435624348163494801e+01 1.415286768874392465e+02
1.120869740728016595e+00 3.222146883730215450e+01 1.283689942027449433e+02
1.136656638484749404e+00 3.030314710840827175e+01 1.125542599386027689e+02
1.152443536241481992e+00 2.866770364983129582e+01 9.787029714253513646e+01
1.168230433998214579e+00 2.721301035958778414e+01 8.403222876334993430e+01
1.184017331754947167e+00 2.601448724231655163e+01 7.132026723677226698e+01
1.199804229511679754e+00 2.496115882588824064e+01 6.072611930035068184e+01
1.215591127268412341e+00 2.409713316920098336e+01 5.079303095087037434e+01
1.231378025025145151e+00 2.335743005313634768e+01 4.307094451081756858e+01
1.247164922781877738e+00 2.273721997464462063e+01 3.385711397203206730e+01
1.262951820538610326e+00 2.228843245990731958e+01 2.297766230171006185e+01
1.278738718295342913e+00 2.201172796375296770e+01 1.144409118462691488e+01
1.294525616052075501e+00 2.192709906500645900e+01 -4.703249817123963394e-01
1.310312513808808310e+00 2.202657790855042919e+01 -9.875043814492805438e+00
1.326099411565540898e+00 2.223889167909176479e+01 -1.854055025278535851e+01
1.341886309322273485e+00 2.261197345093900068e+01 -2.944739872605180153e+01
1.357673207079006072e+00 2.316865782487160175e+01 -3.799152184114881692e+01
1.373460104835738660e+00 2.381150999279678260e+01 -4.274768068790653075e+01
1.389247002592471247e+00 2.451836435358647037e+01 -4.682241589418889305e+01
1.405033900349204057e+00 2.528987137768632820e+01 -4.934132760123008410e+01
1.420820798105936644e+00 2.607625734163060827e+01 -5.318709642702322782e+01
1.436607695862669232e+00 2.696918988422811836e+01 -5.513542134237240333e+01
1.452394593619401819e+00 2.781709186064342276e+01 -5.205571308155494137e+01
1.468181491376134407e+00 2.861278632437275249e+01 -4.832443913775306754e+01
1.483968389132867216e+00 2.934287782028173552e+01 -4.488985884887437550e+01
1.499755286889599804e+00 3.003012954829543091e+01 -4.076916249123745928e+01
1.515542184646332391e+00 3.063011502003530495e+01 -3.358791828337749052e+01
1.531329082403064978e+00 3.109062761189777291e+01 -2.027675788926794098e+01
1.547115980159797566e+00 3.127032922730709430e+01 -9.359936366258631679e+00
1.562902877916530375e+00 3.138615632874507000e+01 -9.783942643330835187e-01
1.578689775673262963e+00 3.130122084774069435e+01 9.044570572015553367e+00
1.594476673429995550e+00 3.110058490699714540e+01 1.623748060285804229e+01
1.610263571186728138e+00 3.078854195553219597e+01 2.524137171577594785e+01
1.626050468943460725e+00 3.030361899796386993e+01 3.257598773939611192e+01
1.641837366700193535e+00 2.975999437999935182e+01 3.427837378605936181e+01
1.657624264456926122e+00 2.922132063350870368e+01 3.990351145921121656e+01
1.673411162213658709e+00 2.850008906891699922e+01 4.597208024851666153e+01
1.689198059970391297e+00 2.776980757241342346e+01 4.714962901710734400e+01
1.704984957727123884e+00 2.701139632379510402e+01 5.117742328288093745e+01
1.720771855483856472e+00 2.615394207477368482e+01 5.355223080311755268e+01
1.736558753240589281e+00 2.532054913912757499e+01 5.294145135797788981e+01
1.752345650997321869e+00 2.448237951541082325e+01 5.378377878653073907e+01
1.768132548754054456e+00 2.362239110578020274e+01 5.088076212978374002e+01
1.783919446510787044e+00 2.287588073635576436e+01 4.684342451173269950e+01
1.799706344267519631e+00 2.214336639909630833e+01 4.718091077291863655e+01
1.815493242024252440e+00 2.138620030747258127e+01 4.681754988260804140e+01
1.831280139780985028e+00 2.066515865266138263e+01 4.611481827468074357e+01
1.847067037537717615e+00 1.993018046512720076e+01 4.650277675968589364e+01
1.862853935294450203e+00 1.919688948844273568e+01 4.555081728402578989e+01
1.878640833051182790e+00 1.849196827473015148e+01 4.631078119334930676e+01
1.894427730807915378e+00 1.773468235297509210e+01 4.814699376663260466e+01
1.910214628564648187e+00 1.697178493895440710e+01 4.750289729309560016e+01
1.926001526321380775e+00 1.623483558754574929e+01 4.628650871530421540e+01
1.941788424078113362e+00 1.551034417774516427e+01 4.557744318513937287e+01
1.957575321834845949e+00 1.479578271639157805e+01 4.568773208901055227e+01
1.973362219591578537e+00 1.406780906729276026e+01 4.690206543865677702e+01
1.989149117348311346e+00 1.331490649307226271e+01 4.731866433586689169e+01
2.004936015105043712e+00 1.257377923558179766e+01 4.624381656605308422e+01
2.020722912861776521e+00 1.185481368505350552e+01 4.536233811951334616e+01
2.036509810618509331e+00 1.114151804778361310e+01 4.448633161555000015e+01
2.052296708375241696e+00 1.045021134747992519e+01 4.271463160234328882e+01
2.068083606131974506e+00 9.792855004138225183e+00 4.001142292922697408e+01
2.083870503888706871e+00 9.186898861709737574e+00 3.618743547337686550e+01
2.099657401645439680e+00 8.650280316345105192e+00 3.174994143151294068e+01
2.115444299402172490e+00 8.184432703386649521e+00 2.773987999228196344e+01
2.131231197158904855e+00 7.774427017900728210e+00 2.307390725191716285e+01
2.147018094915637665e+00 7.455901874117953909e+00 1.797209639143568438e+01
2.162804992672370030e+00 7.206979721489251034e+00 1.305597618777246716e+01
2.178591890429102840e+00 7.043675151736554341e+00 8.087619099625365848e+00
2.194378788185835649e+00 6.951622889846883702e+00 3.209472345720620456e+00
2.210165685942568015e+00 6.942339928186649800e+00 -1.509458166673071089e+00
2.225952583699300824e+00 6.999282213337549408e+00 -5.901637214630429007e+00
2.241739481456033189e+00 7.128677014796047651e+00 -9.334215108364171343e+00
2.257526379212765999e+00 7.293998812447737734e+00 -1.270601406301581981e+01
2.273313276969498808e+00 7.529854104612923038e+00 -1.571274766491310082e+01
2.289100174726231174e+00 7.790109894174382710e+00 -1.729638957917732611e+01
2.304887072482963983e+00 8.075966772307099362e+00 -1.789944689851390081e+01
2.320673970239696349e+00 8.355263370352190577e+00 -1.751685866365697208e+01
2.336460867996429158e+00 8.629040485791676929e+00 -1.674586665281986342e+01
2.352247765753161524e+00 8.883993939744081914e+00 -1.547052869153333710e+01
2.368034663509894333e+00 9.117503795183347748e+00 -1.237216657292465172e+01
2.383821561266627143e+00 9.274630197176135127e+00 -8.274145523534805591e+00
2.399608459023359508e+00 9.378749973992089650e+00 -5.187397640358714312e+00
2.415395356780092317e+00 9.438416029519853367e+00 -2.199343041237040719e+00
2.431182254536824683e+00 9.448191581440070763e+00 4.786426794078525448e-01
2.446969152293557492e+00 9.423303463436212724e+00 2.776397304759016471e+00
2.462756050050290302e+00 9.360530180675473488e+00 4.992051842605208734e+00
2.478542947807022667e+00 9.265685439365178411e+00 5.663887797077734376e+00
2.494329845563755477e+00 9.181699745559329884e+00 5.862860238086057940e+00
2.510116743320487842e+00 9.080572689083822979e+00 7.170221985450129232e+00
2.525903641077220652e+00 8.955308622804574625e+00 8.250394034799279908e+00
2.541690538833953461e+00 8.820076434923556974e+00 9.148652541733632404e+00
2.557477436590685826e+00 8.666450938228132728e+00 1.067419415739699851e+01
2.573264334347418636e+00 8.483051611326878572e+00 1.246640312374272419e+01
2.589051232104151001e+00 8.272839275210655430e+00 1.463977742907024826e+01
2.604838129860883811e+00 8.020818272418770434e+00 1.601573559216393505e+01
2.620625027617616620e+00 7.767161714625943958e+00 1.596085840523283395e+01
2.636411925374348986e+00 7.516873392912575724e+00 1.595612999956651912e+01
2.652198823131081795e+00 7.263366128833362190e+00 1.637056718161453972e+01
2.667985720887814161e+00 6.999992452280833000e+00 1.565733090299947072e+01
2.683772618644546970e+00 6.769004764615396574e+00 1.350735308016747460e+01
2.699559516401279780e+00 6.573514048199450066e+00 1.053002199267668715e+01
2.715346414158012145e+00 6.436532003466330920e+00 7.217909489210936336e+00
2.731133311914744954e+00 6.345617249952403505e+00 4.613843198762127784e+00
2.746920209671477320e+00 6.290855461777423052e+00 1.539559938057437405e+00
2.762707107428210129e+00 6.297007499287454735e+00 -3.118095992732196287e+00
2.778494005184942495e+00 6.389305587043304868e+00 -7.619395737386444267e+00
2.794280902941675304e+00 6.537580742235863163e+00 -1.217441966088982497e+01
2.810067800698408114e+00 6.773698223911351235e+00 -1.587969785399921996e+01
2.825854698455140479e+00 7.038963075093647603e+00 -1.849288090705214316e+01
2.841641596211873289e+00 7.357588664125481515e+00 -2.250647544992973081e+01
2.857428493968605654e+00 7.749577928678554883e+00 -2.655945326848910426e+01
2.873215391725338463e+00 8.196171410574192961e+00 -2.904516508200110181e+01
2.889002289482071273e+00 8.666644031632499079e+00 -3.131774468310697657e+01
2.904789187238803638e+00 9.184991477141526417e+00 -3.207583544515758689e+01
2.920576084995536448e+00 9.679399900901465514e+00 -3.345878212479324532e+01
2.936362982752268813e+00 1.024141222207933488e+01 -3.626753124036415699e+01
2.952149880509001623e+00 1.082450351606293637e+01 -3.530268425174524083e+01
2.967936778265734432e+00 1.135605195572036941e+01 -3.476817583949005552e+01
2.983723676022466798e+00 1.192226679039519865e+01 -3.605422478982841739e+01
2.999510573779199607e+00 1.249442067663092182e+01 -3.390121278904712909e+01
3.015297471535931972e+00 1.299265675065504588e+01 -3.289276656977003910e+01
3.031084369292664782e+00 1.353297016217698712e+01 -3.109089781025407717e+01
3.046871267049397591e+00 1.397431440044605289e+01 -2.905292297345593866e+01
3.062658164806129957e+00 1.445028121120934195e+01 -2.857884787528610460e+01
3.078445062562862766e+00 1.487665709927076740e+01 -2.104186005386489811e+01
3.094231960319595132e+00 1.511465259777302528e+01 -1.481705343081634041e+01
3.110018858076327941e+00 1.534448771440745141e+01 -1.452441763195686519e+01
3.125805755833060751e+00 1.557324359003660064e+01 -9.785419126095904474e+00
3.141592653589793116e+00 1.565345053690835542e+01 -5.080602161849624210e+00
