0.000000000000000000e+00 2.360380789443994729e+02 1.742862261774446608e+01
1.578689775673262907e-02 2.357629350610924632e+02 3.485724523548983456e+01
3.157379551346525814e-02 2.349375034111714058e+02 6.971449047097875962e+01
4.736069327019788722e-02 2.335617839946363574e+02 1.045717357064686013e+02
6.314759102693051629e-02 2.316357768114872329e+02 1.220003583242148579e+02
7.893448878366314536e-02 2.297097696283381083e+02 1.220003583242130674e+02
9.472138654039577443e-02 2.277837624451890406e+02 1.220003583242121579e+02
1.105082842971284035e-01 2.258577552620399445e+02 1.220003583242130674e+02
1.262951820538610326e-01 2.239317480788908483e+02 1.220003583242139626e+02
1.420820798105936755e-01 2.220057408957417238e+02 1.220003583242148579e+02
1.578689775673262907e-01 2.200797337125925992e+02 1.220003583242139626e+02
1.736558753240589059e-01 2.181537265294435031e+02 1.220003583242130674e+02
1.894427730807915489e-01 2.162277193462944069e+02 1.220003583242139626e+02
2.052296708375241918e-01 2.143017121631452824e+02 1.220003583242148579e+02
2.210165685942568070e-01 2.123757049799961578e+02 1.220003583242148579e+02
2.368034663509894222e-01 2.104496977968470333e+02 1.220003583242130674e+02
2.525903641077220652e-01 2.085236906136979655e+02 1.220003583242121579e+02
2.683772618644547081e-01 2.065976834305488694e+02 1.220003583242130674e+02
2.841641596211873511e-01 2.046716762473997733e+02 1.220003583242139626e+02
2.999510573779199385e-01 2.027456690642506487e+02 1.220003583242148579e+02
3.157379551346525814e-01 2.008196618811015242e+02 1.220003583242139626e+02
3.315248528913852244e-01 1.988936546979524280e+02 1.220003583242130674e+02
3.473117506481178118e-01 1.969676475148033319e+02 1.220003583242139626e+02
3.630986484048504548e-01 1.950416403316542073e+02 1.220003583242148579e+02
3.788855461615830977e-01 1.931156331485050828e+02 1.220003583242130674e+02
3.946724439183157407e-01 1.911896259653560151e+02 1.220003583242130674e+02
4.104593416750483836e-01 1.892636187822068905e+02 1.220003583242139626e+02
4.262462394317809711e-01 1.873376115990577944e+02 1.220003583242130674e+02
4.420331371885136140e-01 1.854116044159086982e+02 1.220003583242130674e+02
4.578200349452462570e-01 1.834855972327596021e+02 1.220003583242139626e+02
4.736069327019788444e-01 1.815595900496104775e+02 1.220003583242148579e+02
4.893938304587114874e-01 1.796335828664613530e+02 1.220003583242139626e+02
5.051807282154441303e-01 1.777075756833122568e+02 1.220003583242130674e+02
5.209676259721767178e-01 1.757815685001631607e+02 1.220003583242130674e+02
5.367545237289094162e-01 1.738555613170140646e+02 1.220003583242139626e+02
5.525414214856420037e-01 1.719295541338649400e+02 1.220003583242148579e+02
5.683283192423747021e-01 1.700035469507158155e+02 1.220003583242139626e+02
5.841152169991072896e-01 1.680775397675667193e+02 1.220003583242130674e+02
5.999021147558398770e-01 1.661515325844176232e+02 1.220003583242121579e+02
6.156890125125725755e-01 1.642255254012685555e+02 1.220003583242139626e+02
6.314759102693051629e-01 1.622995182181194025e+02 1.220003583242148579e+02
6.472628080260377503e-01 1.603735110349703064e+02 1.220003583242130674e+02
6.630497057827704488e-01 1.584475038518212102e+02 1.220003583242139626e+02
6.788366035395030362e-01 1.565214966686720857e+02 1.220003583242139626e+02
6.946235012962356237e-01 1.545954894855229895e+02 1.220003583242139626e+02
7.104103990529683221e-01 1.526694823023738650e+02 1.220003583242139626e+02
7.261972968097009096e-01 1.507434751192247688e+02 1.220003583242130674e+02
7.419841945664336080e-01 1.488174679360756727e+02 1.220003583242130674e+02
7.577710923231661955e-01 1.468914607529265766e+02 1.220003583242130674e+02
7.735579900798987829e-01 1.449654535697774804e+02 1.220003583242139626e+02
7.893448878366314814e-01 1.430394463866283559e+02 1.220003583242139626e+02
8.051317855933640688e-01 1.411134392034792597e+02 1.220003583242130674e+02
8.209186833500967673e-01 1.391874320203301636e+02 1.220003583242139626e+02
8.367055811068293547e-01 1.372614248371810390e+02 1.220003583242139626e+02
8.524924788635619421e-01 1.353354176540319429e+02 1.220003583242139626e+02
8.682793766202946406e-01 1.334094104708828183e+02 1.220003583242139626e+02
8.840662743770272280e-01 1.314834032877337222e+02 1.220003583242130674e+02
8.998531721337598155e-01 1.295573961045846261e+02 1.220003583242139626e+02
9.156400698904925139e-01 1.276313889214355015e+02 1.220003583242144174e+02
9.314269676472251014e-01 1.257053817382863912e+02 1.220003583242135079e+02
9.472138654039576888e-01 1.237793745551372950e+02 1.220003583242135079e+02
9.630007631606903873e-01 1.218533673719881847e+02 1.220003583242135079e+02
9.787876609174229747e-01 1.199273601888390886e+02 1.220003583242139626e+02
9.945745586741556732e-01 1.180013530056899640e+02 1.220003583242144174e+02
1.010361456430888261e+00 1.160753458225408536e+02 1.220003583242135079e+02
1.026148354187620848e+00 1.141493386393917575e+02 1.220003583242135079e+02
1.041935251944353436e+00 1.122233314562426472e+02 1.220003583242135079e+02
1.057722149701086245e+00 1.102973242730935510e+02 1.220003583242130674e+02
1.073509047457818832e+00 1.083713170899444549e+02 1.220003583242139626e+02
1.089295945214551420e+00 1.064453099067953303e+02 1.220003583242144174e+02
1.105082842971284007e+00 1.045193027236462200e+02 1.220003583242135079e+02
1.120869740728016595e+00 1.025932955404971239e+02 1.220003583242130674e+02
1.136656638484749404e+00 1.006672883573480277e+02 1.220003583242135079e+02
1.152443536241481992e+00 9.874128117419891737e+01 1.220003583242139626e+02
1.168230433998214579e+00 9.681527399104980702e+01 1.220003583242139626e+02
1.184017331754947167e+00 9.488926680790069668e+01 1.220003583242135079e+02
1.199804229511679754e+00 9.296325962475160054e+01 1.220003583242135079e+02
1.215591127268412341e+00 9.103725244160249019e+01 1.220003583242139626e+02
1.231378025025145151e+00 8.911124525845337985e+01 1.220003583242135079e+02
1.247164922781877738e+00 8.718523807530428371e+01 1.220003583242135079e+02
1.262951820538610326e+00 8.525923089215517336e+01 1.220003583242139626e+02
1.278738718295342913e+00 8.333322370900606302e+01 1.220003583242144174e+02
1.294525616052075501e+00 8.140721652585693846e+01 1.220003583242139626e+02
1.310312513808808310e+00 7.948120934270784232e+01 1.220003583242126126e+02
1.326099411565540898e+00 7.755520215955876040e+01 1.220003583242135079e+02
1.341886309322273485e+00 7.562919497640963584e+01 1.220003583242144174e+02
1.357673207079006072e+00 7.370318779326052550e+01 1.220003583242135079e+02
1.373460104835738660e+00 7.177718061011142936e+01 1.220003583242135079e+02
1.389247002592471247e+00 6.985117342696231901e+01 1.220003583242135079e+02
1.405033900349204057e+00 6.792516624381322288e+01 1.220003583242135079e+02
1.420820798105936644e+00 6.599915906066411253e+01 1.220003583242139626e+02
1.436607695862669232e+00 6.407315187751500218e+01 1.220003583242137353e+02
1.452394593619401819e+00 6.214714469436589894e+01 1.220003583242137353e+02
1.468181491376134407e+00 6.022113751121678860e+01 1.220003583242137353e+02
1.483968389132867216e+00 5.829513032806768535e+01 1.261727863582033677e+02
1.499755286889599804e+00 5.623738375537873679e+01 1.353938040951347261e+02
1.515542184646332391e+00 5.402023404377772664e+01 1.312213760611450937e+02
1.531329082403064978e+00 5.209422686062861629e+01 1.287285225819345271e+02
1.547115980159797566e+00 4.995578599502523076e+01 1.411309772801530471e+02
1.562902877916530375e+00 4.763818624336955310e+01 1.388075816319389446e+02
1.578689775673262963e+00 4.557310379685975477e+01 1.373754102578121206e+02
1.594476673429995550e+00 4.330072313131099548e+01 1.397790192741481405e+02
1.610263571186728138e+00 4.115974962522508207e+01 1.191626422838642725e+02
1.626050468943460725e+00 3.953830623099605646e+01 1.106872552077082332e+02
1.641837366700193535e+00 3.766493286335015966e+01 1.070405579225738535e+02
1.657624264456926122e+00 3.615862954350147618e+01 9.011583835053657765e+01
1.673411162213658709e+00 3.481963381074582742e+01 8.911671043337726417e+01
1.689198059970391297e+00 3.334487675144532659e+01 8.588123718687798203e+01
1.704984957727123884e+00 3.210803718936393381e+01 7.877457734923254407e+01
1.720771855483856472e+00 3.085766435456100609e+01 8.758575967034160215e+01
1.736558753240589281e+00 2.934262232364105571e+01 9.232008517938909620e+01
1.752345650997321869e+00 2.794276886332128029e+01 8.973526257022587060e+01
1.768132548754054456e+00 2.650933949290163127e+01 8.340363893411254992e+01
1.783919446510787044e+00 2.530939942253672115e+01 7.612058560507026073e+01
1.799706344267519631e+00 2.410592368864191570e+01 7.095433851486586718e+01
1.815493242024252440e+00 2.306910164747515424e+01 5.868800762413540184e+01
1.831280139780985028e+00 2.225292053682477444e+01 5.074864044331513924e+01
1.847067037537717615e+00 2.146677445153154906e+01 5.030399611230681245e+01
1.862853935294450203e+00 2.066463245006464788e+01 4.867074381586139253e+01
1.878640833051182790e+00 1.993005433880128763e+01 4.919594673929395157e+01
1.894427730807915378e+00 1.911132968762685280e+01 5.068359480995744093e+01
1.910214628564648187e+00 1.832978088038436226e+01 5.074485611524411155e+01
1.926001526321380775e+00 1.750912197728391817e+01 5.399227591696786988e+01
1.941788424078113362e+00 1.662503980127542391e+01 5.477198823626120827e+01
1.957575321834845949e+00 1.577976242084628211e+01 5.317886684248285434e+01
1.973362219591578537e+00 1.494598113395307237e+01 5.403500838604077217e+01
1.989149117348311346e+00 1.407367211549705033e+01 5.458958207008232932e+01
2.004936015105043712e+00 1.322238083250676333e+01 5.338302299738535339e+01
2.020722912861776521e+00 1.238816746348699205e+01 5.265588416798230753e+01
2.036509810618509331e+00 1.155983471320617717e+01 5.172619352008547366e+01
2.052296708375241696e+00 1.075497520659388151e+01 5.028232035258928789e+01
2.068083606131974506e+00 9.972231012450970766e+00 4.804008045683081463e+01
2.083870503888706871e+00 9.238167529799486744e+00 4.499667097688686823e+01
2.099657401645439680e+00 8.551515324240067883e+00 4.159977084518205714e+01
2.115444299402172490e+00 7.924704871726694577e+00 3.766475608007165476e+01
2.131231197158904855e+00 7.362296017703338080e+00 3.307988315059009210e+01
2.147018094915637665e+00 6.880247405520638182e+00 2.736721351767192090e+01
2.162804992672370030e+00 6.498209214323022564e+00 2.198220008000652115e+01
2.178591890429102840e+00 6.186185915258432644e+00 1.697859180997928163e+01
2.194378788185835649e+00 5.962130628408140787e+00 1.119682776875722752e+01
2.210165685942568015e+00 5.832659564888202475e+00 5.808733424486145935e+00
2.225952583699300824e+00 5.778726867071184436e+00 1.194333346179474065e+00
2.241739481456033189e+00 5.794949928041019049e+00 -3.138295069423763017e+00
2.257526379212765999e+00 5.877814753854086582e+00 -6.446862731396679536e+00
2.273313276969498808e+00 5.998501853625517910e+00 -9.753120635345547740e+00
2.289100174726231174e+00 6.185757790412645285e+00 -1.208176058180585422e+01
2.304887072482963983e+00 6.379968891678100995e+00 -1.298299561047902273e+01
2.320673970239696349e+00 6.595680238970127007e+00 -1.358395420875439896e+01
2.336460867996429158e+00 6.808865884129588153e+00 -1.280654063434397116e+01
2.352247765753161524e+00 7.000031334193787202e+00 -1.095483717111595467e+01
2.368034663509894333e+00 7.154751672853711497e+00 -8.632773210172210554e+00
2.383821561266627143e+00 7.272600750245885592e+00 -5.681084123203286040e+00
2.399608459023359508e+00 7.334125061254526123e+00 -3.214854306427300301e+00
2.415395356780092317e+00 7.374105902722604355e+00 -6.001512214517726873e-01
2.431182254536824683e+00 7.353074113197800799e+00 2.094132020150006213e+00
2.446969152293557492e+00 7.307986206540188157e+00 3.076946348453319047e+00
2.462756050050290302e+00 7.255923238385832086e+00 3.609897768737586610e+00
2.478542947807022667e+00 7.194008032565553101e+00 4.496584345739343291e+00
2.494329845563755477e+00 7.113949003744409083e+00 5.469066162801626163e+00
2.510116743320487842e+00 7.021328855891642462e+00 6.709669538801286137e+00
2.525903641077220652e+00 6.902099269763370515e+00 7.779047396159613825e+00
2.541690538833953461e+00 6.775714804115744450e+00 8.435783362548978204e+00
2.557477436590685826e+00 6.635749570878356707e+00 9.728173317166953993e+00
2.573264334347418636e+00 6.468559449079966051e+00 1.107844653948001579e+01
2.589051232104151001e+00 6.285960965233957864e+00 1.123754316031846479e+01
2.604838129860883811e+00 6.113747559262330711e+00 1.115270155182444967e+01
2.620625027617616620e+00 5.933827847013946055e+00 1.112838836249810548e+01
2.636411925374348986e+00 5.762382100710389032e+00 1.024721592825182626e+01
2.652198823131081795e+00 5.610284346712998804e+00 9.602928338696839816e+00
2.667985720887814161e+00 5.459181205013914351e+00 9.058847161426632155e+00
2.683772618644546970e+00 5.324262158850379123e+00 8.196744672937059661e+00
2.699559516401279780e+00 5.200378864834513948e+00 6.758893810241600519e+00
2.715346414158012145e+00 5.110858227788584784e+00 4.224284843160623915e+00
2.731133311914744954e+00 5.067002159005929762e+00 6.476260200059243965e-01
2.746920209671477320e+00 5.090410216263718368e+00 -3.124656916148565777e+00
2.762707107428210129e+00 5.165659437526139541e+00 -7.402951402964987437e+00
2.778494005184942495e+00 5.324149490057055623e+00 -1.310587271817129107e+01
2.794280902941675304e+00 5.579461582755183002e+00 -1.911869811670393915e+01
2.810067800698408114e+00 5.927799354877539173e+00 -2.344199062671729550e+01
2.825854698455140479e+00 6.319614201231724238e+00 -2.727265169485587037e+01
2.841641596211873289e+00 6.788900482600880082e+00 -3.126029972589534722e+01
2.857428493968605654e+00 7.306620512466778017e+00 -3.536047765840445578e+01
2.873215391725338463e+00 7.905364973445799137e+00 -3.851288712423162508e+01
2.889002289482071273e+00 8.522618535160436437e+00 -3.816391101831759158e+01
2.904789187238803638e+00 9.110344495932242381e+00 -3.918247028340212523e+01
2.920576084995536448e+00 9.759757839601004292e+00 -4.376504593623107553e+01
2.936362982752268813e+00 1.049217310696021599e+01 -4.535803307373505078e+01
2.952149880509001623e+00 1.119188310076410886e+01 -4.262876642674053329e+01
2.967936778265734432e+00 1.183812506110939466e+01 -4.110600414885460197e+01
2.983723676022466798e+00 1.248975567013569865e+01 -4.318874526504032474e+01
2.999510573779199607e+00 1.320175767259091870e+01 -4.786459868479432345e+01
3.015297471535931972e+00 1.400102272134347281e+01 -4.667910838664868578e+01
3.031084369292664782e+00 1.467559429554184547e+01 -4.559331817496117623e+01
3.046871267049397591e+00 1.544057682618005600e+01 -4.737490203684916423e+01
3.062658164806129957e+00 1.617139976492376974e+01 -4.332538403124681281e+01
3.078445062562862766e+00 1.680852364212499594e+01 -4.030639409723427491e+01
3.094231960319595132e+00 1.744402561003498775e+01 -3.976609165165064752e+01
3.110018858076327941e+00 1.806409008830393148e+01 -3.312661978771122051e+01
3.125805755833060751e+00 1.848995872926449380e+01 -2.736502609582217715e+01
3.141592653589793116e+00 1.892810782647406143e+01 -2.775397066359731468e+01
