0.000000000000000000e+00 1.464533025694257731e+02 1.319207094771858557e+01
1.578689775673262907e-02 1.462450406941745769e+02 2.638414189543717114e+01
3.157379551346525814e-02 1.456202550684209882e+02 5.276828379087523757e+01
4.736069327019788722e-02 1.445789456921649787e+02 7.915242568631241227e+01
6.314759102693051629e-02 1.431211125654066052e+02 9.234449663403009367e+01
7.893448878366314536e-02 1.416632794386482317e+02 9.234449663403098896e+01
9.472138654039577443e-02 1.402054463118898298e+02 9.234449663403098896e+01
1.105082842971284035e-01 1.387476131851314562e+02 9.234449663403009367e+01
1.262951820538610326e-01 1.372897800583730827e+02 9.234449663403098896e+01
1.420820798105936755e-01 1.358319469316146808e+02 9.234449663403098896e+01
1.578689775673262907e-01 1.343741138048563073e+02 9.234449663403009367e+01
1.736558753240589059e-01 1.329162806780979338e+02 9.234449663403009367e+01
1.894427730807915489e-01 1.314584475513395603e+02 9.234449663403009367e+01
2.052296708375241918e-01 1.300006144245811868e+02 9.234449663403009367e+01
2.210165685942568070e-01 1.285427812978228133e+02 9.234449663403009367e+01
2.368034663509894222e-01 1.270849481710644397e+02 9.234449663403009367e+01
2.525903641077220652e-01 1.256271150443060662e+02 9.234449663403009367e+01
2.683772618644547081e-01 1.241692819175476927e+02 9.234449663403009367e+01
2.841641596211873511e-01 1.227114487907893192e+02 9.234449663403009367e+01
2.999510573779199385e-01 1.212536156640309457e+02 9.234449663403009367e+01
3.157379551346525814e-01 1.197957825372725722e+02 9.234449663403009367e+01
3.315248528913852244e-01 1.183379494105141987e+02 9.234449663403009367e+01
3.473117506481178118e-01 1.168801162837558252e+02 9.234449663403054842e+01
3.630986484048504548e-01 1.154222831569974375e+02 9.234449663403054842e+01
3.788855461615830977e-01 1.139644500302390639e+02 9.234449663403009367e+01
3.946724439183157407e-01 1.125066169034806904e+02 9.234449663403009367e+01
4.104593416750483836e-01 1.110487837767223169e+02 9.234449663403009367e+01
4.262462394317809711e-01 1.095909506499639434e+02 9.234449663402963893e+01
4.420331371885136140e-01 1.081331175232055841e+02 9.234449663402963893e+01
4.578200349452462570e-01 1.066752843964472106e+02 9.234449663403054842e+01
4.736069327019788444e-01 1.052174512696888229e+02 9.234449663403054842e+01
4.893938304587114874e-01 1.037596181429304494e+02 9.234449663403009367e+01
5.051807282154441303e-01 1.023017850161720759e+02 9.234449663403009367e+01
5.209676259721767178e-01 1.008439518894137024e+02 9.234449663403054842e+01
5.367545237289094162e-01 9.938611876265531464e+01 9.234449663403054842e+01
5.525414214856420037e-01 9.792828563589694113e+01 9.234449663403009367e+01
5.683283192423747021e-01 9.647045250913856762e+01 9.234449663403009367e+01
5.841152169991072896e-01 9.501261938238019411e+01 9.234449663403009367e+01
5.999021147558398770e-01 9.355478625562182060e+01 9.234449663403098896e+01
6.156890125125725755e-01 9.209695312886341867e+01 9.234449663403098896e+01
6.314759102693051629e-01 9.063912000210504516e+01 9.234449663403009367e+01
6.472628080260377503e-01 8.918128687534667165e+01 9.234449663403009367e+01
6.630497057827704488e-01 8.772345374858829814e+01 9.234449663403009367e+01
6.788366035395030362e-01 8.626562062182992463e+01 9.234449663403009367e+01
6.946235012962356237e-01 8.480778749507155112e+01 9.234449663403054842e+01
7.104103990529683221e-01 8.334995436831316340e+01 9.234449663403009367e+01
7.261972968097009096e-01 8.189212124155480410e+01 9.234449663402963893e+01
7.419841945664336080e-01 8.043428811479643059e+01 9.234449663403054842e+01
7.577710923231661955e-01 7.897645498803804287e+01 9.234449663403054842e+01
7.735579900798987829e-01 7.751862186127966936e+01 9.234449663403009367e+01
7.893448878366314814e-01 7.606078873452129585e+01 9.234449663403054842e+01
8.051317855933640688e-01 7.460295560776290813e+01 9.234449663403054842e+01
8.209186833500967673e-01 7.314512248100453462e+01 9.234449663403009367e+01
8.367055811068293547e-01 7.168728935424616111e+01 9.234449663403054842e+01
8.524924788635619421e-01 7.022945622748777339e+01 8.730783087957955502e+01
8.682793766202946406e-01 6.893064975533010852e+01 7.348110165624859746e+01
8.840662743770272280e-01 6.790937894968922706e+01 7.851776741069957666e+01
8.998531721337598155e-01 6.645154582293085355e+01 1.090842337483086197e+02
9.156400698904925139e-01 6.446517565957708484e+01 1.253810926460447916e+02
9.314269676472251014e-01 6.249278884246979260e+01 1.420556996079708085e+02
9.472138654039576888e-01 5.997993804863276779e+01 1.571084689107945565e+02
9.630007631606903873e-01 5.753227817164675173e+01 1.647436650310148707e+02
9.787876609174229747e-01 5.477835525680468720e+01 1.849164006627384254e+02
9.945745586741556732e-01 5.169376555003543672e+01 1.880464671232269609e+02
1.010361456430888261e+00 4.884101455682635162e+01 1.604947832281910394e+02
1.026148354187620848e+00 4.662633608341059954e+01 1.438979031593265177e+02
1.041935251944353436e+00 4.429761158765735019e+01 1.287518954264691899e+02
1.057722149701086245e+00 4.256115006524419897e+01 1.112134808820123055e+02
1.073509047457818832e+00 4.078617988394801586e+01 1.032207527398702496e+02
1.089295945214551420e+00 3.930207912548957694e+01 9.231616642337249345e+01
1.105082842971284007e+00 3.787140812270942547e+01 8.209498071092519922e+01
1.120869740728016595e+00 3.671002899184095014e+01 7.773180007597667895e+01
1.136656638484749404e+00 3.541712016221697468e+01 7.535595029001808598e+01
1.152443536241481992e+00 3.433075562666106606e+01 6.827049800846077687e+01
1.168230433998214579e+00 3.326156141849539694e+01 6.284051998452294185e+01
1.184017331754947167e+00 3.234664189870991180e+01 5.925238979201750311e+01
1.199804229511679754e+00 3.139073857951809998e+01 5.527190693399651167e+01
1.215591127268412341e+00 3.060149801153662352e+01 4.366846983287666006e+01
1.231378025025145151e+00 3.001195924262892589e+01 2.761807873023345650e+01
1.247164922781877738e+00 2.972949044123344819e+01 1.656603747437592133e+01
1.262951820538610326e+00 2.948890656294457813e+01 1.039458013066660591e+01
1.278738718295342913e+00 2.940129409373945180e+01 3.421442185755139143e+00
1.294525616052075501e+00 2.938087864701040175e+01 -4.408348419642273974e+00
1.310312513808808310e+00 2.954048238529334469e+01 -1.366876856279955810e+01
1.326099411565540898e+00 2.981245355053311741e+01 -1.351244693504349925e+01
1.341886309322273485e+00 2.996712162170695848e+01 -5.915357434497355626e+00
1.357673207079006072e+00 2.999922383655899338e+01 -4.998585876340627898e+00
1.373460104835738660e+00 3.012494595002303299e+01 -9.901550203272417860e+00
1.389247002592471247e+00 3.031185335794342706e+01 -9.524807869531429105e+00
1.405033900349204057e+00 3.042568028600066299e+01 -7.108866185288026607e+00
1.420820798105936644e+00 3.053630724521029904e+01 -6.588988253647510618e+00
1.436607695862669232e+00 3.063371965376195405e+01 -1.153334871197487033e+01
1.452394593619401819e+00 3.090045883902768153e+01 -2.376581201255849862e+01
1.468181491376134407e+00 3.138409654245793234e+01 -3.148668578927578920e+01
1.483968389132867216e+00 3.189461301753500777e+01 -3.126743705729557377e+01
1.499755286889599804e+00 3.237132820633512864e+01 -3.131016513344140861e+01
1.515542184646332391e+00 3.288319376895111645e+01 -2.709288929242620014e+01
1.531329082403064978e+00 3.322675355272314590e+01 -1.826910757996684254e+01
1.547115980159797566e+00 3.346001883589448767e+01 -8.671670870729894176e+00
1.562902877916530375e+00 3.350055111555564480e+01 9.033307878431031668e+00
1.578689775673262963e+00 3.317480302013073157e+01 2.596500906908602246e+01
1.594476673429995550e+00 3.268073722870305176e+01 3.537292170117476786e+01
1.610263571186728138e+00 3.205794562362402189e+01 4.305765501852316390e+01
1.626050468943460725e+00 3.132124363385887023e+01 4.780016223774676831e+01
1.641837366700193535e+00 3.054871307561894156e+01 4.913227772582770569e+01
1.657624264456926122e+00 2.976995114383280239e+01 5.088569729788015650e+01
1.673411162213658709e+00 2.894205847457558178e+01 4.893837767218978740e+01
1.689198059970391297e+00 2.822478081445034803e+01 4.527519705905191216e+01
1.704984957727123884e+00 2.751254866080123307e+01 4.649077284964744194e+01
1.720771855483856472e+00 2.675689065923261722e+01 4.877184271315945097e+01
1.736558753240589281e+00 2.597263647216104587e+01 4.882933424148259860e+01
1.752345650997321869e+00 2.521516324483339844e+01 5.060302023928225168e+01
1.768132548754054456e+00 2.437490705876220431e+01 5.327682250689488086e+01
1.783919446510787044e+00 2.353301174539351592e+01 5.410244214883694269e+01
1.799706344267519631e+00 2.266668761357574269e+01 5.553303380432924286e+01
1.815493242024252440e+00 2.177962309181327072e+01 5.479367655084879374e+01
1.831280139780985028e+00 2.093664327472828646e+01 5.169354037485515363e+01
1.847067037537717615e+00 2.014746181865053387e+01 5.003161580695683597e+01
1.862853935294450203e+00 1.935695526803117517e+01 4.935938307258325608e+01
1.878640833051182790e+00 1.858899875084599174e+01 4.769847735034235114e+01
1.894427730807915378e+00 1.785093329786781169e+01 4.667735707514935939e+01
1.910214628564648187e+00 1.711521742344622510e+01 4.577067284136295200e+01
1.926001526321380775e+00 1.640577943306089992e+01 4.624296926671124197e+01
1.941788424078113362e+00 1.565515136788362582e+01 4.841179987122719552e+01
1.957575321834845949e+00 1.487723516348796871e+01 4.950487709049679808e+01
1.973362219591578537e+00 1.409209450170904887e+01 4.921045623058963514e+01
1.989149117348311346e+00 1.332347428133899925e+01 4.838912086287519543e+01
2.004936015105043712e+00 1.256426629450827193e+01 4.798131520464716004e+01
2.020722912861776521e+00 1.180852204660034843e+01 4.789428478507519316e+01
2.036509810618509331e+00 1.105206194044063750e+01 4.680263023741382256e+01
2.052296708375241696e+00 1.033078536999191854e+01 4.482470900902711719e+01
2.068083606131974506e+00 9.636775744239031383e+00 4.201973553510791959e+01
2.083870503888706871e+00 9.004062832676531514e+00 3.871365149369044190e+01
2.099657401645439680e+00 8.414438828397690529e+00 3.561033013066752773e+01
2.115444299402172490e+00 7.879709550963844400e+00 3.176992270512803174e+01
2.131231197158904855e+00 7.411341785427381090e+00 2.703227707386513146e+01
2.147018094915637665e+00 7.026197962370291705e+00 2.142382955446955961e+01
2.162804992672370030e+00 6.734910171959225700e+00 1.511362553573698975e+01
2.178591890429102840e+00 6.549003440237845197e+00 9.837027170240999041e+00
2.194378788185835649e+00 6.424317887625634604e+00 4.839000353937029431e+00
2.210165685942568015e+00 6.396217832573051432e+00 -4.449074141308991259e-01
2.225952583699300824e+00 6.438365303341828216e+00 -5.317561769373772229e+00
2.241739481456033189e+00 6.564113440509479425e+00 -9.932201812188534262e+00
2.257526379212765999e+00 6.751962612358338056e+00 -1.326711591813873525e+01
2.273313276969498808e+00 6.983006645562231718e+00 -1.515260000853376887e+01
2.289100174726231174e+00 7.230387706525115199e+00 -1.702297729539497695e+01
2.304887072482963983e+00 7.520486649717394556e+00 -1.801558227532006029e+01
2.320673970239696349e+00 7.799208017342079913e+00 -1.762241843779327510e+01
2.336460867996429158e+00 8.076893285924999333e+00 -1.701915913433473904e+01
2.352247765753161524e+00 8.336567467660689346e+00 -1.503897910030942953e+01
2.368034663509894333e+00 8.551730936769446956e+00 -1.246891687358854739e+01
2.383821561266627143e+00 8.730258499301770669e+00 -1.036489214443436246e+01
2.399608459023359508e+00 8.878989921856939915e+00 -7.308317450366299539e+00
2.415395356780092317e+00 8.961009820027125983e+00 -3.966590693014012903e+00
2.431182254536824683e+00 9.004230245283778800e+00 -1.082448898641226620e+00
2.446969152293557492e+00 8.995186840206599754e+00 2.075103156826812345e+00
2.462756050050290302e+00 8.938711362540782801e+00 4.492498771352812170e+00
2.478542947807022667e+00 8.853341602655412146e+00 6.162992340360744059e+00
2.494329845563755477e+00 8.744122302635179977e+00 7.896217575730029914e+00
2.510116743320487842e+00 8.604028043589481811e+00 9.530931622658686209e+00
2.525903641077220652e+00 8.443194616528534979e+00 1.097637594586148424e+01
2.541690538833953461e+00 8.257462193995932509e+00 1.183665111834136852e+01
2.557477436590685826e+00 8.069466614553794770e+00 1.259813793476570254e+01
2.573264334347418636e+00 7.859691162993210689e+00 1.379681023586371325e+01
2.589051232104151001e+00 7.633848949428549524e+00 1.524420439703117935e+01
2.604838129860883811e+00 7.378373770595880288e+00 1.667785899328972476e+01
2.620625027617616620e+00 7.107265639972012217e+00 1.666158609483263220e+01
2.636411925374348986e+00 6.852304258307638563e+00 1.547720647294600838e+01
2.652198823131081795e+00 6.618591487675534069e+00 1.461783458632381993e+01
2.667985720887814161e+00 6.390763738229390256e+00 1.351815004406390663e+01
2.683772618644546970e+00 6.191772182463918917e+00 1.139185084622972965e+01
2.699559516401279780e+00 6.031079769090636589e+00 8.371397062871063000e+00
2.715346414158012145e+00 5.927455403438804282e+00 5.027830145895681113e+00
2.731133311914744954e+00 5.872332088187690147e+00 2.324192434313101074e+00
2.746920209671477320e+00 5.854071826783859400e+00 -1.767591978520587082e-01
2.762707107428210129e+00 5.877913046955795195e+00 -3.685940438559226262e+00
2.778494005184942495e+00 5.970450956465740866e+00 -7.557376828279561920e+00
2.794280902941675304e+00 6.116528117550094734e+00 -1.182501566282098970e+01
2.810067800698408114e+00 6.343811582947174621e+00 -1.577649018405462300e+01
2.825854698455140479e+00 6.614651792541627273e+00 -2.004038036742462836e+01
2.841641596211873289e+00 6.976562454680303560e+00 -2.535442686599049722e+01
2.857428493968605654e+00 7.415187281769521022e+00 -3.001775626350043424e+01
2.873215391725338463e+00 7.924336952717107252e+00 -3.349688344681340624e+01
2.889002289482071273e+00 8.472811030057586734e+00 -3.614149790875297441e+01
2.904789187238803638e+00 9.065461217238405922e+00 -3.705999224032931494e+01
2.920576084995536448e+00 9.642935646784353665e+00 -3.791496440827012293e+01
2.936362982752268813e+00 1.026258055036544015e+01 -3.827766583642318210e+01
2.952149880509001623e+00 1.085150684063633442e+01 -3.603535966497093312e+01
2.967936778265734432e+00 1.140035362768140637e+01 -3.354545549884872457e+01
2.983723676022466798e+00 1.191066419296303280e+01 -3.106232910377899969e+01
2.999510573779199607e+00 1.238110925497608505e+01 -2.909393209702568583e+01
3.015297471535931972e+00 1.282927005567716527e+01 -3.019378047025360701e+01
3.031084369292664782e+00 1.333444150532233330e+01 -3.153902408890708742e+01
3.046871267049397591e+00 1.382507675295457261e+01 -2.874943496740731419e+01
3.062658164806129957e+00 1.424217028611091962e+01 -2.523322272639013164e+01
3.078445062562862766e+00 1.462178536746333890e+01 -2.442154070635173468e+01
3.094231960319595132e+00 1.501325101849703714e+01 -2.549205372395512370e+01
3.110018858076327941e+00 1.542666625896176846e+01 -2.464743606436739398e+01
3.125805755833060751e+00 1.579146412472458216e+01 -1.913634948242023270e+01
3.141592653589793116e+00 1.603087344439391160e+01 -1.516506430576131947e+01
