0.000000000000000000e+00 1.913737973310968812e+02 1.309309730023525020e+01
1.578689775673262907e-02 1.911670979426991153e+02 2.618619460046960157e+01
3.157379551346525814e-02 1.905469997775058459e+02 5.237238920094100081e+01
4.736069327019788722e-02 1.895135028355169879e+02 7.855858380141150121e+01
6.314759102693051629e-02 1.880666071167326550e+02 9.165168110164405846e+01
7.893448878366314536e-02 1.866197113979483504e+02 9.165168110164314896e+01
9.472138654039577443e-02 1.851728156791640458e+02 9.165168110164405846e+01
1.105082842971284035e-01 1.837259199603797128e+02 9.165168110164495374e+01
1.262951820538610326e-01 1.822790242415953799e+02 9.165168110164495374e+01
1.420820798105936755e-01 1.808321285228110469e+02 9.165168110164584903e+01
1.578689775673262907e-01 1.793852328040266855e+02 9.165168110164495374e+01
1.736558753240589059e-01 1.779383370852423809e+02 9.165168110164314896e+01
1.894427730807915489e-01 1.764914413664580763e+02 9.165168110164405846e+01
2.052296708375241918e-01 1.750445456476737434e+02 9.165168110164495374e+01
2.210165685942568070e-01 1.735976499288894104e+02 9.165168110164495374e+01
2.368034663509894222e-01 1.721507542101050774e+02 9.165168110164495374e+01
2.525903641077220652e-01 1.707038584913207444e+02 9.165168110164405846e+01
2.683772618644547081e-01 1.692569627725364398e+02 9.165168110164405846e+01
2.841641596211873511e-01 1.678100670537521069e+02 9.165168110164495374e+01
2.999510573779199385e-01 1.663631713349677739e+02 9.165168110164495374e+01
3.157379551346525814e-01 1.649162756161834409e+02 9.165168110164495374e+01
3.315248528913852244e-01 1.634693798973991079e+02 9.165168110164495374e+01
3.473117506481178118e-01 1.620224841786147749e+02 9.165168110164495374e+01
3.630986484048504548e-01 1.605755884598304419e+02 9.165168110164405846e+01
3.788855461615830977e-01 1.591286927410461374e+02 9.165168110164314896e+01
3.946724439183157407e-01 1.576817970222618328e+02 9.165168110164495374e+01
4.104593416750483836e-01 1.562349013034774714e+02 9.165168110164495374e+01
4.262462394317809711e-01 1.547880055846931668e+02 9.165168110164495374e+01
4.420331371885136140e-01 1.533411098659088054e+02 9.165168110164495374e+01
4.578200349452462570e-01 1.518942141471245009e+02 9.165168110164405846e+01
4.736069327019788444e-01 1.504473184283401679e+02 9.165168110164495374e+01
4.893938304587114874e-01 1.490004227095558349e+02 9.165168110164405846e+01
5.051807282154441303e-01 1.475535269907715303e+02 9.165168110164405846e+01
5.209676259721767178e-01 1.461066312719871974e+02 9.165168110164495374e+01
5.367545237289094162e-01 1.446597355532028644e+02 9.165168110164405846e+01
5.525414214856420037e-01 1.432128398344185598e+02 9.165168110164495374e+01
5.683283192423747021e-01 1.417659441156341984e+02 9.165168110164495374e+01
5.841152169991072896e-01 1.403190483968498938e+02 9.165168110164405846e+01
5.999021147558398770e-01 1.388721526780655608e+02 9.165168110164495374e+01
6.156890125125725755e-01 1.374252569592812279e+02 9.165168110164495374e+01
6.314759102693051629e-01 1.359783612404968949e+02 9.165168110164495374e+01
6.472628080260377503e-01 1.345314655217125619e+02 9.165168110164495374e+01
6.630497057827704488e-01 1.330845698029282289e+02 9.165168110164495374e+01
6.788366035395030362e-01 1.316376740841438959e+02 9.165168110164405846e+01
6.946235012962356237e-01 1.301907783653595914e+02 9.165168110164405846e+01
7.104103990529683221e-01 1.287438826465752584e+02 9.165168110164495374e+01
7.261972968097009096e-01 1.272969869277909254e+02 9.165168110164495374e+01
7.419841945664336080e-01 1.258500912090065924e+02 9.165168110164449899e+01
7.577710923231661955e-01 1.244031954902222736e+02 9.165168110164449899e+01
7.735579900798987829e-01 1.229562997714379406e+02 9.165168110164495374e+01
7.893448878366314814e-01 1.215094040526536077e+02 9.165168110164449899e+01
8.051317855933640688e-01 1.200625083338692889e+02 9.165168110164449899e+01
8.209186833500967673e-01 1.186156126150849559e+02 9.165168110164495374e+01
8.367055811068293547e-01 1.171687168963006229e+02 9.165168110164449899e+01
8.524924788635619421e-01 1.157218211775163041e+02 9.165168110164449899e+01
8.682793766202946406e-01 1.142749254587319712e+02 9.165168110164449899e+01
8.840662743770272280e-01 1.128280297399476524e+02 9.165168110164405846e+01
8.998531721337598155e-01 1.113811340211633336e+02 9.165168110164495374e+01
9.156400698904925139e-01 1.099342383023789864e+02 9.165168110164540849e+01
9.314269676472251014e-01 1.084873425835946534e+02 9.165168110164405846e+01
9.472138654039576888e-01 1.070404468648103489e+02 9.165168110164405846e+01
9.630007631606903873e-01 1.055935511460260159e+02 9.165168110164495374e+01
9.787876609174229747e-01 1.041466554272416829e+02 9.165168110164449899e+01
9.945745586741556732e-01 1.026997597084573641e+02 9.165168110164405846e+01
1.010361456430888261e+00 1.012528639896730454e+02 9.165168110164449899e+01
1.026148354187620848e+00 9.980596827088871237e+01 9.165168110164495374e+01
1.041935251944353436e+00 9.835907255210437938e+01 9.165168110164495374e+01
1.057722149701086245e+00 9.691217683332004640e+01 9.165168110164495374e+01
1.073509047457818832e+00 9.546528111453571341e+01 9.165168110164449899e+01
1.089295945214551420e+00 9.401838539575139464e+01 9.165168110164405846e+01
1.105082842971284007e+00 9.257148967696707587e+01 9.165168110164449899e+01
1.120869740728016595e+00 9.112459395818274288e+01 9.165168110164495374e+01
1.136656638484749404e+00 8.967769823939840990e+01 9.165168110164495374e+01
1.152443536241481992e+00 8.823080252061407691e+01 9.165168110164449899e+01
1.168230433998214579e+00 8.678390680182975814e+01 9.165168110164405846e+01
1.184017331754947167e+00 8.533701108304543936e+01 9.165168110164495374e+01
1.199804229511679754e+00 8.389011536426109217e+01 9.165168110164495374e+01
1.215591127268412341e+00 8.244321964547677339e+01 9.165168110164405846e+01
1.231378025025145151e+00 8.099632392669245462e+01 9.165168110164495374e+01
1.247164922781877738e+00 7.954942820790810742e+01 9.165168110164449899e+01
1.262951820538610326e+00 7.810253248912380286e+01 9.165168110164405846e+01
1.278738718295342913e+00 7.665563677033946988e+01 9.165168110164495374e+01
1.294525616052075501e+00 7.520874105155513689e+01 9.165168110164449899e+01
1.310312513808808310e+00 7.376184533277081812e+01 9.165168110164495374e+01
1.326099411565540898e+00 7.231494961398647092e+01 9.165168110164495374e+01
1.341886309322273485e+00 7.086805389520215215e+01 9.165168110164405846e+01
1.357673207079006072e+00 6.942115817641783337e+01 9.165168110164449899e+01
1.373460104835738660e+00 6.797426245763350039e+01 9.165168110164495374e+01
1.389247002592471247e+00 6.652736673884916740e+01 9.165168110164449899e+01
1.405033900349204057e+00 6.508047102006484863e+01 9.165168110164449899e+01
1.420820798105936644e+00 6.363357530128051565e+01 9.165168110164495374e+01
1.436607695862669232e+00 6.218667958249618266e+01 9.165168110164472637e+01
1.452394593619401819e+00 6.073978386371185678e+01 9.165168110164427162e+01
1.468181491376134407e+00 5.929288814492753801e+01 9.165168110164427162e+01
1.483968389132867216e+00 5.784599242614321213e+01 9.165168110164449899e+01
1.499755286889599804e+00 5.639909670735888625e+01 9.165168110164472637e+01
1.515542184646332391e+00 5.495220098857455326e+01 9.165168110164472637e+01
1.531329082403064978e+00 5.350530526979022738e+01 9.165168110164472637e+01
1.547115980159797566e+00 5.205840955100589440e+01 9.165168110164495374e+01
1.562902877916530375e+00 5.061151383222156142e+01 8.952208375200576995e+01
1.578689775673262963e+00 4.923185758468075335e+01 9.220278877179762844e+01
1.594476673429995550e+00 4.770032183376959267e+01 9.433238612143679802e+01
1.610263571186728138e+00 4.625342611498525969e+01 8.675970215502435678e+01
1.626050468943460725e+00 4.496098873911770255e+01 8.312016794917100526e+01
1.641837366700193535e+00 4.362900692911324541e+01 7.472726778740745601e+01
1.657624264456926122e+00 4.260156526671813992e+01 7.060162668008416631e+01
1.673411162213658709e+00 4.139984560539825509e+01 7.867584201432613611e+01
1.689198059970391297e+00 4.011747031910810790e+01 6.749477164588969913e+01
1.704984957727123884e+00 3.926877948722290057e+01 5.439635998549514539e+01
1.720771855483856472e+00 3.839997077224924027e+01 5.547780689201356807e+01
1.736558753240589281e+00 3.751713455687895049e+01 5.693991760719232076e+01
1.752345650997321869e+00 3.660216145716618996e+01 6.747061607683770035e+01
1.768132548754054456e+00 3.538683112170135558e+01 7.288983566199428310e+01
1.783919446510787044e+00 3.430075269096429480e+01 6.576213189469987697e+01
1.799706344267519631e+00 3.331047101672857025e+01 7.037004481963748503e+01
1.815493242024252440e+00 3.207890328555567550e+01 7.987890799443731282e+01
1.831280139780985028e+00 3.078839070987330118e+01 8.643445677101438207e+01
1.847067037537717615e+00 2.934983942215021457e+01 8.643482811950727296e+01
1.862853935294450203e+00 2.805931512158646157e+01 8.005849304788223719e+01
1.878640833051182790e+00 2.682208893354020063e+01 7.508657339668874897e+01
1.894427730807915378e+00 2.568854700735261076e+01 7.333681073203931078e+01
1.910214628564648187e+00 2.450656746787708684e+01 7.533614313620796565e+01
1.926001526321380775e+00 2.330989902919683132e+01 7.376856629023129130e+01
1.941788424078113362e+00 2.217741384050781761e+01 7.075448794599145685e+01
1.957575321834845949e+00 2.107591129513015460e+01 7.163922047141798544e+01
1.973362219591578537e+00 1.991549174259921173e+01 7.409077794659751248e+01
1.989149117348311346e+00 1.873658422281072333e+01 7.520667555405078986e+01
2.004936015105043712e+00 1.754093154740808558e+01 7.473611997922445482e+01
2.020722912861776521e+00 1.637688125311688481e+01 7.268236907869469121e+01
2.036509810618509331e+00 1.524607328868316891e+01 7.159315361344083328e+01
2.052296708375241696e+00 1.411641366076199766e+01 6.947447873814509478e+01
2.068083606131974506e+00 1.305250030360038593e+01 6.480239821737671946e+01
2.083870503888706871e+00 1.207035599066439957e+01 6.090290969888830119e+01
2.099657401645439680e+00 1.112956428659264674e+01 5.698482717760280281e+01
2.115444299402172490e+00 1.027112870998861105e+01 5.310965675998642865e+01
2.131231197158904855e+00 9.452690844262507497e+00 5.018198856479221348e+01
2.147018094915637665e+00 8.686692864584809826e+00 4.643122229549287994e+01
2.162804992672370030e+00 7.986680926064366304e+00 4.296881619402305574e+01
2.178591890429102840e+00 7.330004248619051310e+00 3.996841897871900073e+01
2.194378788185835649e+00 6.724726238233788678e+00 3.556922231483846986e+01
2.210165685942568015e+00 6.206948896677356053e+00 3.172052249596011109e+01
2.225952583699300824e+00 5.723188947366069534e+00 2.822864841164025407e+01
2.241739481456033189e+00 5.315663324106720822e+00 2.311277465882078985e+01
2.257526379212765999e+00 4.993430926539660142e+00 1.847187679301104524e+01
2.273313276969498808e+00 4.732436063494265710e+00 1.443678906740056256e+01
2.289100174726231174e+00 4.537606700654523983e+00 1.075155516064115346e+01
2.304887072482963983e+00 4.392968659400439790e+00 7.839123805595830774e+00
2.320673970239696349e+00 4.290095808611903649e+00 4.629936724893097377e+00
2.336460867996429158e+00 4.246783984008382085e+00 1.026140896099187128e+00
2.352247765753161524e+00 4.257696645790463919e+00 -1.744200058277829424e+00
2.368034663509894333e+00 4.301854999983020456e+00 -3.752788357903058980e+00
2.383821561266627143e+00 4.376186418008208179e+00 -6.705506049488202613e+00
2.399608459023359508e+00 4.513573276803865220e+00 -1.014731674886157009e+01
2.415395356780092317e+00 4.696575722047124479e+00 -1.316598435799177835e+01
2.431182254536824683e+00 4.929273374656579776e+00 -1.574184994219268141e+01
2.446969152293557492e+00 5.193605673125571087e+00 -1.667685021640182086e+01
2.462756050050290302e+00 5.455824833197939761e+00 -1.723353454081185987e+01
2.478542947807022667e+00 5.737733768691405167e+00 -1.783882377755190163e+01
2.494329845563755477e+00 6.019064207351105367e+00 -1.648044232990224600e+01
2.510116743320487842e+00 6.258083884787195572e+00 -1.425564864970198897e+01
2.525903641077220652e+00 6.469169142728603106e+00 -1.171366572724847721e+01
2.541690538833953461e+00 6.627928771172425293e+00 -8.411593454853319329e+00
2.557477436590685826e+00 6.734755074414544573e+00 -5.666469383695227791e+00
2.573264334347418636e+00 6.806840716776529909e+00 -2.265801132007806640e+00
2.589051232104151001e+00 6.806295016030737166e+00 1.539082598329124307e+00
2.604838129860883811e+00 6.758246037538553352e+00 4.792199789833203383e+00
2.620625027617616620e+00 6.654987079806872430e+00 8.211026504652112479e+00
2.636411925374348986e+00 6.498992765725024157e+00 1.104859655751105585e+01
2.652198823131081795e+00 6.306140951389242133e+00 1.312419891472761613e+01
2.667985720887814161e+00 6.084611992913371736e+00 1.510263443751070156e+01
2.683772618644546970e+00 5.829293459944660860e+00 1.652700169111638218e+01
2.699559516401279780e+00 5.562791821067368581e+00 1.714686232992983861e+01
2.715346414158012145e+00 5.287901935041915635e+00 1.618959056919425876e+01
2.731133311914744954e+00 5.051624998988903492e+00 1.436733751708992912e+01
2.746920209671477320e+00 4.834270558204380563e+00 1.380576222112723705e+01
2.762707107428210129e+00 4.615724685711508180e+00 1.366733143752336588e+01
2.778494005184942495e+00 4.402741030181262616e+00 1.316171939504130961e+01
2.794280902941675304e+00 4.200159248926864208e+00 1.285830751920794413e+01
2.810067800698408114e+00 3.996755457920538213e+00 1.288932181887660811e+01
2.825854698455140479e+00 3.793194437510408079e+00 1.430019114990878748e+01
2.841641596211873289e+00 3.545244146749852554e+00 1.537450355007640468e+01
2.857428493968605654e+00 3.307763006299250019e+00 1.431662927887595949e+01
2.873215391725338463e+00 3.093213821456533452e+00 1.260094671365882313e+01
2.889002289482071273e+00 2.909903291486114263e+00 1.140908690811926363e+01
2.904789187238803638e+00 2.732985644424222205e+00 9.284536320363297790e+00
2.920576084995536448e+00 2.616755240269622362e+00 5.516038002959724018e+00
2.936362982752268813e+00 2.558823388474268601e+00 1.487811006421675408e+00
2.952149880509001623e+00 2.569779399790181440e+00 -1.630427272872334354e+00
2.967936778265734432e+00 2.610302165787516504e+00 -4.168953677066772556e+00
2.983723676022466798e+00 2.701409090694996795e+00 -7.233431604159610728e+00
2.999510573779199607e+00 2.838689056117889020e+00 -1.092382977403639366e+01
3.015297471535931972e+00 3.046315858204325266e+00 -1.454396296011057288e+01
3.031084369292664782e+00 3.297897168575833149e+00 -1.613665656427103201e+01
3.046871267049397591e+00 3.555811352835635653e+00 -1.501594046857389664e+01
3.062658164806129957e+00 3.772007402372953067e+00 -1.312546951208002000e+01
3.078445062562862766e+00 3.970232243228272839e+00 -1.259870000570808024e+01
3.094231960319595132e+00 4.169796180088673587e+00 -1.238589159943858675e+01
3.110018858076327941e+00 4.361301851840893917e+00 -1.068075347315666690e+01
3.125805755833060751e+00 4.507028106179856053e+00 -6.564184720595281242e+00
3.141592653589793116e+00 4.568558077921582417e+00 -3.897534062098154450e+00
