0.000000000000000000e+00 3.277881153098428513e+02 3.954031869983800362e+01
1.578689775673262907e-02 3.271638963412598855e+02 7.908063739967779782e+01
3.157379551346525814e-02 3.252912394355109313e+02 1.581612747993592052e+02
4.736069327019788722e-02 3.221701445925959320e+02 2.372419121990370172e+02
6.314759102693051629e-02 3.178006118125150579e+02 2.767822308988750137e+02
7.893448878366314536e-02 3.134310790324341269e+02 2.767822308988768327e+02
9.472138654039577443e-02 3.090615462523531960e+02 2.767822308988750137e+02
1.105082842971284035e-01 3.046920134722723219e+02 2.767822308988768327e+02
1.262951820538610326e-01 3.003224806921913341e+02 2.767822308988750137e+02
1.420820798105936755e-01 2.959529479121105169e+02 2.767822308988731947e+02
1.578689775673262907e-01 2.915834151320295859e+02 2.767822308988768327e+02
1.736558753240589059e-01 2.872138823519486550e+02 2.767822308988768327e+02
1.894427730807915489e-01 2.828443495718677241e+02 2.767822308988768327e+02
2.052296708375241918e-01 2.784748167917867931e+02 2.767822308988750137e+02
2.210165685942568070e-01 2.741052840117059191e+02 2.767822308988750137e+02
2.368034663509894222e-01 2.697357512316249881e+02 2.767822308988768327e+02
2.525903641077220652e-01 2.653662184515440572e+02 2.767822308988768327e+02
2.683772618644547081e-01 2.609966856714631263e+02 2.767822308988750137e+02
2.841641596211873511e-01 2.566271528913822522e+02 2.767822308988759232e+02
2.999510573779199385e-01 2.522576201113012928e+02 2.767822308988759232e+02
3.157379551346525814e-01 2.478880873312204187e+02 2.767822308988741042e+02
3.315248528913852244e-01 2.435185545511395162e+02 2.767822308988750137e+02
3.473117506481178118e-01 2.391490217710586137e+02 2.767822308988759232e+02
3.630986484048504548e-01 2.347794889909776828e+02 2.767822308988759232e+02
3.788855461615830977e-01 2.304099562108967802e+02 2.767822308988759232e+02
3.946724439183157407e-01 2.260404234308158493e+02 2.767822308988759232e+02
4.104593416750483836e-01 2.216708906507349468e+02 2.767822308988759232e+02
4.262462394317809711e-01 2.173013578706540159e+02 2.767822308988768327e+02
4.420331371885136140e-01 2.129318250905730849e+02 2.767822308988759232e+02
4.578200349452462570e-01 2.085622923104921824e+02 2.767822308988759232e+02
4.736069327019788444e-01 2.041927595304112515e+02 2.767822308988759232e+02
4.893938304587114874e-01 1.998232267503303490e+02 2.767822308988759232e+02
5.051807282154441303e-01 1.954536939702494180e+02 2.767822308988768327e+02
5.209676259721767178e-01 1.910841611901684871e+02 2.767822308988759232e+02
5.367545237289094162e-01 1.867146284100875846e+02 2.767822308988759232e+02
5.525414214856420037e-01 1.823450956300066537e+02 2.767822308988750137e+02
5.683283192423747021e-01 1.779755628499257796e+02 2.767822308988750137e+02
5.841152169991072896e-01 1.736060300698448486e+02 2.767822308988768327e+02
5.999021147558398770e-01 1.692364972897639177e+02 2.767822308988759232e+02
6.156890125125725755e-01 1.648669645096830152e+02 2.767822308988750137e+02
6.314759102693051629e-01 1.604974317296021127e+02 2.767822308988759232e+02
6.472628080260377503e-01 1.561278989495211817e+02 2.767822308988759232e+02
6.630497057827704488e-01 1.517583661694402792e+02 2.767822308988750137e+02
6.788366035395030362e-01 1.473888333893593767e+02 2.767822308988759232e+02
6.946235012962356237e-01 1.430193006092784458e+02 2.767822308988759232e+02
7.104103990529683221e-01 1.386497678291975433e+02 2.767822308988750137e+02
7.261972968097009096e-01 1.342802350491166408e+02 2.767822308988759232e+02
7.419841945664336080e-01 1.299107022690357098e+02 2.767822308988759232e+02
7.577710923231661955e-01 1.255411694889548073e+02 2.767822308988759232e+02
7.735579900798987829e-01 1.211716367088738764e+02 2.767822308988759232e+02
7.893448878366314814e-01 1.168021039287929739e+02 2.767822308988754685e+02
8.051317855933640688e-01 1.124325711487120572e+02 2.767822308988763780e+02
8.209186833500967673e-01 1.080630383686311262e+02 2.767822308988759232e+02
8.367055811068293547e-01 1.036935055885502237e+02 2.767822308988754685e+02
8.524924788635619421e-01 9.932397280846930698e+01 2.767822308988763780e+02
8.682793766202946406e-01 9.495444002838837605e+01 2.767822308988763780e+02
8.840662743770272280e-01 9.058490724830745933e+01 2.767822308988754685e+02
8.998531721337598155e-01 8.621537446822655681e+01 2.767822308988754685e+02
9.156400698904925139e-01 8.184584168814564009e+01 2.767822308988759232e+02
9.314269676472251014e-01 7.747630890806472337e+01 2.767822308988754685e+02
9.472138654039576888e-01 7.310677612798382086e+01 2.767822308988754685e+02
9.630007631606903873e-01 6.873724334790290413e+01 2.826460874462900392e+02
9.787876609174229747e-01 6.418256636027363982e+01 2.848304875967608041e+02
9.945745586741556732e-01 5.974406377652217515e+01 2.789666310493469155e+02
1.010361456430888261e+00 5.537453099644125132e+01 2.672788313450624287e+02
1.026148354187620848e+00 5.130505661055520505e+01 2.501516230041566189e+02
1.041935251944353436e+00 4.747629480434655846e+01 2.359730879211279557e+02
1.057722149701086245e+00 4.385449058585255244e+01 2.198848136567401923e+02
1.073509047457818832e+00 4.053369666143223071e+01 1.913910795690335078e+02
1.089295945214551420e+00 3.781154777643853038e+01 1.623146668744894612e+02
1.105082842971284007e+00 3.540880656070086729e+01 1.407862074799903382e+02
1.120869740728016595e+00 3.336639285034902258e+01 1.256194679243938594e+02
1.136656638484749404e+00 3.144252316794574753e+01 1.138418205881634435e+02
1.152443536241481992e+00 2.977197448621775067e+01 9.710317584291993853e+01
1.168230433998214579e+00 2.837660735017333380e+01 8.207719487935155200e+01
1.184017331754947167e+00 2.718048591877826681e+01 7.239436375711400729e+01
1.199804229511679754e+00 2.609084251257879572e+01 6.542766051515822312e+01
1.215591127268412341e+00 2.511468634474823602e+01 5.645568077386413108e+01
1.231378025025145151e+00 2.430832239225133762e+01 4.403925306456905275e+01
1.247164922781877738e+00 2.372419997392178459e+01 3.310673048231762294e+01
1.262951820538610326e+00 2.326301725388323405e+01 2.281159304196664905e+01
1.278738718295342913e+00 2.300395139987834270e+01 1.119689876083067936e+01
1.294525616052075501e+00 2.290948866202379364e+01 -1.970349604713924618e-01
1.310312513808808310e+00 2.301017254142927015e+01 -1.102109176181078176e+01
1.326099411565540898e+00 2.325746635964634379e+01 -1.974875568921304847e+01
1.341886309322273485e+00 2.363371571520586656e+01 -2.526755187015520221e+01
1.357673207079006072e+00 2.405525887552050079e+01 -3.136751902286514593e+01
1.373460104835738660e+00 2.462410734659854228e+01 -3.761653379211973203e+01
1.389247002592471247e+00 2.524295562139824511e+01 -4.388697586074571433e+01
1.405033900349204057e+00 2.600978574813011335e+01 -4.955763210203031122e+01
1.420820798105936644e+00 2.680767816351929156e+01 -5.317812811423882380e+01
1.436607695862669232e+00 2.768882109099794775e+01 -5.462594376873295943e+01
1.452394593619401819e+00 2.853242654180331783e+01 -5.629020722587424785e+01
1.468181491376134407e+00 2.946611658335828565e+01 -5.450939673090693560e+01
1.483968389132867216e+00 3.025349508774732499e+01 -4.748234336110957798e+01
1.499755286889599804e+00 3.096531438314210405e+01 -3.698263181965976543e+01
1.515542184646332391e+00 3.142117714237103598e+01 -2.351540981520083307e+01
1.531329082403064978e+00 3.170778512406258898e+01 -1.273632196774553726e+01
1.547115980159797566e+00 3.182331116777428903e+01 -4.242319617581761015e+00
1.562902877916530375e+00 3.184173125617087763e+01 6.837372565018957182e+00
1.578689775673262963e+00 3.160742936455700303e+01 1.751422579703087834e+01
1.594476673429995550e+00 3.128874067227876665e+01 2.092347446302794012e+01
1.610263571186728138e+00 3.094679586043014652e+01 2.271475892909972316e+01
1.626050468943460725e+00 3.057154951871371296e+01 2.468803951586083301e+01
1.641837366700193535e+00 3.016730074912800674e+01 2.838817457499285979e+01
1.657624264456926122e+00 2.967522709968233485e+01 3.331459519539780700e+01
1.673411162213658709e+00 2.911543253281464416e+01 3.630582280476713919e+01
1.689198059970391297e+00 2.852891447449651352e+01 3.747055447635646885e+01
1.704984957727123884e+00 2.793234490800200476e+01 4.262552008797011638e+01
1.720771855483856472e+00 2.718306501958383947e+01 4.826475589302303604e+01
1.736558753240589281e+00 2.640844337492837823e+01 5.035590180975741248e+01
1.752345650997321869e+00 2.559313807294642373e+01 5.313704933579774092e+01
1.768132548754054456e+00 2.473070504501098554e+01 5.464254058575428985e+01
1.783919446510787044e+00 2.386786567015559157e+01 5.374484137852451937e+01
1.799706344267519631e+00 2.303377641342182613e+01 5.270558285529607190e+01
1.815493242024252440e+00 2.220375037466447310e+01 5.086009818443430675e+01
1.831280139780985028e+00 2.142793007355173174e+01 4.822092938394356310e+01
1.847067037537717615e+00 2.068123261082659070e+01 4.650543238348943476e+01
1.862853935294450203e+00 1.995957706121015107e+01 4.381160825288876026e+01
1.878640833051182790e+00 1.929793385073383405e+01 4.280180237217623329e+01
1.894427730807915378e+00 1.860816170550330639e+01 4.403668531958860655e+01
1.910214628564648187e+00 1.790752855336232585e+01 4.483139199795284924e+01
1.926001526321380775e+00 1.719266450197594054e+01 4.625499509092333739e+01
1.941788424078113362e+00 1.644708279688517294e+01 4.782757392144190334e+01
1.957575321834845949e+00 1.568256646307519020e+01 4.933225499600923314e+01
1.973362219591578537e+00 1.488947626542305258e+01 5.053273436602984248e+01
1.989149117348311346e+00 1.408705624146590552e+01 5.004062691335504809e+01
2.004936015105043712e+00 1.330950374389517421e+01 4.942861568895067848e+01
2.020722912861776521e+00 1.252640723718931604e+01 4.921663723102362553e+01
2.036509810618509331e+00 1.175554770410243322e+01 4.798923191159730095e+01
2.052296708375241696e+00 1.101120504196428129e+01 4.587854011384065700e+01
2.068083606131974506e+00 1.030698806009171520e+01 4.275340172312633769e+01
2.083870503888706871e+00 9.661317878453257180e+00 3.986987515639447821e+01
2.099657401645439680e+00 9.048144774756327280e+00 3.676416707656576932e+01
2.115444299402172490e+00 8.500533584954897748e+00 3.171228296623699805e+01
2.131231197158904855e+00 8.046867637115212801e+00 2.611145790583494986e+01
2.147018094915637665e+00 7.676095752477609224e+00 2.042594354667389211e+01
2.162804992672370030e+00 7.401943072402946022e+00 1.434811818918914561e+01
2.178591890429102840e+00 7.223071202769119736e+00 8.678235152863768676e+00
2.194378788185835649e+00 7.127938250268659459e+00 2.537830072505285361e+00
2.210165685942568015e+00 7.142942275011915143e+00 -3.234686671846905615e+00
2.225952583699300824e+00 7.230069585795685150e+00 -7.432314640669610561e+00
2.241739481456033189e+00 7.377608657668151437e+00 -1.137215643739568804e+01
2.257526379212765999e+00 7.589131727697154162e+00 -1.449066870780542082e+01
2.273313276969498808e+00 7.835134068301769616e+00 -1.592687957028801016e+01
2.289100174726231174e+00 8.092003766417015242e+00 -1.658455764373995578e+01
2.304887072482963983e+00 8.358771500026492163e+00 -1.671822336654748753e+01
2.320673970239696349e+00 8.619861532340822308e+00 -1.592675867274190615e+01
2.336460867996429158e+00 8.861639721551954452e+00 -1.449166060694062530e+01
2.352247765753161524e+00 9.077418260994905452e+00 -1.273047746406204261e+01
2.368034663509894333e+00 9.263589213791027177e+00 -1.034403459655212210e+01
2.383821561266627143e+00 9.404018694130652278e+00 -8.078308009749656904e+00
2.399608459023359508e+00 9.518652058985651365e+00 -6.258450900201924405e+00
2.415395356780092317e+00 9.601621743084690408e+00 -3.677696438659439959e+00
2.431182254536824683e+00 9.634770894300483945e+00 -1.503767061891126966e+00
2.446969152293557492e+00 9.649101376796725305e+00 -4.726888575818061766e-01
2.462756050050290302e+00 9.649695475631265396e+00 1.393427544538066387e+00
2.478542947807022667e+00 9.605105580442650393e+00 3.074129136804258700e+00
2.494329845563755477e+00 9.552633550883822267e+00 4.349976719826275762e+00
2.510116743320487842e+00 9.467760305002521193e+00 6.524815772463659513e+00
2.525903641077220652e+00 9.346620351921021808e+00 8.520421037053081292e+00
2.541690538833953461e+00 9.198738273489979633e+00 1.044671146946840246e+01
2.557477436590685826e+00 9.016778020195854282e+00 1.279391941665804922e+01
2.573264334347418636e+00 8.794785678012665642e+00 1.465645579488037420e+01
2.589051232104151001e+00 8.554018081976158427e+00 1.618012977435415323e+01
2.604838129860883811e+00 8.283917569135876846e+00 1.752381961396993404e+01
2.620625027617616620e+00 8.000724584869820077e+00 1.794077221982493953e+01
2.636411925374348986e+00 7.717459295713466005e+00 1.766742261761208255e+01
2.652198823131081795e+00 7.442896995891365108e+00 1.688686643767486473e+01
2.667985720887814161e+00 7.184276827947120303e+00 1.560919929301020836e+01
2.683772618644546970e+00 6.950055329284934302e+00 1.365260920856064253e+01
2.699559516401279780e+00 6.753212136570773794e+00 1.119547197760322277e+01
2.715346414158012145e+00 6.596571786387359637e+00 8.347727022535385899e+00
2.731133311914744954e+00 6.489642710559013317e+00 4.819184334138459036e+00
2.746920209671477320e+00 6.444411845679576700e+00 8.757874100276029639e-01
2.762707107428210129e+00 6.461990777961534427e+00 -3.007391188834334983e+00
2.778494005184942495e+00 6.539366600104829175e+00 -6.895161362608328126e+00
2.794280902941675304e+00 6.679697192856876242e+00 -1.138009617815070662e+01
2.810067800698408114e+00 6.898679429757327064e+00 -1.670873624604130114e+01
2.825854698455140479e+00 7.207255414377809366e+00 -2.182476516082769891e+01
2.841641596211873289e+00 7.587770102074701484e+00 -2.627147345617222385e+01
2.857428493968605654e+00 8.036745545120421497e+00 -3.043819838929459110e+01
2.873215391725338463e+00 8.548819553816576544e+00 -3.354760429012063128e+01
2.889002289482071273e+00 9.095970742943340070e+00 -3.687153355711730995e+01
2.904789187238803638e+00 9.712993814616870836e+00 -3.921354124293472410e+01
2.920576084995536448e+00 1.033409107550659733e+01 -3.900731905513506348e+01
2.936362982752268813e+00 1.094460292999220208e+01 -3.858316308561582986e+01
2.952149880509001623e+00 1.155230797703451273e+01 -3.780189694285374458e+01
2.967936778265734432e+00 1.213815229408695373e+01 -3.540071478034883512e+01
2.983723676022466798e+00 1.267004290653975396e+01 -3.472372798024734664e+01
2.999510573779199607e+00 1.323451218080047553e+01 -3.253173552607341890e+01
3.015297471535931972e+00 1.369719327173812928e+01 -2.793637690046179856e+01
3.031084369292664782e+00 1.411656963244275076e+01 -2.546083089039037972e+01
3.046871267049397591e+00 1.450108833987423473e+01 -2.067444495624113898e+01
3.062658164806129957e+00 1.476934032984550171e+01 -1.201251121449234738e+01
3.078445062562862766e+00 1.488036891256382432e+01 -1.086304575073285861e+01
3.094231960319595132e+00 1.511232791503255868e+01 -1.642479646939817073e+01
3.110018858076327941e+00 1.539896207763888825e+01 -1.498366458125156342e+01
3.125805755833060751e+00 1.558541907656334757e+01 -9.602747245557319289e+00
3.141592653589793116e+00 1.570215725553760677e+01 -7.394624376057286952e+00
