0.000000000000000000e+00 5.456625183776152426e+02 7.298247323847361656e+01
1.578689775673262907e-02 5.445103515345659844e+02 1.459649464769544238e+02
3.157379551346525814e-02 5.410538510054179824e+02 2.919298929539088476e+02
4.736069327019788722e-02 5.352930167901714640e+02 4.378948394308632714e+02
6.314759102693051629e-02 5.272278488888262018e+02 5.108773126693404834e+02
7.893448878366314536e-02 5.191626809874810533e+02 5.108773126693386644e+02
9.472138654039577443e-02 5.110975130861358480e+02 5.108773126693404834e+02
1.105082842971284035e-01 5.030323451847906426e+02 5.108773126693386644e+02
1.262951820538610326e-01 4.949671772834454941e+02 5.108773126693369022e+02
1.420820798105936755e-01 4.869020093821003456e+02 5.108773126693369022e+02
1.578689775673262907e-01 4.788368414807551972e+02 5.108773126693369022e+02
1.736558753240589059e-01 4.707716735794100487e+02 5.108773126693386644e+02
1.894427730807915489e-01 4.627065056780648433e+02 5.108773126693386644e+02
2.052296708375241918e-01 4.546413377767196948e+02 5.108773126693369022e+02
2.210165685942568070e-01 4.465761698753745463e+02 5.108773126693386644e+02
2.368034663509894222e-01 4.385110019740293410e+02 5.108773126693404834e+02
2.525903641077220652e-01 4.304458340726841357e+02 5.108773126693404834e+02
2.683772618644547081e-01 4.223806661713389303e+02 5.108773126693404834e+02
2.841641596211873511e-01 4.143154982699937250e+02 5.108773126693386644e+02
2.999510573779199385e-01 4.062503303686485765e+02 5.108773126693386644e+02
3.157379551346525814e-01 3.981851624673033712e+02 5.108773126693404834e+02
3.315248528913852244e-01 3.901199945659581658e+02 5.108773126693404834e+02
3.473117506481178118e-01 3.820548266646129605e+02 5.108773126693386644e+02
3.630986484048504548e-01 3.739896587632678120e+02 5.108773126693369022e+02
3.788855461615830977e-01 3.659244908619226635e+02 5.108773126693404834e+02
3.946724439183157407e-01 3.578593229605774013e+02 5.108773126693369022e+02
4.104593416750483836e-01 3.497941550592323665e+02 5.108773126693350832e+02
4.262462394317809711e-01 3.417289871578871612e+02 5.108773126693404834e+02
4.420331371885136140e-01 3.336638192565419558e+02 5.108773126693386644e+02
4.578200349452462570e-01 3.255986513551968073e+02 5.108773126693369022e+02
4.736069327019788444e-01 3.175334834538516589e+02 5.108773126693386644e+02
4.893938304587114874e-01 3.094683155525064535e+02 5.108773126693404834e+02
5.051807282154441303e-01 3.014031476511612482e+02 5.108773126693386644e+02
5.209676259721767178e-01 2.933379797498160997e+02 5.108773126693386644e+02
5.367545237289094162e-01 2.852728118484708943e+02 5.108773126693404834e+02
5.525414214856420037e-01 2.772076439471256890e+02 5.108773126693386644e+02
5.683283192423747021e-01 2.691424760457805405e+02 5.108773126693369022e+02
5.841152169991072896e-01 2.610773081444353920e+02 5.108773126693386644e+02
5.999021147558398770e-01 2.530121402430901867e+02 5.108773126693395739e+02
6.156890125125725755e-01 2.449469723417450098e+02 5.108773126693386644e+02
6.314759102693051629e-01 2.368818044403998329e+02 5.108773126693395739e+02
6.472628080260377503e-01 2.288166365390546275e+02 5.108773126693395739e+02
6.630497057827704488e-01 2.207514686377094506e+02 5.108773126693386644e+02
6.788366035395030362e-01 2.126863007363642737e+02 5.108773126693378117e+02
6.946235012962356237e-01 2.046211328350191252e+02 5.108773126693378117e+02
7.104103990529683221e-01 1.965559649336739483e+02 5.108773126693395739e+02
7.261972968097009096e-01 1.884907970323287429e+02 5.108773126693395739e+02
7.419841945664336080e-01 1.804256291309835660e+02 5.108773126693386644e+02
7.577710923231661955e-01 1.723604612296383891e+02 5.108773126693386644e+02
7.735579900798987829e-01 1.642952933282932122e+02 5.108773126693395739e+02
7.893448878366314814e-01 1.562301254269480069e+02 5.108773126693395739e+02
8.051317855933640688e-01 1.481649575256028299e+02 5.108773126693378117e+02
8.209186833500967673e-01 1.400997896242576815e+02 5.108773126693386644e+02
8.367055811068293547e-01 1.320346217229124761e+02 5.108773126693395739e+02
8.524924788635619421e-01 1.239694538215672992e+02 5.108773126693386644e+02
8.682793766202946406e-01 1.159042859202221223e+02 4.981805970395301415e+02
8.840662743770272280e-01 1.082400015218651390e+02 4.938824658416476723e+02
8.998531721337598155e-01 1.003105419360519477e+02 5.065791814714567067e+02
9.156400698904925139e-01 9.224537403470675656e+01 5.021476580050417624e+02
9.314269676472251014e-01 8.445583446463527366e+01 4.883225784882575908e+02
9.472138654039576888e-01 7.682717679691042179e+01 4.546252575800107252e+02
9.630007631606903873e-01 7.010158954654754382e+01 4.211749801554242367e+02
9.787876609174229747e-01 6.352908409809526802e+01 4.025259254711774588e+02
9.945745586741556732e-01 5.739231828685223036e+01 3.571281283845415828e+02
1.010361456430888261e+00 5.225319360037518379e+01 2.942038134270131877e+02
1.026148354187620848e+00 4.810318724242603139e+01 2.447177939132950257e+02
1.041935251944353436e+00 4.452652401685047323e+01 2.065162986209116980e+02
1.057722149701086245e+00 4.158268385957163815e+01 1.879234948126541269e+02
1.073509047457818832e+00 3.859306601945998239e+01 1.642990161883439839e+02
1.089295945214551420e+00 3.639514031937734728e+01 1.366669375254963370e+02
1.105082842971284007e+00 3.427797208057842937e+01 1.271037462992395888e+02
1.120869740728016595e+00 3.238199262472979001e+01 1.163534764975326254e+02
1.136656638484749404e+00 3.060425120636454821e+01 1.092068781813294578e+02
1.152443536241481992e+00 2.893391698436858306e+01 9.761736450299201806e+01
1.168230433998214579e+00 2.752210050098367589e+01 8.383768707397420883e+01
1.184017331754947167e+00 2.628684299637303212e+01 7.475270339578243295e+01
1.199804229511679754e+00 2.516187392988652149e+01 6.551923093525712716e+01
1.215591127268412341e+00 2.421815219662371632e+01 5.433184552786035937e+01
1.231378025025145151e+00 2.344641134932067672e+01 4.343631272078633998e+01
1.247164922781877738e+00 2.284670294091867859e+01 3.026963809904526670e+01
1.262951820538610326e+00 2.249068398571482419e+01 1.839549299378025182e+01
1.278738718295342913e+00 2.226588740676367806e+01 7.982626767316770788e+00
1.294525616052075501e+00 2.223864216050325027e+01 -3.965330287890870054e+00
1.310312513808808310e+00 2.239108793441689471e+01 -1.470439871257933895e+01
1.326099411565540898e+00 2.270291583860269213e+01 -2.336432273325269904e+01
1.341886309322273485e+00 2.312878828270722309e+01 -3.054423141302316225e+01
1.357673207079006072e+00 2.366731315535344748e+01 -3.551685217440909526e+01
1.373460104835738660e+00 2.425019011054398987e+01 -3.961802643522699441e+01
1.389247002592471247e+00 2.491820462066636566e+01 -4.353724989662674716e+01
1.405033900349204057e+00 2.562482633599871917e+01 -4.733760043218153868e+01
1.420820798105936644e+00 2.641283233681019027e+01 -4.875826750367545515e+01
1.436607695862669232e+00 2.716430990375060617e+01 -4.784700570202584657e+01
1.452394593619401819e+00 2.792354391077756048e+01 -4.874237931035321481e+01
1.468181491376134407e+00 2.870329182093545839e+01 -5.003569368716915022e+01
1.483968389132867216e+00 2.950336067163062381e+01 -4.849842953606363238e+01
1.499755286889599804e+00 3.023457131783133534e+01 -4.216911737817770245e+01
1.515542184646332391e+00 3.083479976071252082e+01 -3.125509557686816464e+01
1.531329082403064978e+00 3.122141331432918321e+01 -2.051065381837110735e+01
1.547115980159797566e+00 3.148239895022124557e+01 -1.352387969505660514e+01
1.562902877916530375e+00 3.164841352636960536e+01 -3.847660674826132166e+00
1.578689775673262963e+00 3.160388420157340761e+01 1.078728542660146417e+01
1.594476673429995550e+00 3.130781798216470690e+01 2.356364589372396878e+01
1.610263571186728138e+00 3.085989046457326168e+01 2.965136833299016317e+01
1.626050468943460725e+00 3.037161174172443623e+01 3.221061480524970477e+01
1.641837366700193535e+00 2.984287909934931093e+01 3.298929223913295772e+01
1.657624264456926122e+00 2.933001457443210569e+01 3.569234155584772594e+01
1.673411162213658709e+00 2.871593640566821648e+01 4.085086078224349393e+01
1.689198059970391297e+00 2.804019784954451211e+01 4.229551878412570431e+01
1.704984957727123884e+00 2.738050634444230269e+01 4.266907011061478983e+01
1.720771855483856472e+00 2.669297335512224834e+01 4.479447523956569199e+01
1.736558753240589281e+00 2.596617474309527296e+01 4.662253949592903268e+01
1.752345650997321869e+00 2.522092282675932751e+01 5.018994921009441157e+01
1.768132548754054456e+00 2.438148754990454492e+01 5.413702512390321431e+01
1.783919446510787044e+00 2.351161146578987626e+01 5.368268909252685717e+01
1.799706344267519631e+00 2.268652130188417004e+01 5.120122386625975963e+01
1.815493242024252440e+00 2.189499449339743364e+01 4.916379846969093137e+01
1.831280139780985028e+00 2.113423358233693250e+01 4.902005993533976635e+01
1.847067037537717615e+00 2.034724514494120484e+01 5.051380559555135363e+01
1.862853935294450203e+00 1.953932101385605691e+01 5.063825442684813538e+01
1.878640833051182790e+00 1.874840325450907486e+01 4.943147899228129205e+01
1.894427730807915378e+00 1.797858160422561369e+01 4.860152385489627136e+01
1.910214628564648187e+00 1.721386867867177628e+01 4.955611452451889676e+01
1.926001526321380775e+00 1.641390697778658847e+01 5.025839513750220533e+01
1.941788424078113362e+00 1.562702038776534508e+01 4.966996418097441790e+01
1.957575321834845949e+00 1.484563768557535823e+01 4.847848498743400114e+01
1.973362219591578537e+00 1.409637061596950858e+01 4.744287665743560467e+01
1.989149117348311346e+00 1.334768599942293221e+01 4.715913213405753623e+01
2.004936015105043712e+00 1.260737782137628749e+01 4.703964892750617821e+01
2.020722912861776521e+00 1.186246574316065683e+01 4.574415097798123497e+01
2.036509810618509331e+00 1.116306135246042608e+01 4.467209838043129366e+01
2.052296708375241696e+00 1.045199804373951658e+01 4.343398260626160123e+01
2.068083606131974506e+00 9.791685667314915520e+00 4.084353277725293907e+01
2.083870503888706871e+00 9.162412691783016427e+00 3.754503821770152427e+01
2.099657401645439680e+00 8.606246308083969510e+00 3.283194210285816439e+01
2.115444299402172490e+00 8.125783665517442245e+00 2.772594574009017165e+01
2.131231197158904855e+00 7.730832966868929290e+00 2.336923396109744289e+01
2.147018094915637665e+00 7.387928251123423884e+00 1.833836985712741807e+01
2.162804992672370030e+00 7.151821026949693128e+00 1.272840363468027647e+01
2.178591890429102840e+00 6.986044237549180913e+00 7.728749572982619220e+00
2.194378788185835649e+00 6.907795068357557966e+00 2.401619274365126344e+00
2.210165685942568015e+00 6.910216001679179598e+00 -1.645942157426838914e+00
2.225952583699300824e+00 6.959763709463144821e+00 -5.015132584520672232e+00
2.241739481456033189e+00 7.068562772375751813e+00 -9.554055610618343408e+00
2.257526379212765999e+00 7.261421507637083828e+00 -1.349889191284622925e+01
2.273313276969498808e+00 7.494774025290328545e+00 -1.555995317569272984e+01
2.289100174726231174e+00 7.752708287405500442e+00 -1.706986515837482443e+01
2.304887072482963983e+00 8.033734457243280502e+00 -1.769704997707580674e+01
2.320673970239696349e+00 8.311471324573266983e+00 -1.817473487692305412e+01
2.336460867996429158e+00 8.607579819758694128e+00 -1.762943910216478471e+01
2.352247765753161524e+00 8.868099629802106421e+00 -1.521123423757802229e+01
2.368034663509894333e+00 9.087856219083404241e+00 -1.236120482088477246e+01
2.383821561266627143e+00 9.258389783116783178e+00 -1.015940599466862437e+01
2.399608459023359508e+00 9.408627226497344509e+00 -7.995152177080437461e+00
2.415395356780092317e+00 9.510827083054957498e+00 -5.067725598513275642e+00
2.431182254536824683e+00 9.568634558263156009e+00 -1.690974330599032793e+00
2.446969152293557492e+00 9.564217560787810157e+00 7.940648264712500959e-01
2.462756050050290302e+00 9.543562917807717483e+00 2.271891728727084558e+00
2.478542947807022667e+00 9.492485315916248112e+00 3.902717666407604646e+00
2.494329845563755477e+00 9.420339308261775457e+00 5.791859547524714991e+00
2.510116743320487842e+00 9.309614326919991356e+00 8.089415279883533927e+00
2.525903641077220652e+00 9.164925764391231411e+00 9.825441525911035257e+00
2.541690538833953461e+00 8.999387845351366266e+00 1.060848815131447331e+01
2.557477436590685826e+00 8.829975528794609119e+00 1.227294807303240276e+01
2.573264334347418636e+00 8.611884292546063691e+00 1.486051158279967233e+01
2.589051232104151001e+00 8.360772774853810319e+00 1.633294732931036819e+01
2.604838129860883811e+00 8.096191153438219601e+00 1.745152759139811138e+01
2.620625027617616620e+00 7.809761811285409472e+00 1.790561222198509128e+01
2.636411925374348986e+00 7.530843014597857987e+00 1.765621127057200113e+01
2.652198823131081795e+00 7.252288207085828553e+00 1.791384371747754045e+01
2.667985720887814161e+00 6.965234976202047790e+00 1.624378992994673965e+01
2.683772618644546970e+00 6.739410105474004098e+00 1.329370986742393512e+01
2.699559516401279780e+00 6.545502099232669124e+00 1.110777465203399039e+01
2.715346414158012145e+00 6.388695500001030148e+00 8.028527676087689358e+00
2.731133311914744954e+00 6.292011008113679971e+00 4.364674062108170993e+00
2.746920209671477320e+00 6.250886173681100999e+00 6.958793118964967661e-01
2.762707107428210129e+00 6.270039457017809070e+00 -3.931203440522558434e+00
2.778494005184942495e+00 6.375009187233991348e+00 -7.952468146234026314e+00
2.794280902941675304e+00 6.521129060094348340e+00 -1.171692147554828978e+01
2.810067800698408114e+00 6.744956869950282652e+00 -1.644714823197153564e+01
2.825854698455140479e+00 7.040427955150269312e+00 -2.120067169396380535e+01
2.841641596211873289e+00 7.414342542763606936e+00 -2.503342940146362494e+01
2.857428493968605654e+00 7.830828336072850782e+00 -2.844788445515681019e+01
2.873215391725338463e+00 8.312550229341415076e+00 -3.173168501202501091e+01
2.889002289482071273e+00 8.832718069940218797e+00 -3.439083073685756631e+01
2.904789187238803638e+00 9.398399286565151556e+00 -3.694346568575174672e+01
2.920576084995536448e+00 9.999163501060865045e+00 -3.856324680797828819e+01
2.936362982752268813e+00 1.061598735561554996e+01 -3.879049378474888243e+01
2.952149880509001623e+00 1.122392661968687122e+01 -3.902949594910547404e+01
2.967936778265734432e+00 1.184829667970622680e+01 -3.773933774606734204e+01
2.983723676022466798e+00 1.241550075249480223e+01 -3.513512681543489435e+01
2.999510573779199607e+00 1.295764598911643795e+01 -3.264090282261475551e+01
3.015297471535931972e+00 1.344609794359093158e+01 -2.905901042476579832e+01
3.031084369292664782e+00 1.387514924209164846e+01 -2.318562861734660885e+01
3.046871267049397591e+00 1.417815624040618161e+01 -1.376269666456116525e+01
3.062658164806129957e+00 1.430968981229235304e+01 -3.620608464550862937e+00
3.078445062562862766e+00 1.429247259170023199e+01 3.007061145497366805e+00
3.094231960319595132e+00 1.421474547858793258e+01 6.200960133236811167e+00
3.110018858076327941e+00 1.409668474446626263e+01 6.586233491411103813e+00
3.125805755833060751e+00 1.400679308912618204e+01 4.040217244885624837e+00
3.141592653589793116e+00 1.396911975134626793e+01 2.386367376316704370e+00
