0.000000000000000000e+00 2.716489565790217284e+02 3.144783965152088356e+01
1.578689775673262907e-02 2.711524927497730459e+02 6.289567930304357191e+01
3.157379551346525814e-02 2.696631012620269416e+02 1.257913586060889486e+02
4.736069327019788722e-02 2.671807821157834155e+02 1.886870379091343182e+02
6.314759102693051629e-02 2.637055353110424676e+02 2.201348775606570030e+02
7.893448878366314536e-02 2.602302885063015196e+02 2.201348775606552124e+02
9.472138654039577443e-02 2.567550417015606286e+02 2.201348775606560935e+02
1.105082842971284035e-01 2.532797948968196522e+02 2.201348775606570030e+02
1.262951820538610326e-01 2.498045480920787327e+02 2.201348775606560935e+02
1.420820798105936755e-01 2.463293012873377847e+02 2.201348775606560935e+02
1.578689775673262907e-01 2.428540544825968652e+02 2.201348775606552124e+02
1.736558753240589059e-01 2.393788076778559457e+02 2.201348775606560935e+02
1.894427730807915489e-01 2.359035608731149978e+02 2.201348775606570030e+02
2.052296708375241918e-01 2.324283140683740498e+02 2.201348775606560935e+02
2.210165685942568070e-01 2.289530672636331303e+02 2.201348775606560935e+02
2.368034663509894222e-01 2.254778204588921824e+02 2.201348775606560935e+02
2.525903641077220652e-01 2.220025736541512629e+02 2.201348775606560935e+02
2.683772618644547081e-01 2.185273268494103149e+02 2.201348775606570030e+02
2.841641596211873511e-01 2.150520800446693670e+02 2.201348775606560935e+02
2.999510573779199385e-01 2.115768332399284475e+02 2.201348775606560935e+02
3.157379551346525814e-01 2.081015864351874995e+02 2.201348775606570030e+02
3.315248528913852244e-01 2.046263396304465516e+02 2.201348775606560935e+02
3.473117506481178118e-01 2.011510928257056321e+02 2.201348775606543029e+02
3.630986484048504548e-01 1.976758460209647410e+02 2.201348775606552124e+02
3.788855461615830977e-01 1.942005992162237931e+02 2.201348775606570030e+02
3.946724439183157407e-01 1.907253524114828451e+02 2.201348775606579125e+02
4.104593416750483836e-01 1.872501056067418688e+02 2.201348775606570030e+02
4.262462394317809711e-01 1.837748588020009493e+02 2.201348775606543029e+02
4.420331371885136140e-01 1.802996119972600582e+02 2.201348775606552124e+02
4.578200349452462570e-01 1.768243651925191102e+02 2.201348775606570030e+02
4.736069327019788444e-01 1.733491183877781623e+02 2.201348775606570030e+02
4.893938304587114874e-01 1.698738715830372144e+02 2.201348775606560935e+02
5.051807282154441303e-01 1.663986247782962948e+02 2.201348775606552124e+02
5.209676259721767178e-01 1.629233779735553753e+02 2.201348775606560935e+02
5.367545237289094162e-01 1.594481311688144274e+02 2.201348775606560935e+02
5.525414214856420037e-01 1.559728843640735079e+02 2.201348775606560935e+02
5.683283192423747021e-01 1.524976375593325599e+02 2.201348775606570030e+02
5.841152169991072896e-01 1.490223907545916120e+02 2.201348775606560935e+02
5.999021147558398770e-01 1.455471439498506925e+02 2.201348775606560935e+02
6.156890125125725755e-01 1.420718971451097445e+02 2.201348775606560935e+02
6.314759102693051629e-01 1.385966503403688250e+02 2.201348775606552124e+02
6.472628080260377503e-01 1.351214035356279055e+02 2.201348775606560935e+02
6.630497057827704488e-01 1.316461567308869576e+02 2.201348775606560935e+02
6.788366035395030362e-01 1.281709099261460381e+02 2.201348775606560935e+02
6.946235012962356237e-01 1.246956631214050901e+02 2.201348775606565482e+02
7.104103990529683221e-01 1.212204163166641564e+02 2.201348775606560935e+02
7.261972968097009096e-01 1.177451695119232227e+02 2.201348775606560935e+02
7.419841945664336080e-01 1.142699227071822889e+02 2.201348775606560935e+02
7.577710923231661955e-01 1.107946759024413552e+02 2.201348775606565482e+02
7.735579900798987829e-01 1.073194290977004073e+02 2.201348775606565482e+02
7.893448878366314814e-01 1.038441822929594736e+02 2.201348775606560935e+02
8.051317855933640688e-01 1.003689354882185398e+02 2.201348775606556387e+02
8.209186833500967673e-01 9.689368868347762032e+01 2.201348775606560935e+02
8.367055811068293547e-01 9.341844187873667238e+01 2.201348775606565482e+02
8.524924788635619421e-01 8.994319507399573865e+01 2.201348775606556387e+02
8.682793766202946406e-01 8.646794826925481914e+01 2.201348775606556387e+02
8.840662743770272280e-01 8.299270146451388541e+01 2.201348775606565482e+02
8.998531721337598155e-01 7.951745465977293748e+01 2.201348775606565482e+02
9.156400698904925139e-01 7.604220785503200375e+01 2.281396332522944306e+02
9.314269676472251014e-01 7.231422053094803459e+01 2.330285477451813847e+02
9.472138654039576888e-01 6.868461213972587132e+01 2.250237920535430476e+02
9.630007631606903873e-01 6.520936533498493759e+01 2.264287794904292923e+02
9.787876609174229747e-01 6.153539615773154026e+01 2.335332014559239155e+02
9.945745586741556732e-01 5.783583578661070845e+01 2.345270580395668389e+02
1.010361456430888261e+00 5.413048678481565901e+01 2.382240465807629164e+02
1.026148354187620848e+00 5.031419845347947728e+01 2.300546853798173288e+02
1.041935251944353436e+00 4.686678719171872132e+01 2.161031378760966675e+02
1.057722149701086245e+00 4.349100216836141186e+01 2.099808020731350382e+02
1.073509047457818832e+00 4.023689628530813422e+01 1.913946453430988015e+02
1.089295945214551420e+00 3.744794677392620486e+01 1.687876304299456365e+02
1.105082842971284007e+00 3.490763015691068460e+01 1.539084972156096569e+02
1.120869740728016595e+00 3.258847135505580894e+01 1.322851475507060570e+02
1.136656638484749404e+00 3.073088595867611161e+01 1.110024951442085239e+02
1.152443536241481992e+00 2.908370127188814891e+01 9.802202823099656825e+01
1.168230433998214579e+00 2.763595848349550721e+01 8.782198417571470372e+01
1.184017331754947167e+00 2.631082790193735121e+01 7.988483426163919887e+01
1.199804229511679754e+00 2.511369106189144773e+01 6.838217073699630077e+01
1.215591127268412341e+00 2.415174322632056203e+01 5.108336961474027049e+01
1.231378025025145151e+00 2.350079519553687390e+01 3.613099584618213100e+01
1.247164922781877738e+00 2.301095055177534476e+01 2.435829974490317085e+01
1.262951820538610326e+00 2.273171122033560820e+01 1.191657965535811137e+01
1.278738718295342913e+00 2.263469890251714745e+01 1.554625079434085455e+00
1.294525616052075501e+00 2.268262580597745171e+01 -9.827080939542311100e+00
1.310312513808808310e+00 2.294497714659652843e+01 -2.045697393278647525e+01
1.326099411565540898e+00 2.332853011775554108e+01 -2.446372571108622651e+01
1.341886309322273485e+00 2.371738981969586746e+01 -2.728190808991292826e+01
1.357673207079006072e+00 2.418992350500360544e+01 -3.238776999081618868e+01
1.373460104835738660e+00 2.473999464652304425e+01 -3.716755583595195134e+01
1.389247002592471247e+00 2.536344431270325472e+01 -4.179684432277219486e+01
1.405033900349204057e+00 2.605967966227839483e+01 -4.404348262343600595e+01
1.420820798105936644e+00 2.675406422675648344e+01 -4.721178112307698882e+01
1.436607695862669232e+00 2.755033478528490676e+01 -5.478653824142797646e+01
1.452394593619401819e+00 2.848388318208197489e+01 -5.944066016256832086e+01
1.468181491376134407e+00 2.942710203444321948e+01 -5.760993177792203568e+01
1.483968389132867216e+00 3.030284738758276930e+01 -5.238724636949871183e+01
1.499755286889599804e+00 3.108116623882729712e+01 -4.575673490334516202e+01
1.515542184646332391e+00 3.174756117878482797e+01 -3.876656684751105786e+01
1.531329082403064978e+00 3.230517389322969279e+01 -2.574814591227704241e+01
1.547115980159797566e+00 3.256052787266992965e+01 -8.280576168900458001e+00
1.562902877916530375e+00 3.256662311192022941e+01 5.702922320864690420e+00
1.578689775673262963e+00 3.238046496948177122e+01 1.494209306201554632e+01
1.594476673429995550e+00 3.209484452103698260e+01 2.135912138087645573e+01
1.610263571186728138e+00 3.170607643865469427e+01 2.797178329698479970e+01
1.626050468943460725e+00 3.121166915507102146e+01 3.444379934296902235e+01
1.641837366700193535e+00 3.061855496149296130e+01 3.740840920333781838e+01
1.657624264456926122e+00 3.003054369240080135e+01 3.677389512949797279e+01
1.673411162213658709e+00 2.945746351644057626e+01 3.740141545242991583e+01
1.689198059970391297e+00 2.884963904899161946e+01 4.132042285436167361e+01
1.704984957727123884e+00 2.815282093470704439e+01 4.569096100020640705e+01
1.720771855483856472e+00 2.740700198955738642e+01 4.724968970701097959e+01
1.736558753240589281e+00 2.666096889382319546e+01 4.897999817913767373e+01
1.752345650997321869e+00 2.586051754279939274e+01 5.084169398284658570e+01
1.768132548754054456e+00 2.505570364445062026e+01 5.360683820065287364e+01
1.783919446510787044e+00 2.416794619532856103e+01 5.592255311761605441e+01
1.799706344267519631e+00 2.329001638772411198e+01 5.473808106670222173e+01
1.815493242024252440e+00 2.243965721692902093e+01 5.365569923067756264e+01
1.831280139780985028e+00 2.159590231208270339e+01 5.480924884412967657e+01
1.847067037537717615e+00 2.070912120167783854e+01 5.448339380154707356e+01
1.862853935294450203e+00 1.987565477731305563e+01 5.254093144931265869e+01
1.878640833051182790e+00 1.905020457601024475e+01 5.054217758866668220e+01
1.894427730807915378e+00 1.827984639732324723e+01 4.876294216998149267e+01
1.910214628564648187e+00 1.751057341130031730e+01 4.882928618710224811e+01
1.926001526321380775e+00 1.673812050018320718e+01 4.841825897719749605e+01
1.941788424078113362e+00 1.598182520323627998e+01 4.661340031930420480e+01
1.957575321834845949e+00 1.526635853031419998e+01 4.610532370567403859e+01
1.973362219591578537e+00 1.452610514047120560e+01 4.672044184855301552e+01
1.989149117348311346e+00 1.379121685308924228e+01 4.712918279372657793e+01
2.004936015105043712e+00 1.303805796022535723e+01 4.788766611187293165e+01
2.020722912861776521e+00 1.227922147565586641e+01 4.776751863679029952e+01
2.036509810618509331e+00 1.152985609460169947e+01 4.732016553695308403e+01
2.052296708375241696e+00 1.078514424532878380e+01 4.644719793307226752e+01
2.068083606131974506e+00 1.006334176488942944e+01 4.376551238551169831e+01
2.083870503888706871e+00 9.403300906726606456e+00 4.030863433759858339e+01
2.099657401645439680e+00 8.790645186887047657e+00 3.662803362711294852e+01
2.115444299402172490e+00 8.246814862923812939e+00 3.151586857421214205e+01
2.131231197158904855e+00 7.795569597095627579e+00 2.526876111982641859e+01
2.147018094915637665e+00 7.448984166447812250e+00 1.878451107151929378e+01
2.162804992672370030e+00 7.202471285703053283e+00 1.278224932494675592e+01
2.178591890429102840e+00 7.045400040059814017e+00 6.818340987548960896e+00
2.194378788185835649e+00 6.987190381621103619e+00 9.339523053274249031e-01
2.210165685942568015e+00 7.015911620952076433e+00 -4.137292316876305165e+00
2.225952583699300824e+00 7.117820403213586999e+00 -8.667676014680653296e+00
2.241739481456033189e+00 7.289583051016570892e+00 -1.190330478514667867e+01
2.257526379212765999e+00 7.493652914434260737e+00 -1.416020870397603559e+01
2.273313276969498808e+00 7.736674585063901155e+00 -1.668819538489015386e+01
2.289100174726231174e+00 8.020562583005537149e+00 -1.773505583390520712e+01
2.304887072482963983e+00 8.296637611383513189e+00 -1.780687845026161753e+01
2.320673970239696349e+00 8.582793321927228547e+00 -1.786943036148018749e+01
2.336460867996429158e+00 8.860843351558996162e+00 -1.624368488148151002e+01
2.352247765753161524e+00 9.095668106760292915e+00 -1.478828203184145273e+01
2.368034663509894333e+00 9.327765544427810696e+00 -1.316231573485607065e+01
2.383821561266627143e+00 9.511252372256304710e+00 -9.238141538682521414e+00
2.399608459023359508e+00 9.619448736294621938e+00 -5.114738881868087894e+00
2.415395356780092317e+00 9.672744091817177647e+00 -1.652514889401933917e+00
2.431182254536824683e+00 9.671624903495555259e+00 1.217432069925736826e+00
2.446969152293557492e+00 9.634305140589807692e+00 2.679060485668889324e+00
2.462756050050290302e+00 9.587036795552840829e+00 4.622201403789707896e+00
2.478542947807022667e+00 9.488364698644499384e+00 6.866581368083896741e+00
2.494329845563755477e+00 9.370232759560389368e+00 7.096807411907134266e+00
2.510116743320487842e+00 9.264291552622498926e+00 6.157231751456131441e+00
2.525903641077220652e+00 9.175825583310897926e+00 6.302095011605881147e+00
2.541690538833953461e+00 9.065310493419625359e+00 7.720178974654817061e+00
2.557477436590685826e+00 8.932070231037792851e+00 9.559351349547391408e+00
2.573264334347418636e+00 8.763485488667647871e+00 1.136952354958389222e+01
2.589051232104151001e+00 8.573091219397703355e+00 1.252530738536901467e+01
2.604838129860883811e+00 8.368013994538710421e+00 1.408999432339842706e+01
2.620625027617616620e+00 8.128216619844835122e+00 1.608612557367310814e+01
2.636411925374348986e+00 7.860113955071631686e+00 1.657486903345420259e+01
2.652198823131081795e+00 7.604885094320084526e+00 1.600649170943231070e+01
2.667985720887814161e+00 7.354728258950038899e+00 1.542977353559537335e+01
2.683772618644546970e+00 7.117708579888118336e+00 1.423755519803810898e+01
2.699559516401279780e+00 6.905194602515509317e+00 1.282606193533657724e+01
2.715346414158012145e+00 6.712741123098760809e+00 1.065506695475371934e+01
2.731133311914744954e+00 6.568773697303834425e+00 7.634230225572983031e+00
2.746920209671477320e+00 6.471699499053803706e+00 4.869140217061778131e+00
2.762707107428210129e+00 6.415036459763935994e+00 1.508193271607626063e+00
2.778494005184942495e+00 6.424080113101280354e+00 -3.018795233535375377e+00
2.794280902941675304e+00 6.510351283164605540e+00 -8.221046270213284046e+00
2.810067800698408114e+00 6.683649746943730818e+00 -1.468278115200571321e+01
2.825854698455140479e+00 6.973942412826995785e+00 -2.095136452060387811e+01
2.841641596211873289e+00 7.345163846045348777e+00 -2.581964477846208439e+01
2.857428493968605654e+00 7.789166597292468630e+00 -3.078954062715998674e+01
2.873215391725338463e+00 8.317306505760829083e+00 -3.485366741336554242e+01
2.889002289482071273e+00 8.889629165096399888e+00 -3.779874032692315922e+01
2.904789187238803638e+00 9.510756203509673767e+00 -3.948879979964222997e+01
2.920576084995536448e+00 1.013644045504247160e+01 -3.770460255893684121e+01
2.936362982752268813e+00 1.070123361462202460e+01 -3.593318169527053385e+01
2.952149880509001623e+00 1.127098738603713635e+01 -3.477691971636348711e+01
2.967936778265734432e+00 1.179927296633468359e+01 -3.125282157675287564e+01
2.983723676022466798e+00 1.225775758372034652e+01 -2.984263917301312929e+01
2.999510573779199607e+00 1.274151835316552805e+01 -2.868809649347721447e+01
3.015297471535931972e+00 1.316354967607595583e+01 -2.595037161460018282e+01
3.031084369292664782e+00 1.356087008002334748e+01 -2.683121953335657750e+01
3.046871267049397591e+00 1.401071311499905114e+01 -2.776589635407062318e+01
3.062658164806129957e+00 1.443754481375484389e+01 -2.663024672774380264e+01
3.078445062562862766e+00 1.485153107965396124e+01 -2.585486203286734153e+01
3.094231960319595132e+00 1.525388094060945399e+01 -2.274278097635759011e+01
3.110018858076327941e+00 1.556960699560900352e+01 -1.972631125222018511e+01
3.125805755833060751e+00 1.587671545832202291e+01 -2.002810620622967619e+01
3.141592653589793116e+00 1.620197032548646376e+01 -2.060283610981958802e+01
