0.000000000000000000e+00 3.631232000342890274e+02 2.752580202363153816e+01
1.578689775673262907e-02 3.626886530120698922e+02 5.505160404725408085e+01
3.157379551346525814e-02 3.613850119454127707e+02 1.101032080945117571e+02
4.736069327019788722e-02 3.592122768343172652e+02 1.651548121417676214e+02
6.314759102693051629e-02 3.561704476787838303e+02 1.926806141653919724e+02
7.893448878366314536e-02 3.531286185232502817e+02 1.926806141653955819e+02
9.472138654039577443e-02 3.500867893677167331e+02 1.926806141653937630e+02
1.105082842971284035e-01 3.470449602121832413e+02 1.926806141653937630e+02
1.262951820538610326e-01 3.440031310566496927e+02 1.926806141653955819e+02
1.420820798105936755e-01 3.409613019011161441e+02 1.926806141653937630e+02
1.578689775673262907e-01 3.379194727455826524e+02 1.926806141653955819e+02
1.736558753240589059e-01 3.348776435900490469e+02 1.926806141653955819e+02
1.894427730807915489e-01 3.318358144345155551e+02 1.926806141653937630e+02
2.052296708375241918e-01 3.287939852789820065e+02 1.926806141653955819e+02
2.210165685942568070e-01 3.257521561234484579e+02 1.926806141653937630e+02
2.368034663509894222e-01 3.227103269679149662e+02 1.926806141653937630e+02
2.525903641077220652e-01 3.196684978123814176e+02 1.926806141653937630e+02
2.683772618644547081e-01 3.166266686568479258e+02 1.926806141653937630e+02
2.841641596211873511e-01 3.135848395013143772e+02 1.926806141653955819e+02
2.999510573779199385e-01 3.105430103457808286e+02 1.926806141653955819e+02
3.157379551346525814e-01 3.075011811902472800e+02 1.926806141653955819e+02
3.315248528913852244e-01 3.044593520347137314e+02 1.926806141653937630e+02
3.473117506481178118e-01 3.014175228791802397e+02 1.926806141653937630e+02
3.630986484048504548e-01 2.983756937236466911e+02 1.926806141653955819e+02
3.788855461615830977e-01 2.953338645681131425e+02 1.926806141653937630e+02
3.946724439183157407e-01 2.922920354125796507e+02 1.926806141653937630e+02
4.104593416750483836e-01 2.892502062570461021e+02 1.926806141653955819e+02
4.262462394317809711e-01 2.862083771015125535e+02 1.926806141653937630e+02
4.420331371885136140e-01 2.831665479459790618e+02 1.926806141653937630e+02
4.578200349452462570e-01 2.801247187904455132e+02 1.926806141653937630e+02
4.736069327019788444e-01 2.770828896349120214e+02 1.926806141653955819e+02
4.893938304587114874e-01 2.740410604793784159e+02 1.926806141653955819e+02
5.051807282154441303e-01 2.709992313238449242e+02 1.926806141653955819e+02
5.209676259721767178e-01 2.679574021683113187e+02 1.926806141653955819e+02
5.367545237289094162e-01 2.649155730127778270e+02 1.926806141653937630e+02
5.525414214856420037e-01 2.618737438572442784e+02 1.926806141653955819e+02
5.683283192423747021e-01 2.588319147017107298e+02 1.926806141653937630e+02
5.841152169991072896e-01 2.557900855461772380e+02 1.926806141653919724e+02
5.999021147558398770e-01 2.527482563906437463e+02 1.926806141653937630e+02
6.156890125125725755e-01 2.497064272351101977e+02 1.926806141653946725e+02
6.314759102693051629e-01 2.466645980795766775e+02 1.926806141653946725e+02
6.472628080260377503e-01 2.436227689240431289e+02 1.926806141653946725e+02
6.630497057827704488e-01 2.405809397685096087e+02 1.926806141653946725e+02
6.788366035395030362e-01 2.375391106129760601e+02 1.926806141653955819e+02
6.946235012962356237e-01 2.344972814574425115e+02 1.926806141653955819e+02
7.104103990529683221e-01 2.314554523019089629e+02 1.926806141653955819e+02
7.261972968097009096e-01 2.284136231463754143e+02 1.926806141653955819e+02
7.419841945664336080e-01 2.253717939908418657e+02 1.926806141653937630e+02
7.577710923231661955e-01 2.223299648353083739e+02 1.926806141653937630e+02
7.735579900798987829e-01 2.192881356797748253e+02 1.926806141653946725e+02
7.893448878366314814e-01 2.162463065242413052e+02 1.926806141653937630e+02
8.051317855933640688e-01 2.132044773687077850e+02 1.926806141653937630e+02
8.209186833500967673e-01 2.101626482131742648e+02 1.926806141653946725e+02
8.367055811068293547e-01 2.071208190576407162e+02 1.926806141653946725e+02
8.524924788635619421e-01 2.040789899021071960e+02 1.926806141653946725e+02
8.682793766202946406e-01 2.010371607465736474e+02 1.926806141653955819e+02
8.840662743770272280e-01 1.979953315910400988e+02 1.926806141653946725e+02
8.998531721337598155e-01 1.949535024355065786e+02 1.926806141653946725e+02
9.156400698904925139e-01 1.919116732799730300e+02 1.926806141653946725e+02
9.314269676472251014e-01 1.888698441244395099e+02 1.926806141653946725e+02
9.472138654039576888e-01 1.858280149689059613e+02 1.926806141653937630e+02
9.630007631606903873e-01 1.827861858133724695e+02 1.926806141653937630e+02
9.787876609174229747e-01 1.797443566578389209e+02 1.926806141653946725e+02
9.945745586741556732e-01 1.767025275023054007e+02 1.926806141653946725e+02
1.010361456430888261e+00 1.736606983467718521e+02 1.926806141653946725e+02
1.026148354187620848e+00 1.706188691912383320e+02 1.926806141653955819e+02
1.041935251944353436e+00 1.675770400357047549e+02 1.926806141653955819e+02
1.057722149701086245e+00 1.645352108801712347e+02 1.926806141653937630e+02
1.073509047457818832e+00 1.614933817246377146e+02 1.926806141653946725e+02
1.089295945214551420e+00 1.584515525691041660e+02 1.926806141653946725e+02
1.105082842971284007e+00 1.554097234135706458e+02 1.926806141653946725e+02
1.120869740728016595e+00 1.523678942580370972e+02 1.926806141653955819e+02
1.136656638484749404e+00 1.493260651025035486e+02 1.926806141653937630e+02
1.152443536241481992e+00 1.462842359469700568e+02 1.926806141653928819e+02
1.168230433998214579e+00 1.432424067914365367e+02 1.926806141653955819e+02
1.184017331754947167e+00 1.402005776359029596e+02 1.926806141653955819e+02
1.199804229511679754e+00 1.371587484803694394e+02 1.926806141653937630e+02
1.215591127268412341e+00 1.341169193248359193e+02 1.926806141653946725e+02
1.231378025025145151e+00 1.310750901693023707e+02 1.926806141653937630e+02
1.247164922781877738e+00 1.280332610137688789e+02 1.926806141653937630e+02
1.262951820538610326e+00 1.249914318582353303e+02 1.926806141653955819e+02
1.278738718295342913e+00 1.219496027027017817e+02 1.926806141653951272e+02
1.294525616052075501e+00 1.189077735471682473e+02 1.926806141653942177e+02
1.310312513808808310e+00 1.158659443916347271e+02 1.926806141653942177e+02
1.326099411565540898e+00 1.128241152361011927e+02 1.926806141653946725e+02
1.341886309322273485e+00 1.097822860805676584e+02 1.926806141653946725e+02
1.357673207079006072e+00 1.067404569250341240e+02 1.926806141653946725e+02
1.373460104835738660e+00 1.036986277695005896e+02 1.926806141653946725e+02
1.389247002592471247e+00 1.006567986139670552e+02 1.926806141653942177e+02
1.405033900349204057e+00 9.761496945843353501e+01 1.926806141653942177e+02
1.420820798105936644e+00 9.457314030290000062e+01 1.926806141653942177e+02
1.436607695862669232e+00 9.153131114736648044e+01 1.926806141653946725e+02
1.452394593619401819e+00 8.848948199183293184e+01 1.926806141653951272e+02
1.468181491376134407e+00 8.544765283629939745e+01 1.926806141653946725e+02
1.483968389132867216e+00 8.240582368076586306e+01 1.926806141653942177e+02
1.499755286889599804e+00 7.936399452523234288e+01 1.926806141653946725e+02
1.515542184646332391e+00 7.632216536969879428e+01 1.926806141653951272e+02
1.531329082403064978e+00 7.328033621416525989e+01 1.926806141653946725e+02
1.547115980159797566e+00 7.023850705863172550e+01 1.926806141653942177e+02
1.562902877916530375e+00 6.719667790309820532e+01 1.926806141653946725e+02
1.578689775673262963e+00 6.415484874756465672e+01 1.927102778868183464e+02
1.594476673429995550e+00 6.111208299575673664e+01 1.926820326020295511e+02
1.610263571186728138e+00 5.807114565106932957e+01 1.926523688806065309e+02
1.626050468943460725e+00 5.502931649553578808e+01 1.933567443320566213e+02
1.641837366700193535e+00 5.196613934437959159e+01 1.793387599299409203e+02
1.657624264456926122e+00 4.936691116186939610e+01 1.640136365269745795e+02
1.673411162213658709e+00 4.678760632325708002e+01 1.775265920493008025e+02
1.689198059970391297e+00 4.376172284630240483e+01 1.913246152569185483e+02
1.704984957727123884e+00 4.074676204444271832e+01 1.909212266625784480e+02
1.720771855483856472e+00 3.773361507647820190e+01 1.670915236063716804e+02
1.736558753240589281e+00 3.547104844606178631e+01 1.355613431682220096e+02
1.752345650997321869e+00 3.345342894775406961e+01 1.413132262252226781e+02
1.768132548754054456e+00 3.100925353787854988e+01 1.330423248559841340e+02
1.783919446510787044e+00 2.925277778811521046e+01 9.001992817189116636e+01
1.799706344267519631e+00 2.816698273364242766e+01 6.175557415150426976e+01
1.815493242024252440e+00 2.730291991803897389e+01 4.792708005485848588e+01
1.831280139780985028e+00 2.665374290843284655e+01 5.703474355343917068e+01
1.847067037537717615e+00 2.550211658791975466e+01 6.675647519198606972e+01
1.862853935294450203e+00 2.454598761152136177e+01 5.368585695722925522e+01
1.878640833051182790e+00 2.380705031838705210e+01 6.300219128765311183e+01
1.894427730807915378e+00 2.255676930690477988e+01 7.705393334187127152e+01
1.910214628564648187e+00 2.137416518354262607e+01 7.323613670108181850e+01
1.926001526321380775e+00 2.024442650250863451e+01 6.876683061175235423e+01
1.941788424078113362e+00 1.920293533569805433e+01 6.246584766141781131e+01
1.957575321834845949e+00 1.827214260187175654e+01 6.429601580824754592e+01
1.973362219591578537e+00 1.717286608023791672e+01 6.790387272797742924e+01
1.989149117348311346e+00 1.612815960978622698e+01 6.267723236933615993e+01
2.004936015105043712e+00 1.519390796205855132e+01 5.941160791797997831e+01
2.020722912861776521e+00 1.425230965025775376e+01 5.825980829134852002e+01
2.036509810618509331e+00 1.335442468841382535e+01 5.664508655275687232e+01
2.052296708375241696e+00 1.246380927059846755e+01 5.898848080749255729e+01
2.068083606131974506e+00 1.149193445774808531e+01 5.880314243130774088e+01
2.083870503888706871e+00 1.060717087592318464e+01 5.493424104157249133e+01
2.099657401645439680e+00 9.757451964414064705e+00 5.197017496802772740e+01
2.115444299402172490e+00 8.966275198683666403e+00 4.701878485529463347e+01
2.131231197158904855e+00 8.272890466101374685e+00 4.253508164357667454e+01
2.147018094915637665e+00 7.623281228720826697e+00 3.878107453498542156e+01
2.162804992672370030e+00 7.048424748941290119e+00 3.252246878311149914e+01
2.178591890429102840e+00 6.596423449769806879e+00 2.626282520141054633e+01
2.194378788185835649e+00 6.219207676426071529e+00 2.128691556044721978e+01
2.210165685942568015e+00 5.924314730751844671e+00 1.715902987664138379e+01
2.225952583699300824e+00 5.677431975891555460e+00 1.419581102379348003e+01
2.241739481456033189e+00 5.476099096338793437e+00 1.068123015138474052e+01
2.257526379212765999e+00 5.340184999259474097e+00 7.260962692786083750e+00
2.273313276969498808e+00 5.246842945045865569e+00 4.175619013803040680e+00
2.289100174726231174e+00 5.208344858375519415e+00 1.561814204128805228e+00
2.304887072482963983e+00 5.197530542734677184e+00 4.999763459684657962e-01
2.320673970239696349e+00 5.192558707466341517e+00 -3.290798950978980342e-01
2.336460867996429158e+00 5.207920844050090814e+00 -1.023604660218146112e+00
2.352247765753161524e+00 5.224877791694699347e+00 -7.820310485423254132e-01
2.368034663509894333e+00 5.232612532461947019e+00 -2.424728152512919677e-01
2.383821561266627143e+00 5.232533578781017880e+00 9.263849879929314524e-01
2.399608459023359508e+00 5.203363042284314233e+00 2.437288430604171108e+00
2.415395356780092317e+00 5.155579132265787123e+00 3.116303418758707977e+00
2.431182254536824683e+00 5.104969515382514089e+00 3.488038555298742516e+00
2.446969152293557492e+00 5.045448516177701848e+00 3.573220858326386917e+00
2.462756050050290302e+00 4.992149370677267939e+00 3.492021190800694175e+00
2.478542947807022667e+00 4.935192153170673279e+00 3.424268266102430402e+00
2.494329845563755477e+00 4.884032224660101562e+00 3.572536984603262855e+00
2.510116743320487842e+00 4.822393600954518078e+00 3.765140154578456855e+00
2.525903641077220652e+00 4.765152459339904389e+00 3.770687109757896671e+00
2.541690538833953461e+00 4.703338697205762919e+00 3.705067137153149393e+00
2.557477436590685826e+00 4.648169427187770708e+00 4.138529342362146757e+00
2.573264334347418636e+00 4.572669618023544658e+00 4.452699956732614872e+00
2.589051232104151001e+00 4.507580789271079524e+00 3.725965065818146460e+00
2.604838129860883811e+00 4.455026758945087373e+00 2.687161230899603126e+00
2.620625027617616620e+00 4.422736910054943849e+00 1.595497320109274364e+00
2.636411925374348986e+00 4.404650852817675322e+00 3.477766821959598076e-01
2.652198823131081795e+00 4.411756280206937220e+00 -8.356367936957569409e-01
2.667985720887814161e+00 4.431035078065352906e+00 -2.366362161323860569e+00
2.683772618644546970e+00 4.486471315199378473e+00 -3.988840764773297742e+00
2.699559516401279780e+00 4.556977920708079388e+00 -5.218400399971560688e+00
2.715346414158012145e+00 4.651236022335465847e+00 -7.502132929350318058e+00
2.731133311914744954e+00 4.793848731734220436e+00 -1.082475829820977964e+01
2.746920209671477320e+00 4.993014727325827629e+00 -1.393803473318096842e+01
2.762707107428210129e+00 5.233925390259252630e+00 -1.728762349327428538e+01
2.778494005184942495e+00 5.538850616416247874e+00 -2.123657886578130061e+01
2.794280902941675304e+00 5.904444788773009378e+00 -2.616881787082769151e+01
2.810067800698408114e+00 6.365099520698876745e+00 -3.081658023891335674e+01
2.825854698455140479e+00 6.877441191660754072e+00 -3.470521583919939701e+01
2.841641596211873289e+00 7.460874908856434118e+00 -3.748253007295625849e+01
2.857428493968605654e+00 8.060906931511587104e+00 -4.188628622139901125e+01
2.873215391725338463e+00 8.783383944829363799e+00 -4.776715315611295409e+01
2.889002289482071273e+00 9.569097257523074163e+00 -5.365468165251207466e+01
2.904789187238803638e+00 1.047746589166585629e+01 -5.900611199017397723e+01
2.920576084995536448e+00 1.143214417154545792e+01 -6.319852169182254897e+01
2.936362982752268813e+00 1.247288309231675996e+01 -6.835240157905475655e+01
2.952149880509001623e+00 1.359028892185679283e+01 -7.336649314623811335e+01
2.967936778265734432e+00 1.478934174445613259e+01 -7.203388668315992049e+01
2.983723676022466798e+00 1.586467213003101229e+01 -6.685960851135719452e+01
2.999510573779199607e+00 1.690035335170406583e+01 -6.333817266303977789e+01
3.015297471535931972e+00 1.786449864189038550e+01 -6.255860152650085837e+01
3.031084369292664782e+00 1.887556584391015946e+01 -6.185750675690940170e+01
3.046871267049397591e+00 1.981757491120583836e+01 -6.701175443459121084e+01
3.062658164806129957e+00 2.099138127542649102e+01 -6.615649150896909703e+01
3.078445062562862766e+00 2.190638644599832929e+01 -6.554677850805863670e+01
3.094231960319595132e+00 2.306094185660633400e+01 -7.943795076821496082e+01
3.110018858076327941e+00 2.441454405956266882e+01 -7.855174796163416318e+01
3.125805755833060751e+00 2.554111868397223262e+01 -7.847478577890773010e+01
3.141592653589793116e+00 2.689229089870889311e+01 -8.558820330361783135e+01
