0.000000000000000000e+00 2.883158835455288909e+02 2.144898788978973414e+01
1.578689775673262907e-02 2.879772705667273840e+02 4.289797577957226338e+01
3.157379551346525814e-02 2.869614316303230908e+02 8.579595155914093141e+01
4.736069327019788722e-02 2.852683667363158975e+02 1.286939273387131948e+02
6.314759102693051629e-02 2.828980758847058041e+02 1.501429152284993336e+02
7.893448878366314536e-02 2.805277850330957108e+02 1.501429152284993336e+02
9.472138654039577443e-02 2.781574941814856174e+02 1.501429152284993336e+02
1.105082842971284035e-01 2.757872033298755241e+02 1.501429152284993336e+02
1.262951820538610326e-01 2.734169124782654308e+02 1.501429152284975146e+02
1.420820798105936755e-01 2.710466216266553943e+02 1.501429152284993336e+02
1.578689775673262907e-01 2.686763307750452441e+02 1.501429152284993336e+02
1.736558753240589059e-01 2.663060399234352076e+02 1.501429152284975146e+02
1.894427730807915489e-01 2.639357490718251142e+02 1.501429152284993336e+02
2.052296708375241918e-01 2.615654582202150209e+02 1.501429152284993336e+02
2.210165685942568070e-01 2.591951673686049276e+02 1.501429152284975146e+02
2.368034663509894222e-01 2.568248765169948911e+02 1.501429152284984241e+02
2.525903641077220652e-01 2.544545856653847693e+02 1.501429152284993336e+02
2.683772618644547081e-01 2.520842948137747044e+02 1.501429152284984241e+02
2.841641596211873511e-01 2.497140039621646110e+02 1.501429152284993336e+02
2.999510573779199385e-01 2.473437131105545177e+02 1.501429152284993336e+02
3.157379551346525814e-01 2.449734222589444244e+02 1.501429152284993336e+02
3.315248528913852244e-01 2.426031314073343310e+02 1.501429152284993336e+02
3.473117506481178118e-01 2.402328405557242377e+02 1.501429152284993336e+02
3.630986484048504548e-01 2.378625497041141443e+02 1.501429152284993336e+02
3.788855461615830977e-01 2.354922588525040510e+02 1.501429152284984241e+02
3.946724439183157407e-01 2.331219680008939861e+02 1.501429152284975146e+02
4.104593416750483836e-01 2.307516771492839212e+02 1.501429152284984241e+02
4.262462394317809711e-01 2.283813862976738278e+02 1.501429152284993336e+02
4.420331371885136140e-01 2.260110954460637345e+02 1.501429152284993336e+02
4.578200349452462570e-01 2.236408045944536411e+02 1.501429152284993336e+02
4.736069327019788444e-01 2.212705137428435478e+02 1.501429152284984241e+02
4.893938304587114874e-01 2.189002228912334829e+02 1.501429152284975146e+02
5.051807282154441303e-01 2.165299320396234179e+02 1.501429152284984241e+02
5.209676259721767178e-01 2.141596411880133246e+02 1.501429152284993336e+02
5.367545237289094162e-01 2.117893503364032313e+02 1.501429152284993336e+02
5.525414214856420037e-01 2.094190594847931379e+02 1.501429152284993336e+02
5.683283192423747021e-01 2.070487686331830446e+02 1.501429152284993336e+02
5.841152169991072896e-01 2.046784777815729512e+02 1.501429152284984241e+02
5.999021147558398770e-01 2.023081869299628863e+02 1.501429152284984241e+02
6.156890125125725755e-01 1.999378960783527930e+02 1.501429152284984241e+02
6.314759102693051629e-01 1.975676052267427281e+02 1.501429152284984241e+02
6.472628080260377503e-01 1.951973143751326347e+02 1.501429152284993336e+02
6.630497057827704488e-01 1.928270235235225414e+02 1.501429152284993336e+02
6.788366035395030362e-01 1.904567326719124480e+02 1.501429152284984241e+02
6.946235012962356237e-01 1.880864418203023831e+02 1.501429152284984241e+02
7.104103990529683221e-01 1.857161509686922898e+02 1.501429152284984241e+02
7.261972968097009096e-01 1.833458601170822249e+02 1.501429152284984241e+02
7.419841945664336080e-01 1.809755692654721315e+02 1.501429152284993336e+02
7.577710923231661955e-01 1.786052784138620382e+02 1.501429152284993336e+02
7.735579900798987829e-01 1.762349875622519448e+02 1.501429152284993336e+02
7.893448878366314814e-01 1.738646967106418515e+02 1.501429152284984241e+02
8.051317855933640688e-01 1.714944058590317866e+02 1.501429152284984241e+02
8.209186833500967673e-01 1.691241150074216932e+02 1.501429152284993336e+02
8.367055811068293547e-01 1.667538241558115999e+02 1.501429152284993336e+02
8.524924788635619421e-01 1.643835333042015066e+02 1.501429152284984241e+02
8.682793766202946406e-01 1.620132424525914416e+02 1.501429152284975146e+02
8.840662743770272280e-01 1.596429516009813767e+02 1.501429152284984241e+02
8.998531721337598155e-01 1.572726607493712834e+02 1.501429152284993336e+02
9.156400698904925139e-01 1.549023698977611900e+02 1.501429152284984241e+02
9.314269676472251014e-01 1.525320790461511251e+02 1.501429152284984241e+02
9.472138654039576888e-01 1.501617881945410318e+02 1.501429152284993336e+02
9.630007631606903873e-01 1.477914973429309384e+02 1.501429152284993336e+02
9.787876609174229747e-01 1.454212064913208451e+02 1.501429152284993336e+02
9.945745586741556732e-01 1.430509156397107517e+02 1.501429152284993336e+02
1.010361456430888261e+00 1.406806247881006584e+02 1.501429152284984241e+02
1.026148354187620848e+00 1.383103339364905935e+02 1.501429152284993336e+02
1.041935251944353436e+00 1.359400430848804717e+02 1.501429152284993336e+02
1.057722149701086245e+00 1.335697522332704068e+02 1.501429152284975146e+02
1.073509047457818832e+00 1.311994613816603419e+02 1.501429152284984241e+02
1.089295945214551420e+00 1.288291705300502485e+02 1.501429152284993336e+02
1.105082842971284007e+00 1.264588796784401552e+02 1.501429152284988788e+02
1.120869740728016595e+00 1.240885888268300761e+02 1.501429152284988788e+02
1.136656638484749404e+00 1.217182979752199827e+02 1.501429152284988788e+02
1.152443536241481992e+00 1.193480071236099036e+02 1.501429152284984241e+02
1.168230433998214579e+00 1.169777162719998245e+02 1.501429152284984241e+02
1.184017331754947167e+00 1.146074254203897453e+02 1.501429152284988788e+02
1.199804229511679754e+00 1.122371345687796520e+02 1.501429152284988788e+02
1.215591127268412341e+00 1.098668437171695729e+02 1.501429152284988788e+02
1.231378025025145151e+00 1.074965528655594795e+02 1.501429152284984241e+02
1.247164922781877738e+00 1.051262620139494146e+02 1.501429152284984241e+02
1.262951820538610326e+00 1.027559711623393213e+02 1.501429152284988788e+02
1.278738718295342913e+00 1.003856803107292421e+02 1.501429152284988788e+02
1.294525616052075501e+00 9.801538945911914880e+01 1.501429152284988788e+02
1.310312513808808310e+00 9.564509860750906967e+01 1.501429152284988788e+02
1.326099411565540898e+00 9.327480775589897632e+01 1.501429152284988788e+02
1.341886309322273485e+00 9.090451690428889719e+01 1.501429152284993336e+02
1.357673207079006072e+00 8.853422605267878964e+01 1.501429152284988788e+02
1.373460104835738660e+00 8.616393520106872472e+01 1.501429152284984241e+02
1.389247002592471247e+00 8.379364434945863138e+01 1.501429152284988788e+02
1.405033900349204057e+00 8.142335349784855225e+01 1.501429152284984241e+02
1.420820798105936644e+00 7.905306264623847312e+01 1.501429152284988788e+02
1.436607695862669232e+00 7.668277179462837978e+01 1.501429152284993336e+02
1.452394593619401819e+00 7.431248094301828644e+01 1.501429152284984241e+02
1.468181491376134407e+00 7.194219009140822152e+01 1.501429152284984241e+02
1.483968389132867216e+00 6.957189923979812818e+01 1.501429152284993336e+02
1.499755286889599804e+00 6.720160838818803484e+01 1.501429152284988788e+02
1.515542184646332391e+00 6.483131753657795571e+01 1.436258899115648831e+02
1.531329082403064978e+00 6.266679390968081265e+01 1.410699529827127208e+02
1.547115980159797566e+00 6.037720368800762571e+01 1.475869782996464892e+02
1.562902877916530375e+00 5.800691283639753948e+01 1.544714937344262182e+02
1.578689775673262963e+00 5.549995233217732249e+01 1.434998255608746547e+02
1.594476673429995550e+00 5.347607868792054830e+01 1.294048693928960745e+02
1.610263571186728138e+00 5.141414944751934257e+01 1.424059322251444542e+02
1.626050468943460725e+00 4.897978290393944434e+01 1.503323072009721102e+02
1.641837366700193535e+00 4.666758792088840835e+01 1.334745489175733724e+02
1.657624264456926122e+00 4.476548479016396698e+01 1.057617130761748570e+02
1.673411162213658709e+00 4.332828921906747865e+01 8.308396405799410900e+01
1.689198059970391297e+00 4.214220869854876383e+01 8.574234510669232634e+01
1.704984957727123884e+00 4.062107794782380665e+01 8.351091303362602503e+01
1.720771855483856472e+00 3.950545220728227491e+01 5.786036877389256716e+01
1.736558753240589281e+00 3.879420649582323222e+01 5.273386521604269461e+01
1.752345650997321869e+00 3.784044393031630449e+01 6.367770571131998736e+01
1.768132548754054456e+00 3.678365963692739626e+01 7.450773142815108940e+01
1.783919446510787044e+00 3.548795205403167330e+01 8.123969540664079148e+01
1.799706344267519631e+00 3.421861410658191716e+01 8.189591892197638856e+01
1.815493242024252440e+00 3.290218705660186060e+01 9.031615237640740190e+01
1.831280139780985028e+00 3.136699037988626060e+01 9.109533588587552799e+01
1.847067037537717615e+00 3.002596154911079296e+01 8.169147234686853665e+01
1.862853935294450203e+00 2.878768053681233141e+01 7.956634509794429277e+01
1.878640833051182790e+00 2.751375003923449114e+01 8.122070808701498379e+01
1.894427730807915378e+00 2.622323450821406610e+01 8.116160033720093736e+01
1.910214628564648187e+00 2.495117026664211579e+01 7.785625631163468086e+01
1.926001526321380775e+00 2.376501699198657391e+01 7.453290680292363390e+01
1.941788424078113362e+00 2.259788350822244141e+01 7.667208050799480645e+01
1.957575321834845949e+00 2.134418840043520049e+01 7.949233570534886439e+01
1.973362219591578537e+00 2.008800875577402323e+01 7.894759197733242218e+01
1.989149117348311346e+00 1.885151327506241614e+01 7.622278539004834386e+01
2.004936015105043712e+00 1.768136611640188960e+01 7.317998191872538882e+01
2.020722912861776521e+00 1.654094349028149580e+01 7.206785580638765509e+01
2.036509810618509331e+00 1.540591037407710573e+01 7.120587532099271755e+01
2.052296708375241696e+00 1.429270374353916928e+01 6.832998153158210641e+01
2.068083606131974506e+00 1.324847350976007476e+01 6.480466895031911179e+01
2.083870503888706871e+00 1.224657437778398261e+01 6.128147804335551285e+01
2.099657401645439680e+00 1.131358465325625673e+01 5.779527536712829061e+01
2.115444299402172490e+00 1.042175817169785823e+01 5.496237093511851413e+01
2.131231197158904855e+00 9.578213992415598454e+00 5.162154967231514036e+01
2.147018094915637665e+00 8.791869918255990513e+00 4.776344534734874259e+01
2.162804992672370030e+00 8.070140735999835613e+00 4.365459075485455287e+01
2.178591890429102840e+00 7.413528796538201959e+00 4.046185380762047146e+01
2.194378788185835649e+00 6.792606437782301221e+00 3.759827326319894780e+01
2.210165685942568015e+00 6.226408604866570329e+00 3.397590383458382490e+01
2.225952583699300824e+00 5.719858197723991289e+00 2.979747479219027184e+01
2.241739481456033189e+00 5.285589228960319019e+00 2.566909707183048894e+01
2.257526379212765999e+00 4.909387375762725547e+00 2.121632333182298780e+01
2.273313276969498808e+00 4.615709374533778053e+00 1.678646724079048624e+01
2.289100174726231174e+00 4.379374891708523343e+00 1.279330204037392349e+01
2.304887072482963983e+00 4.211776271969013941e+00 8.846491705361296809e+00
2.320673970239696349e+00 4.100057571591879224e+00 5.622340130581821249e+00
2.336460867996429158e+00 4.034257654378873958e+00 2.442009878164372871e+00
2.352247765753161524e+00 4.022954051056855107e+00 -1.430413975296072282e+00
2.368034663509894333e+00 4.079421252734475090e+00 -4.379333526905647034e+00
2.383821561266627143e+00 4.161226232320636598e+00 -6.834396259301081855e+00
2.399608459023359508e+00 4.295209082683639323e+00 -1.044532590964164420e+01
2.415395356780092317e+00 4.491024816663162333e+00 -1.313133220447313754e+01
2.431182254536824683e+00 4.709815080527055109e+00 -1.538325041322239883e+01
2.446969152293557492e+00 4.976732419542676311e+00 -1.688606170063293632e+01
2.462756050050290302e+00 5.242972139690596833e+00 -1.665665807814205124e+01
2.478542947807022667e+00 5.502646335639642672e+00 -1.669766622565677849e+01
2.494329845563755477e+00 5.770180838651579158e+00 -1.559903121285696237e+01
2.510116743320487842e+00 5.995166957362550342e+00 -1.280320733191937421e+01
2.525903641077220652e+00 6.174426688866100577e+00 -1.089843547799344137e+01
2.541690538833953461e+00 6.339271930561410251e+00 -8.523862864401861472e+00
2.557477436590685826e+00 6.443557391931545197e+00 -5.823078090137006058e+00
2.573264334347418636e+00 6.523128607438335891e+00 -3.306257607914642627e+00
2.589051232104151001e+00 6.547948493558680916e+00 7.951993028307870193e-02
2.604838129860883811e+00 6.520617861420332950e+00 2.702350843061993579e+00
2.620625027617616620e+00 6.462625020634201078e+00 5.466212713096742171e+00
2.636411925374348986e+00 6.348028778983912268e+00 9.280049720474547570e+00
2.652198823131081795e+00 6.169618628405147298e+00 1.210763134307241451e+01
2.667985720887814161e+00 5.965744902805321104e+00 1.401469088991246537e+01
2.683772618644546970e+00 5.727121644062626693e+00 1.498992342720440085e+01
2.699559516401279780e+00 5.492456125752267049e+00 1.560803267266122241e+01
2.715346414158012145e+00 5.234316812088536608e+00 1.655843875656486119e+01
2.731133311914744954e+00 4.969643366430250175e+00 1.651208936699359242e+01
2.746920209671477320e+00 4.712967478915016883e+00 1.501780276474675979e+01
2.762707107428210129e+00 4.495474332874582757e+00 1.363589668926969622e+01
2.778494005184942495e+00 4.282430465205277592e+00 1.376119112021926583e+01
2.794280902941675304e+00 4.060981298423065766e+00 1.456081622687388233e+01
2.810067800698408114e+00 3.822690231148814899e+00 1.435803788910919643e+01
2.825854698455140479e+00 3.607643546137745627e+00 1.323012467635918732e+01
2.841641596211873289e+00 3.404964979999799191e+00 1.120730186434250619e+01
2.857428493968605654e+00 3.253786488815317401e+00 9.766613528982082570e+00
2.873215391725338463e+00 3.096595921576675625e+00 8.915532777811579379e+00
2.889002289482071273e+00 2.972289279995097733e+00 5.967152950754929464e+00
2.904789187238803638e+00 2.908190254511968664e+00 2.215455597656299513e+00
2.920576084995536448e+00 2.902338937985535772e+00 -1.078166768873510817e+00
2.936362982752268813e+00 2.942232071601794452e+00 -5.382373705425235855e+00
2.952149880509001623e+00 3.072280904737684448e+00 -8.575758041041982693e+00
2.967936778265734432e+00 3.213001302362609390e+00 -1.020203163983886085e+01
2.983723676022466798e+00 3.394397765555859259e+00 -1.271164409982828758e+01
2.999510573779199607e+00 3.614356153810534877e+00 -1.458562735845595348e+01
3.015297471535931972e+00 3.854921381207351949e+00 -1.634813193236590578e+01
3.031084369292664782e+00 4.130528728470207689e+00 -1.669086283028482498e+01
3.046871267049397591e+00 4.381915271154062985e+00 -1.304279711568909761e+01
3.062658164806129957e+00 4.542339337524589737e+00 -9.006046507640359522e+00
3.078445062562862766e+00 4.666270341971057611e+00 -9.209334679087117337e+00
3.094231960319595132e+00 4.833112987497150570e+00 -1.143247493034812656e+01
3.110018858076327941e+00 5.027236967634687304e+00 -1.069083637812908449e+01
3.125805755833060751e+00 5.170663269168113807e+00 -6.570586413781676072e+00
3.141592653589793116e+00 5.234695319466982966e+00 -4.056024893906812423e+00
