0.000000000000000000e+00 6.350250845664588439e+01 1.800179112579215923e+00
1.578689775673262907e-02 6.347408921305179064e+01 3.600358225158206693e+00
3.157379551346525814e-02 6.338883148226951647e+01 7.200716450316638095e+00
4.736069327019788722e-02 6.324673526429904769e+01 1.080107467547462008e+01
6.314759102693051629e-02 6.304780055914041270e+01 1.260125378805360974e+01
7.893448878366314536e-02 6.284886585398176351e+01 1.260125378805383534e+01
9.472138654039577443e-02 6.264993114882312142e+01 1.260125378805383534e+01
1.105082842971284035e-01 6.245099644366447222e+01 1.260125378805383534e+01
1.262951820538610326e-01 6.225206173850583014e+01 1.260125378805360974e+01
1.420820798105936755e-01 6.205312703334718805e+01 1.260125378805360974e+01
1.578689775673262907e-01 6.185419232818854596e+01 1.260125378805383534e+01
1.736558753240589059e-01 6.165525762302989676e+01 1.260125378805383534e+01
1.894427730807915489e-01 6.145632291787125467e+01 1.260125378805360974e+01
2.052296708375241918e-01 6.125738821271261259e+01 1.260125378805406093e+01
2.210165685942568070e-01 6.105845350755395629e+01 1.260125378805383534e+01
2.368034663509894222e-01 6.085951880239532130e+01 1.260125378805383534e+01
2.525903641077220652e-01 6.066058409723666500e+01 1.260125378805406093e+01
2.683772618644547081e-01 6.046164939207802291e+01 1.260125378805360974e+01
2.841641596211873511e-01 6.026271468691938082e+01 1.260125378805360974e+01
2.999510573779199385e-01 6.006377998176073874e+01 1.260125378805383534e+01
3.157379551346525814e-01 5.986484527660208954e+01 1.260125378805383534e+01
3.315248528913852244e-01 5.966591057144344745e+01 1.260125378805383534e+01
3.473117506481178118e-01 5.946697586628479826e+01 1.260125378805406093e+01
3.630986484048504548e-01 5.926804116112614906e+01 1.260125378805383534e+01
3.788855461615830977e-01 5.906910645596750697e+01 1.260125378805383534e+01
3.946724439183157407e-01 5.887017175080885778e+01 1.260125378805383534e+01
4.104593416750483836e-01 5.867123704565021569e+01 1.260125378805360974e+01
4.262462394317809711e-01 5.847230234049157360e+01 1.260125378805338592e+01
4.420331371885136140e-01 5.827336763533293862e+01 1.260125378805383534e+01
4.578200349452462570e-01 5.807443293017428232e+01 1.260125378805406093e+01
4.736069327019788444e-01 5.787549822501564023e+01 1.260125378805360974e+01
4.893938304587114874e-01 5.767656351985699814e+01 1.260125378805360974e+01
5.051807282154441303e-01 5.747762881469835605e+01 1.260125378805383534e+01
5.209676259721767178e-01 5.727869410953970686e+01 1.260125378805406093e+01
5.367545237289094162e-01 5.707975940438105766e+01 1.260125378805383534e+01
5.525414214856420037e-01 5.688082469922241557e+01 1.260125378805383534e+01
5.683283192423747021e-01 5.668188999406376638e+01 1.260125378805383534e+01
5.841152169991072896e-01 5.648295528890512429e+01 1.260125378805383534e+01
5.999021147558398770e-01 5.628402058374647510e+01 1.260125378805383534e+01
6.156890125125725755e-01 5.608508587858783301e+01 1.260125378805360974e+01
6.314759102693051629e-01 5.588615117342919092e+01 1.260125378805360974e+01
6.472628080260377503e-01 5.568721646827054883e+01 1.260125378805383534e+01
6.630497057827704488e-01 5.548828176311189964e+01 1.260125378805383534e+01
6.788366035395030362e-01 5.528934705795325755e+01 1.260125378805360974e+01
6.946235012962356237e-01 5.509041235279461546e+01 1.260125378805406093e+01
7.104103990529683221e-01 5.489147764763595916e+01 1.260125378805383534e+01
7.261972968097009096e-01 5.469254294247732417e+01 1.260125378805360974e+01
7.419841945664336080e-01 5.449360823731867498e+01 1.260125378805383534e+01
7.577710923231661955e-01 5.429467353216003289e+01 1.260125378805383534e+01
7.735579900798987829e-01 5.409573882700138370e+01 1.260125378805383534e+01
7.893448878366314814e-01 5.389680412184274161e+01 1.260125378805383534e+01
8.051317855933640688e-01 5.369786941668409241e+01 1.260125378805406093e+01
8.209186833500967673e-01 5.349893471152544322e+01 1.260125378805360974e+01
8.367055811068293547e-01 5.330000000636680824e+01 1.260125378805338592e+01
8.524924788635619421e-01 5.310106530120816615e+01 1.260125378805383534e+01
8.682793766202946406e-01 5.290213059604951695e+01 1.260125378805383534e+01
8.840662743770272280e-01 5.270319589089087486e+01 1.260125378805360974e+01
8.998531721337598155e-01 5.250426118573223278e+01 1.260125378805406093e+01
9.156400698904925139e-01 5.230532648057357648e+01 1.260125378805383534e+01
9.314269676472251014e-01 5.210639177541494149e+01 1.260125378805360974e+01
9.472138654039576888e-01 5.190745707025629230e+01 1.260125378805383534e+01
9.630007631606903873e-01 5.170852236509765021e+01 1.260125378805383534e+01
9.787876609174229747e-01 5.150958765993900101e+01 1.260125378805383534e+01
9.945745586741556732e-01 5.131065295478035893e+01 1.260125378805383534e+01
1.010361456430888261e+00 5.111171824962170973e+01 1.260125378805406093e+01
1.026148354187620848e+00 5.091278354446306054e+01 1.260125378805383534e+01
1.041935251944353436e+00 5.071384883930441845e+01 1.260125378805338592e+01
1.057722149701086245e+00 5.051491413414578346e+01 1.260125378805360974e+01
1.073509047457818832e+00 5.031597942898713427e+01 1.260125378805406093e+01
1.089295945214551420e+00 5.011704472382848508e+01 1.260125378805406093e+01
1.105082842971284007e+00 4.991811001866983588e+01 1.260125378805383534e+01
1.120869740728016595e+00 4.971917531351119379e+01 1.260125378805338592e+01
1.136656638484749404e+00 4.952024060835255881e+01 1.260125378805383534e+01
1.152443536241481992e+00 4.932130590319390251e+01 1.260125378805406093e+01
1.168230433998214579e+00 4.912237119803526042e+01 1.260125378805360974e+01
1.184017331754947167e+00 4.892343649287661833e+01 1.260125378805360974e+01
1.199804229511679754e+00 4.872450178771797624e+01 1.260125378805383534e+01
1.215591127268412341e+00 4.852556708255932705e+01 1.260125378805406093e+01
1.231378025025145151e+00 4.832663237740067785e+01 1.260125378805383534e+01
1.247164922781877738e+00 4.812769767224203576e+01 1.260125378805383534e+01
1.262951820538610326e+00 4.792876296708338657e+01 1.260125378805383534e+01
1.278738718295342913e+00 4.772982826192474448e+01 1.260125378805360974e+01
1.294525616052075501e+00 4.753089355676610239e+01 1.260125378805383534e+01
1.310312513808808310e+00 4.733195885160745320e+01 1.260125378805383534e+01
1.326099411565540898e+00 4.713302414644881111e+01 1.260125378805338592e+01
1.341886309322273485e+00 4.693408944129017613e+01 1.260125378805383534e+01
1.357673207079006072e+00 4.673515473613151983e+01 1.260125378805406093e+01
1.373460104835738660e+00 4.653622003097287774e+01 1.260125378805360974e+01
1.389247002592471247e+00 4.633728532581423565e+01 1.260125378805360974e+01
1.405033900349204057e+00 4.613835062065559356e+01 1.260125378805383534e+01
1.420820798105936644e+00 4.593941591549694436e+01 1.260125378805406093e+01
1.436607695862669232e+00 4.574048121033829517e+01 1.260125378805383534e+01
1.452394593619401819e+00 4.554154650517965308e+01 1.260125378805383534e+01
1.468181491376134407e+00 4.534261180002100389e+01 1.260125378805383534e+01
1.483968389132867216e+00 4.514367709486236180e+01 1.260125378805383534e+01
1.499755286889599804e+00 4.494474238970371260e+01 1.260125378805406093e+01
1.515542184646332391e+00 4.474580768454506341e+01 -7.232474599468130982e+00
1.531329082403064978e+00 4.517309906376365092e+01 -1.827703142241506029e+01
1.547115980159797566e+00 4.532288293726957562e+01 -3.843840372630292102e+00
1.562902877916530375e+00 4.529446369367548186e+01 1.071502636749954185e+01
1.578689775673262963e+00 4.498456888582075663e+01 1.593267550359873930e+01
1.594476673429995550e+00 4.479140865534245819e+01 1.487264333181774667e+01
1.610263571186728138e+00 4.451498308651724045e+01 1.893258646694524217e+01
1.626050468943460725e+00 4.419363504169412948e+01 5.323679924265899643e+01
1.641837366700193535e+00 4.283409527343812329e+01 7.895494274077084640e+01
1.657624264456926122e+00 4.170072782481967266e+01 6.436291732822088818e+01
1.673411162213658709e+00 4.080191368306680744e+01 4.428146472853578786e+01
1.689198059970391297e+00 4.030259391244415923e+01 3.686174222083094776e+01
1.704984957727123884e+00 3.963804857191622233e+01 4.708281321061157598e+01
1.720771855483856472e+00 3.881601079593362869e+01 5.894450572631281204e+01
1.736558753240589281e+00 3.777694680147133965e+01 5.971004476127595950e+01
1.752345650997321869e+00 3.693073805254124409e+01 5.630557595386034819e+01
1.768132548754054456e+00 3.599916606003626640e+01 6.628411800210619731e+01
1.783919446510787044e+00 3.483789686495234150e+01 8.365274827607622399e+01
1.799706344267519631e+00 3.335793129182805217e+01 9.725185703691852268e+01
1.815493242024252440e+00 3.176728661756391858e+01 9.325259016550410252e+01
1.831280139780985028e+00 3.041359307884144414e+01 8.178665637831527135e+01
1.847067037537717615e+00 2.918497145334494292e+01 7.391079229493286107e+01
1.862853935294450203e+00 2.807994883668303032e+01 7.199144981101319729e+01
1.878640833051182790e+00 2.691192813829411534e+01 7.256349005984596090e+01
1.894427730807915378e+00 2.578884403979008511e+01 6.787122219990015992e+01
1.910214628564648187e+00 2.476897604730550384e+01 6.522129592339393866e+01
1.926001526321380775e+00 2.372956017918163951e+01 7.183981387990422718e+01
1.941788424078113362e+00 2.250072045413600463e+01 7.817789242237937231e+01
1.957575321834845949e+00 2.126118739016374803e+01 8.152523618997351207e+01
1.973362219591578537e+00 1.992665931748682340e+01 8.210231651842663325e+01
1.989149117348311346e+00 1.866890563722914465e+01 7.862376534577474274e+01
2.004936015105043712e+00 1.744420862796065563e+01 7.803607826976765693e+01
2.020722912861776521e+00 1.620501045926673100e+01 7.589348088037647244e+01
2.036509810618509331e+00 1.504796338183856363e+01 7.060732049295542367e+01
2.052296708375241696e+00 1.397566936026845141e+01 6.606213988078296495e+01
2.068083606131974506e+00 1.296213088606078401e+01 6.008990664877140375e+01
2.083870503888706871e+00 1.207840293531692666e+01 5.444009795002948238e+01
2.099657401645439680e+00 1.124325036565353386e+01 5.246612001533390668e+01
2.115444299402172490e+00 1.042184839056784718e+01 5.097672256022546833e+01
2.131231197158904855e+00 9.633721751590323734e+00 4.911108317723031291e+01
2.147018094915637665e+00 8.871225092885193675e+00 4.665535959446049930e+01
2.162804992672370030e+00 8.160634968147638446e+00 4.299030265137113815e+01
2.178591890429102840e+00 7.513858067908818050e+00 4.010729959808563905e+01
2.194378788185835649e+00 6.894295292040395040e+00 3.762038102822932473e+01
2.210165685942568015e+00 6.326039850184857372e+00 3.399889549201692773e+01
2.225952583699300824e+00 5.820821118091776825e+00 2.945067479906204611e+01
2.241739481456033189e+00 5.396170266345707844e+00 2.418086367482074905e+01
2.257526379212765999e+00 5.057339473084006443e+00 1.852402260962093195e+01
2.273313276969498808e+00 4.811296564382729457e+00 1.447578990728039194e+01
2.289100174726231174e+00 4.600283842655651156e+00 1.163500388923878326e+01
2.304887072482963983e+00 4.443935330785531157e+00 7.790016767589496460e+00
2.320673970239696349e+00 4.354323446189314772e+00 3.409247504246288418e+00
2.336460867996429158e+00 4.336292447231667069e+00 -5.565291839940172958e-01
2.352247765753161524e+00 4.371895184842017557e+00 -3.513128984230811991e+00
2.368034663509894333e+00 4.447215263392198636e+00 -5.413636398895293134e+00
2.383821561266627143e+00 4.542824233484989982e+00 -7.629442010373975513e+00
2.399608459023359508e+00 4.688105705309587812e+00 -1.108617748429385053e+01
2.415395356780092317e+00 4.892856934400066748e+00 -1.360746794626475165e+01
2.431182254536824683e+00 5.117745115700984115e+00 -1.434763940012941674e+01
2.446969152293557492e+00 5.345866366920690282e+00 -1.445228434551980179e+01
2.462756050050290302e+00 5.574058586328881404e+00 -1.494383974606833299e+01
2.478542947807022667e+00 5.817700107249046404e+00 -1.479349940195446678e+01
2.494329845563755477e+00 6.041145511374762300e+00 -1.421448734468612152e+01
2.510116743320487842e+00 6.266505423998905755e+00 -1.287176571589355589e+01
2.525903641077220652e+00 6.447556009985618175e+00 -1.050433365335587155e+01
2.541690538833953461e+00 6.598167106775175483e+00 -9.280060925476121270e+00
2.557477436590685826e+00 6.740562755999100375e+00 -8.055117286685899103e+00
2.573264334347418636e+00 6.852497732821975163e+00 -5.265478561921499434e+00
2.589051232104151001e+00 6.906813899393744904e+00 -2.983115182984500180e+00
2.604838129860883811e+00 6.946686001602641269e+00 -6.080585551022753554e-01
2.620625027617616620e+00 6.926012615872757294e+00 2.475542756814067324e+00
2.636411925374348986e+00 6.868523720814153855e+00 4.633621824738525241e+00
2.652198823131081795e+00 6.779711587891733338e+00 7.804364178809902519e+00
2.667985720887814161e+00 6.622110322119796777e+00 1.133304537024040393e+01
2.683772618644546970e+00 6.421884330826938658e+00 1.350844708412167350e+01
2.699559516401279780e+00 6.195597376181273042e+00 1.542893138879971104e+01
2.715346414158012145e+00 5.934734406165691034e+00 1.680676586158036656e+01
2.731133311914744954e+00 5.664943987625045807e+00 1.765938593124000278e+01
2.746920209671477320e+00 5.377160565879353982e+00 1.892669643379931443e+01
2.762707107428210129e+00 5.067356344678834112e+00 1.941665143644495473e+01
2.778494005184942495e+00 4.764103183868809488e+00 1.837638212377230218e+01
2.794280902941675304e+00 4.487144213225549016e+00 1.737420121050296373e+01
2.810067800698408114e+00 4.215533707638588368e+00 1.721828109526062534e+01
2.825854698455140479e+00 3.943497726830425432e+00 1.701571883915534400e+01
2.841641596211873289e+00 3.678282880496479113e+00 1.549645049006085351e+01
2.857428493968605654e+00 3.454215967872705573e+00 1.314047058864120388e+01
2.873215391725338463e+00 3.263388349180017300e+00 1.118891034205630319e+01
2.889002289482071273e+00 3.100939600714123223e+00 1.033898283725401690e+01
2.904789187238803638e+00 2.936947419259332115e+00 9.064215253939867267e+00
2.920576084995536448e+00 2.814747921796193264e+00 5.431930264580640433e+00
2.936362982752268813e+00 2.765440763842059724e+00 1.819501550707202320e+00
2.952149880509001623e+00 2.757299351897731121e+00 3.993126142586126970e-01
2.967936778265734432e+00 2.752832949013511055e+00 -1.729579865529804916e+00
2.983723676022466798e+00 2.811908752896175923e+00 -6.160222817297966280e+00
2.999510573779199607e+00 2.947334564564259907e+00 -1.073478434033704865e+01
3.015297471535931972e+00 3.150846638539126943e+00 -1.388340616275004002e+01
3.031084369292664782e+00 3.385686391777313009e+00 -1.519302756861118908e+01
3.046871267049397591e+00 3.630548184220896868e+00 -1.806361072919297683e+01
3.062658164806129957e+00 3.956023143175689150e+00 -2.499235235478742467e+01
3.078445062562862766e+00 4.419651606871426885e+00 -3.063177418163140331e+01
3.094231960319595132e+00 4.923184517401163696e+00 -3.272585778637861154e+01
3.110018858076327941e+00 5.452931148621289914e+00 -3.638039568782060940e+01
3.125805755833060751e+00 6.071851691547364815e+00 -4.097528239344801193e+01
3.141592653589793116e+00 6.746676336018510689e+00 -4.274586779934985969e+01
