0.000000000000000000e+00 3.114778245980920133e+02 2.543705095930312865e+01
1.578689775673262907e-02 3.110762524753646971e+02 5.087410191860445963e+01
3.157379551346525814e-02 3.098715361071828056e+02 1.017482038372089193e+02
4.736069327019788722e-02 3.078636754935462818e+02 1.526223057558133576e+02
6.314759102693051629e-02 3.050526706344551826e+02 1.780593567151165075e+02
7.893448878366314536e-02 3.022416657753640266e+02 1.780593567151165075e+02
9.472138654039577443e-02 2.994306609162729274e+02 1.780593567151146885e+02
1.105082842971284035e-01 2.966196560571818281e+02 1.780593567151165075e+02
1.262951820538610326e-01 2.938086511980906721e+02 1.780593567151165075e+02
1.420820798105936755e-01 2.909976463389995729e+02 1.780593567151146885e+02
1.578689775673262907e-01 2.881866414799084737e+02 1.780593567151146885e+02
1.736558753240589059e-01 2.853756366208173745e+02 1.780593567151165075e+02
1.894427730807915489e-01 2.825646317617262184e+02 1.780593567151165075e+02
2.052296708375241918e-01 2.797536269026351192e+02 1.780593567151165075e+02
2.210165685942568070e-01 2.769426220435439632e+02 1.780593567151146885e+02
2.368034663509894222e-01 2.741316171844529208e+02 1.780593567151146885e+02
2.525903641077220652e-01 2.713206123253617648e+02 1.780593567151165075e+02
2.683772618644547081e-01 2.685096074662706656e+02 1.780593567151146885e+02
2.841641596211873511e-01 2.656986026071795663e+02 1.780593567151165075e+02
2.999510573779199385e-01 2.628875977480884103e+02 1.780593567151165075e+02
3.157379551346525814e-01 2.600765928889973111e+02 1.780593567151146885e+02
3.315248528913852244e-01 2.572655880299062119e+02 1.780593567151165075e+02
3.473117506481178118e-01 2.544545831708150558e+02 1.780593567151165075e+02
3.630986484048504548e-01 2.516435783117239566e+02 1.780593567151146885e+02
3.788855461615830977e-01 2.488325734526328574e+02 1.780593567151155980e+02
3.946724439183157407e-01 2.460215685935417298e+02 1.780593567151165075e+02
4.104593416750483836e-01 2.432105637344506022e+02 1.780593567151165075e+02
4.262462394317809711e-01 2.403995588753594745e+02 1.780593567151165075e+02
4.420331371885136140e-01 2.375885540162683469e+02 1.780593567151146885e+02
4.578200349452462570e-01 2.347775491571772761e+02 1.780593567151146885e+02
4.736069327019788444e-01 2.319665442980861485e+02 1.780593567151165075e+02
4.893938304587114874e-01 2.291555394389950209e+02 1.780593567151165075e+02
5.051807282154441303e-01 2.263445345799038932e+02 1.780593567151146885e+02
5.209676259721767178e-01 2.235335297208128225e+02 1.780593567151146885e+02
5.367545237289094162e-01 2.207225248617216948e+02 1.780593567151165075e+02
5.525414214856420037e-01 2.179115200026305672e+02 1.780593567151165075e+02
5.683283192423747021e-01 2.151005151435394396e+02 1.780593567151165075e+02
5.841152169991072896e-01 2.122895102844483119e+02 1.780593567151155980e+02
5.999021147558398770e-01 2.094785054253572127e+02 1.780593567151146885e+02
6.156890125125725755e-01 2.066675005662661135e+02 1.780593567151155980e+02
6.314759102693051629e-01 2.038564957071749859e+02 1.780593567151165075e+02
6.472628080260377503e-01 2.010454908480838583e+02 1.780593567151165075e+02
6.630497057827704488e-01 1.982344859889927307e+02 1.780593567151155980e+02
6.788366035395030362e-01 1.954234811299016314e+02 1.780593567151155980e+02
6.946235012962356237e-01 1.926124762708105038e+02 1.780593567151155980e+02
7.104103990529683221e-01 1.898014714117194046e+02 1.780593567151155980e+02
7.261972968097009096e-01 1.869904665526282770e+02 1.780593567151155980e+02
7.419841945664336080e-01 1.841794616935371778e+02 1.780593567151155980e+02
7.577710923231661955e-01 1.813684568344460502e+02 1.780593567151165075e+02
7.735579900798987829e-01 1.785574519753549225e+02 1.780593567151165075e+02
7.893448878366314814e-01 1.757464471162637949e+02 1.780593567151146885e+02
8.051317855933640688e-01 1.729354422571727241e+02 1.780593567151155980e+02
8.209186833500967673e-01 1.701244373980815681e+02 1.780593567151165075e+02
8.367055811068293547e-01 1.673134325389904689e+02 1.780593567151155980e+02
8.524924788635619421e-01 1.645024276798993412e+02 1.780593567151165075e+02
8.682793766202946406e-01 1.616914228208082136e+02 1.780593567151155980e+02
8.840662743770272280e-01 1.588804179617171144e+02 1.780593567151146885e+02
8.998531721337598155e-01 1.560694131026260152e+02 1.780593567151155980e+02
9.156400698904925139e-01 1.532584082435348876e+02 1.780593567151165075e+02
9.314269676472251014e-01 1.504474033844437599e+02 1.780593567151155980e+02
9.472138654039576888e-01 1.476363985253526607e+02 1.780593567151155980e+02
9.630007631606903873e-01 1.448253936662615331e+02 1.780593567151155980e+02
9.787876609174229747e-01 1.420143888071704339e+02 1.780593567151155980e+02
9.945745586741556732e-01 1.392033839480793063e+02 1.780593567151165075e+02
1.010361456430888261e+00 1.363923790889881786e+02 1.780593567151155980e+02
1.026148354187620848e+00 1.335813742298970794e+02 1.780593567151155980e+02
1.041935251944353436e+00 1.307703693708059518e+02 1.780593567151155980e+02
1.057722149701086245e+00 1.279593645117148526e+02 1.780593567151151433e+02
1.073509047457818832e+00 1.251483596526237392e+02 1.780593567151155980e+02
1.089295945214551420e+00 1.223373547935326258e+02 1.780593567151160528e+02
1.105082842971284007e+00 1.195263499344414981e+02 1.780593567151160528e+02
1.120869740728016595e+00 1.167153450753503847e+02 1.780593567151151433e+02
1.136656638484749404e+00 1.139043402162592855e+02 1.780593567151155980e+02
1.152443536241481992e+00 1.110933353571681579e+02 1.780593567151160528e+02
1.168230433998214579e+00 1.082823304980770445e+02 1.780593567151160528e+02
1.184017331754947167e+00 1.054713256389859168e+02 1.780593567151155980e+02
1.199804229511679754e+00 1.026603207798948176e+02 1.780593567151155980e+02
1.215591127268412341e+00 9.984931592080369001e+01 1.780593567151165075e+02
1.231378025025145151e+00 9.703831106171256238e+01 1.780593567151151433e+02
1.247164922781877738e+00 9.422730620262147738e+01 1.780593567151155980e+02
1.262951820538610326e+00 9.141630134353033554e+01 1.780593567151169339e+02
1.278738718295342913e+00 8.860529648443920792e+01 1.780593567151160528e+02
1.294525616052075501e+00 8.579429162534809450e+01 1.780593567151155980e+02
1.310312513808808310e+00 8.298328676625698108e+01 1.780593567151151433e+02
1.326099411565540898e+00 8.017228190716588188e+01 1.780593567151155980e+02
1.341886309322273485e+00 7.736127704807475425e+01 1.780593567151160528e+02
1.357673207079006072e+00 7.455027218898364083e+01 1.745450972526994349e+02
1.373460104835738660e+00 7.185022583954011566e+01 1.647985578631302417e+02
1.389247002592471247e+00 6.934695622209919463e+01 1.683128173255464048e+02
1.405033900349204057e+00 6.653595136300808122e+01 1.786183210288677685e+02
1.420820798105936644e+00 6.370729787897523266e+01 1.560262243946536955e+02
1.436607695862669232e+00 6.160961125923324033e+01 1.168565996096480433e+02
1.452394593619401819e+00 6.001769149850132123e+01 9.782694508991806970e+01
1.468181491376134407e+00 5.852084329925717299e+01 9.225311396839582301e+01
1.483968389132867216e+00 5.710491054258278609e+01 8.206282099360633708e+01
1.499755286889599804e+00 5.592980856994694250e+01 5.987497238489363127e+01
1.515542184646332391e+00 5.521443040812777525e+01 3.272675026387948805e+01
1.531329082403064978e+00 5.489650084929496643e+01 4.146313315861364401e+01
1.547115980159797566e+00 5.390528192043012723e+01 8.376733911710017821e+01
1.562902877916530375e+00 5.225164801330454623e+01 9.950546451705869799e+01
1.578689775673262963e+00 5.076351673129614284e+01 8.982982971921965998e+01
1.594476673429995550e+00 4.941537933874050026e+01 9.688663101372253550e+01
1.610263571186728138e+00 4.770443805568030626e+01 1.067800355952944216e+02
1.626050468943460725e+00 4.604392832993413265e+01 1.081336912392120553e+02
1.641837366700193535e+00 4.429024700037723505e+01 9.833014259527449497e+01
1.657624264456926122e+00 4.293927251482105589e+01 7.056996774051191323e+01
1.673411162213658709e+00 4.206208526954647198e+01 5.571614189797565331e+01
1.689198059970391297e+00 4.118010244373515860e+01 5.638015975098427646e+01
1.704984957727123884e+00 4.028194963455239019e+01 4.935458374908374424e+01
1.720771855483856472e+00 3.962179090878939292e+01 4.098000867696072902e+01
1.736558753240589281e+00 3.898805522044600025e+01 4.432991735704357694e+01
1.752345650997321869e+00 3.822212716302928470e+01 5.709324408803625772e+01
1.768132548754054456e+00 3.718540480640998425e+01 6.910114403268869410e+01
1.783919446510787044e+00 3.604034177159466168e+01 7.295410378215765945e+01
1.799706344267519631e+00 3.488196685172401601e+01 7.706684148395171974e+01
1.815493242024252440e+00 3.360704907771172856e+01 8.387660381934328768e+01
1.831280139780985028e+00 3.223366411436813195e+01 8.691612531050290613e+01
1.847067037537717615e+00 3.086277711033518756e+01 8.415983679907554915e+01
1.862853935294450203e+00 2.957641863682751193e+01 8.121834083341948940e+01
1.878640833051182790e+00 2.829840582491787515e+01 7.983357975537111884e+01
1.894427730807915378e+00 2.705576951452350443e+01 7.886826656928460011e+01
1.910214628564648187e+00 2.580823530375781516e+01 7.943108778454950425e+01
1.926001526321380775e+00 2.454782859140203044e+01 7.873192558817946463e+01
1.941788424078113362e+00 2.332236958485527367e+01 7.904268335718333560e+01
1.957575321834845949e+00 2.205215107024674026e+01 8.081684276753536267e+01
1.973362219591578537e+00 2.077067511726923854e+01 7.978507874840687464e+01
1.989149117348311346e+00 1.953303330881881905e+01 7.880910149584028090e+01
2.004936015105043712e+00 1.828237266203964850e+01 7.820064258673720303e+01
2.020722912861776521e+00 1.706394221076359585e+01 7.479170115785160533e+01
2.036509810618509331e+00 1.592091478357743917e+01 7.219346446922909877e+01
2.052296708375241696e+00 1.478452052620353641e+01 6.880957108701785785e+01
2.068083606131974506e+00 1.374833545670668578e+01 6.389657947858754028e+01
2.083870503888706871e+00 1.276706299173673287e+01 6.091756252809155825e+01
2.099657401645439680e+00 1.182493679426598909e+01 5.736797743875072797e+01
2.115444299402172490e+00 1.095573820306452895e+01 5.443493567015097767e+01
2.131231197158904855e+00 1.010621926662800618e+01 5.261364707926403383e+01
2.147018094915637665e+00 9.294525668966217680e+00 4.946631488630853113e+01
2.162804992672370030e+00 8.544379955603018217e+00 4.615092648511186013e+01
2.178591890429102840e+00 7.837365753368327859e+00 4.285761445948438819e+01
2.194378788185835649e+00 7.191202400464326239e+00 3.797656120640743893e+01
2.210165685942568015e+00 6.638301575532621790e+00 3.328189149149073245e+01
2.225952583699300824e+00 6.140366764210658523e+00 2.887564336824243583e+01
2.241739481456033189e+00 5.726587916503985909e+00 2.307719113502335517e+01
2.257526379212765999e+00 5.411732250288277868e+00 1.735827351657838236e+01
2.273313276969498808e+00 5.178521338024740572e+00 1.261190266538534210e+01
2.289100174726231174e+00 5.013526614495673606e+00 8.412659879031460619e+00
2.304887072482963983e+00 4.912901735279867843e+00 6.049211540020579925e+00
2.320673970239696349e+00 4.822530046313369567e+00 4.120044185576830387e+00
2.336460867996429158e+00 4.782816302658023488e+00 1.014632815896756135e+00
2.352247765753161524e+00 4.790494237262993948e+00 -1.355419916590438367e+00
2.368034663509894333e+00 4.825612053939328128e+00 -2.901133525776335986e+00
2.383821561266627143e+00 4.882094033963114477e+00 -4.476890033060309193e+00
2.399608459023359508e+00 4.966964464379445054e+00 -6.129076789381799450e+00
2.415395356780092317e+00 5.075612251197381575e+00 -9.451348323622319469e+00
2.431182254536824683e+00 5.265379403676028858e+00 -1.323373625126534137e+01
2.446969152293557492e+00 5.493451533473965753e+00 -1.523006206196035528e+01
2.462756050050290302e+00 5.746250268877750145e+00 -1.601756590019540027e+01
2.478542947807022667e+00 5.999186883830189387e+00 -1.651296197975868552e+01
2.494329845563755477e+00 6.267627153748277280e+00 -1.779212574386352230e+01
2.510116743320487842e+00 6.560951823816797202e+00 -1.789435288628736131e+01
2.525903641077220652e+00 6.832619792625701294e+00 -1.512720719336845221e+01
2.541690538833953461e+00 7.038575170430033445e+00 -1.155524383203286831e+01
2.557477436590685826e+00 7.197462698486537747e+00 -7.821925096380497600e+00
2.573264334347418636e+00 7.285543033944793301e+00 -4.093255918390387826e+00
2.589051232104151001e+00 7.326702323838077291e+00 -6.545417162314924597e-02
2.604838129860883811e+00 7.287609670575125875e+00 6.126369081418888918e+00
2.620625027617616620e+00 7.133269599221341295e+00 1.105147117962176040e+01
2.636411925374348986e+00 6.938672779426793724e+00 1.400487405837798605e+01
2.652198823131081795e+00 6.691082569510280464e+00 1.722514339217992685e+01
2.667985720887814161e+00 6.394809624271987403e+00 1.908737791204413980e+01
2.683772618644546970e+00 6.088421602427165347e+00 1.975695875281720859e+01
2.699559516401279780e+00 5.771007448642569315e+00 1.943520153541650330e+01
2.715346414158012145e+00 5.474778523384938644e+00 1.731919975018157842e+01
2.731133311914744954e+00 5.224174577273477560e+00 1.674760271735882711e+01
2.746920209671477320e+00 4.945993139846295961e+00 1.672547745473127279e+01
2.762707107428210129e+00 4.696087772252719006e+00 1.488511200843027460e+01
2.778494005184942495e+00 4.476013657097092313e+00 1.360010534610040445e+01
2.794280902941675304e+00 4.266680827093359163e+00 1.355459376992083698e+01
2.810067800698408114e+00 4.048043685137521663e+00 1.389196488586938116e+01
2.825854698455140479e+00 3.828058768506679588e+00 1.446700940354311271e+01
2.841641596211873289e+00 3.591265288538672440e+00 1.307271408396196044e+01
2.857428493968605654e+00 3.415303567213667346e+00 1.125502902563454022e+01
2.873215391725338463e+00 3.235901303585171362e+00 1.131397261535365040e+01
2.889002289482071273e+00 3.058078509411545465e+00 1.132255565254356178e+01
2.904789187238803638e+00 2.878405246721930766e+00 9.892372565070981949e+00
2.920576084995536448e+00 2.745738760898980502e+00 7.358123519752036934e+00
2.936362982752268813e+00 2.646081359346460715e+00 4.269939014704659641e+00
2.952149880509001623e+00 2.610920579593728252e+00 1.639933410506035694e+00
2.967936778265734432e+00 2.594302437187443466e+00 -1.894689726038546240e+00
2.983723676022466798e+00 2.670743125565132825e+00 -6.608259508977531560e+00
2.999510573779199607e+00 2.802950271623812384e+00 -1.245278596462732423e+01
3.015297471535931972e+00 3.063924843185226177e+00 -1.896774323498444659e+01
3.031084369292664782e+00 3.401833917877125302e+00 -2.383830043037828972e+01
3.046871267049397591e+00 3.816590466362541179e+00 -2.681291806744039619e+01
3.062658164806129957e+00 4.248419510057786397e+00 -3.153344287713374783e+01
3.078445062562862766e+00 4.812220943600699741e+00 -3.724368279376344759e+01
3.094231960319595132e+00 5.424343934756437946e+00 -4.110585533142212711e+01
3.110018858076327941e+00 6.110088814241107613e+00 -4.505237464238481238e+01
3.125805755833060751e+00 6.846818399111123554e+00 -4.552214947373222032e+01
3.141592653589793116e+00 7.547395853058128878e+00 -4.437714519613142272e+01
