0.000000000000000000e+00 9.778195212140460058e+01 4.818429710783727948e+00
1.578689775673262907e-02 9.770588406421245509e+01 9.636859421564755834e+00
3.157379551346525814e-02 9.747767989263610389e+01 1.927371884312771044e+01
4.736069327019788722e-02 9.709733960667551855e+01 2.891057826469201686e+01
6.314759102693051629e-02 9.656486320633068487e+01 3.372900797547394802e+01
7.893448878366314536e-02 9.603238680598586541e+01 3.372900797547349327e+01
9.472138654039577443e-02 9.549991040564104594e+01 3.372900797547394802e+01
1.105082842971284035e-01 9.496743400529621226e+01 3.372900797547439566e+01
1.262951820538610326e-01 9.443495760495137858e+01 3.372900797547394802e+01
1.420820798105936755e-01 9.390248120460655912e+01 3.372900797547349327e+01
1.578689775673262907e-01 9.337000480426173965e+01 3.372900797547394802e+01
1.736558753240589059e-01 9.283752840391690597e+01 3.372900797547394802e+01
1.894427730807915489e-01 9.230505200357208651e+01 3.372900797547349327e+01
2.052296708375241918e-01 9.177257560322726704e+01 3.372900797547349327e+01
2.210165685942568070e-01 9.124009920288244757e+01 3.372900797547349327e+01
2.368034663509894222e-01 9.070762280253762810e+01 3.372900797547439566e+01
2.525903641077220652e-01 9.017514640219278022e+01 3.372900797547439566e+01
2.683772618644547081e-01 8.964267000184796075e+01 3.372900797547394802e+01
2.841641596211873511e-01 8.911019360150312707e+01 3.372900797547439566e+01
2.999510573779199385e-01 8.857771720115829339e+01 3.372900797547394802e+01
3.157379551346525814e-01 8.804524080081347392e+01 3.372900797547349327e+01
3.315248528913852244e-01 8.751276440046865446e+01 3.372900797547349327e+01
3.473117506481178118e-01 8.698028800012383499e+01 3.372900797547394802e+01
3.630986484048504548e-01 8.644781159977900131e+01 3.372900797547394802e+01
3.788855461615830977e-01 8.591533519943418185e+01 3.372900797547394802e+01
3.946724439183157407e-01 8.538285879908934817e+01 3.372900797547394802e+01
4.104593416750483836e-01 8.485038239874452870e+01 3.372900797547394802e+01
4.262462394317809711e-01 8.431790599839969502e+01 3.372900797547394802e+01
4.420331371885136140e-01 8.378542959805487556e+01 3.372900797547349327e+01
4.578200349452462570e-01 8.325295319771005609e+01 3.372900797547349327e+01
4.736069327019788444e-01 8.272047679736523662e+01 3.372900797547394802e+01
4.893938304587114874e-01 8.218800039702040294e+01 3.372900797547394802e+01
5.051807282154441303e-01 8.165552399667558348e+01 3.372900797547349327e+01
5.209676259721767178e-01 8.112304759633076401e+01 3.372900797547439566e+01
5.367545237289094162e-01 8.059057119598591612e+01 3.372900797547439566e+01
5.525414214856420037e-01 8.005809479564109665e+01 3.372900797547394802e+01
5.683283192423747021e-01 7.952561839529626297e+01 3.372900797547394802e+01
5.841152169991072896e-01 7.899314199495144351e+01 3.372900797547394802e+01
5.999021147558398770e-01 7.846066559460660983e+01 3.372900797547394802e+01
6.156890125125725755e-01 7.792818919426179036e+01 3.372900797547394802e+01
6.314759102693051629e-01 7.739571279391695668e+01 3.372900797547394802e+01
6.472628080260377503e-01 7.686323639357213722e+01 3.372900797547349327e+01
6.630497057827704488e-01 7.633075999322731775e+01 3.372900797547349327e+01
6.788366035395030362e-01 7.579828359288249828e+01 3.372900797547394802e+01
6.946235012962356237e-01 7.526580719253766460e+01 3.372900797547394802e+01
7.104103990529683221e-01 7.473333079219284514e+01 3.372900797547349327e+01
7.261972968097009096e-01 7.420085439184802567e+01 3.372900797547394802e+01
7.419841945664336080e-01 7.366837799150319199e+01 3.372900797547394802e+01
7.577710923231661955e-01 7.313590159115837253e+01 3.372900797547394802e+01
7.735579900798987829e-01 7.260342519081353885e+01 3.372900797547394802e+01
7.893448878366314814e-01 7.207094879046871938e+01 3.372900797547394802e+01
8.051317855933640688e-01 7.153847239012388570e+01 3.372900797547394802e+01
8.209186833500967673e-01 7.100599598977906624e+01 3.372900797547349327e+01
8.367055811068293547e-01 7.047351958943424677e+01 3.372900797547394802e+01
8.524924788635619421e-01 6.994104318908941309e+01 3.372900797547439566e+01
8.682793766202946406e-01 6.940856678874457941e+01 3.372900797547394802e+01
8.840662743770272280e-01 6.887609038839975995e+01 3.372900797547349327e+01
8.998531721337598155e-01 6.834361398805494048e+01 3.372900797547394802e+01
9.156400698904925139e-01 6.781113758771010680e+01 3.372900797547394802e+01
9.314269676472251014e-01 6.727866118736528733e+01 3.372900797547394802e+01
9.472138654039576888e-01 6.674618478702045365e+01 3.372900797547394802e+01
9.630007631606903873e-01 6.621370838667563419e+01 3.372900797547349327e+01
9.787876609174229747e-01 6.568123198633081472e+01 3.372900797547349327e+01
9.945745586741556732e-01 6.514875558598599525e+01 3.372900797547394802e+01
1.010361456430888261e+00 6.461627918564116158e+01 3.372900797547394802e+01
1.026148354187620848e+00 6.408380278529634211e+01 3.372900797547394802e+01
1.041935251944353436e+00 6.355132638495150843e+01 3.372900797547416829e+01
1.057722149701086245e+00 6.301884998460668186e+01 3.372900797547394802e+01
1.073509047457818832e+00 6.248637358426185529e+01 3.372900797547416829e+01
1.089295945214551420e+00 6.195389718391702161e+01 3.372900797547394802e+01
1.105082842971284007e+00 6.142142078357220214e+01 3.372900797547394802e+01
1.120869740728016595e+00 6.088894438322736846e+01 3.372900797547394802e+01
1.136656638484749404e+00 6.035646798288254899e+01 3.372900797547372065e+01
1.152443536241481992e+00 5.982399158253772242e+01 3.372900797547394802e+01
1.168230433998214579e+00 5.929151518219289585e+01 3.372900797547394802e+01
1.184017331754947167e+00 5.875903878184806928e+01 3.372900797547372065e+01
1.199804229511679754e+00 5.822656238150324981e+01 3.372900797547349327e+01
1.215591127268412341e+00 5.769408598115843034e+01 3.372900797547372065e+01
1.231378025025145151e+00 5.716160958081360377e+01 3.372900797547372065e+01
1.247164922781877738e+00 5.662913318046878430e+01 3.372900797547372065e+01
1.262951820538610326e+00 5.609665678012395773e+01 3.372900797547394802e+01
1.278738718295342913e+00 5.556418037977913116e+01 3.372900797547416829e+01
1.294525616052075501e+00 5.503170397943429748e+01 3.372900797547416829e+01
1.310312513808808310e+00 5.449922757908947091e+01 3.372900797547372065e+01
1.326099411565540898e+00 5.396675117874465144e+01 3.372900797547372065e+01
1.341886309322273485e+00 5.343427477839982487e+01 3.372900797547416829e+01
1.357673207079006072e+00 5.290179837805499119e+01 3.372900797547394802e+01
1.373460104835738660e+00 5.236932197771017172e+01 3.372900797547394802e+01
1.389247002592471247e+00 5.183684557736533804e+01 3.372900797547394802e+01
1.405033900349204057e+00 5.130436917702051858e+01 3.372900797547372065e+01
1.420820798105936644e+00 5.077189277667569201e+01 3.372900797547394802e+01
1.436607695862669232e+00 5.023941637633086543e+01 3.372900797547394802e+01
1.452394593619401819e+00 4.970693997598603886e+01 3.372900797547372065e+01
1.468181491376134407e+00 4.917446357564121939e+01 3.372900797547372065e+01
1.483968389132867216e+00 4.864198717529639282e+01 3.372900797547372065e+01
1.499755286889599804e+00 4.810951077495157335e+01 3.372900797547416829e+01
1.515542184646332391e+00 4.757703437460673257e+01 3.372900797547439566e+01
1.531329082403064978e+00 4.704455797426190600e+01 3.372900797547372065e+01
1.547115980159797566e+00 4.651208157391708653e+01 3.372900797547372065e+01
1.562902877916530375e+00 4.597960517357225996e+01 3.372900797547372065e+01
1.578689775673262963e+00 4.544712877322744049e+01 3.372900797547372065e+01
1.594476673429995550e+00 4.491465237288261392e+01 3.372900797547416829e+01
1.610263571186728138e+00 4.438217597253778024e+01 3.135181044889562685e+01
1.626050468943460725e+00 4.392475672079226001e+01 3.267798196605421879e+01
1.641837366700193535e+00 4.335040805214887882e+01 3.505517949263276734e+01
1.657624264456926122e+00 4.281793165180405225e+01 4.197230326659551736e+01
1.673411162213658709e+00 4.202518313158024199e+01 5.097431428396949826e+01
1.689198059970391297e+00 4.120847907616288808e+01 5.110832691880304424e+01
1.704984957727123884e+00 4.041149926841062268e+01 5.620051840398814846e+01
1.720771855483856472e+00 3.943401540032462549e+01 6.200087968033874120e+01
1.736558753240589281e+00 3.845389617172864405e+01 6.371193444577406240e+01
1.752345650997321869e+00 3.742238781036645179e+01 6.790764796917430601e+01
1.768132548754054456e+00 3.630979398094955002e+01 6.401830235105705924e+01
1.783919446510787044e+00 3.540108702281498410e+01 6.109189564508000103e+01
1.799706344267519631e+00 3.438089096032183534e+01 7.134044118754384556e+01
1.815493242024252440e+00 3.314859852091908010e+01 7.582691596603841333e+01
1.831280139780985028e+00 3.198674742119342440e+01 8.137023937729458112e+01
1.847067037537717615e+00 3.057943122193866259e+01 8.561200370434633555e+01
1.862853935294450203e+00 2.928365152273436323e+01 8.464226211576851711e+01
1.878640833051182790e+00 2.790695374609826018e+01 8.641375321971753465e+01
1.894427730807915378e+00 2.655524134902395161e+01 8.366840944226707677e+01
1.910214628564648187e+00 2.526522449543123372e+01 7.894876377638809117e+01
1.926001526321380775e+00 2.406252922550740081e+01 7.536461045902927935e+01
1.941788424078113362e+00 2.288567769584587808e+01 7.200405914196802826e+01
1.957575321834845949e+00 2.178908778601944363e+01 7.090550083603525877e+01
1.973362219591578537e+00 2.064692191166906099e+01 7.181457513480523858e+01
1.989149117348311346e+00 1.952162907582671636e+01 7.255861626831884337e+01
2.004936015105043712e+00 1.835597099887316830e+01 7.396429293042491793e+01
2.020722912861776521e+00 1.718629561554343610e+01 7.278915942340205447e+01
2.036509810618509331e+00 1.605774096364164905e+01 7.080712505317454486e+01
2.052296708375241696e+00 1.495064592821814031e+01 6.975429803817340257e+01
2.068083606131974506e+00 1.385533302119905130e+01 6.752683372538785989e+01
2.083870503888706871e+00 1.281856748850097460e+01 6.321193653633920917e+01
2.099657401645439680e+00 1.185949226299053372e+01 6.038106610662156726e+01
2.115444299402172490e+00 1.091210805436547737e+01 5.796183632500969907e+01
2.131231197158904855e+00 1.002941709527973480e+01 5.439402402106943413e+01
2.147018094915637665e+00 9.194682262769713788e+00 5.137011675064471916e+01
2.162804992672370030e+00 8.407467533492042122e+00 4.668245463518864113e+01
2.178591890429102840e+00 7.720739986051649240e+00 4.153245490417341301e+01
2.194378788185835649e+00 7.096130295175453462e+00 3.807089814551154205e+01
2.210165685942568015e+00 6.518697232991303991e+00 3.264958800858343579e+01
2.225952583699300824e+00 6.065258879793552715e+00 2.692501665326685867e+01
2.241739481456033189e+00 5.668572262984409527e+00 2.299797457309350790e+01
2.257526379212765999e+00 5.339125533398824786e+00 1.811391878841863701e+01
2.273313276969498808e+00 5.096647095211363165e+00 1.383213982256310537e+01
2.289100174726231174e+00 4.902392379127557653e+00 1.060362545129522793e+01
2.304887072482963983e+00 4.761850393510791868e+00 6.963589929544863999e+00
2.320673970239696349e+00 4.682525414652482176e+00 4.749846691087499018e+00
2.336460867996429158e+00 4.611879705366085602e+00 2.783893501389982816e+00
2.352247765753161524e+00 4.594627330508330054e+00 -5.223649486896453364e-01
2.368034663509894333e+00 4.628372749439414235e+00 -3.171390148161405520e+00
2.383821561266627143e+00 4.694760154539796559e+00 -5.830242260561386836e+00
2.399608459023359508e+00 4.812455626368342898e+00 -9.088004840302748022e+00
2.415395356780092317e+00 4.981702960992897999e+00 -1.186143582878131397e+01
2.431182254536824683e+00 5.186966175722374395e+00 -1.454316243819559951e+01
2.446969152293557492e+00 5.440885797935594681e+00 -1.632688891478624171e+01
2.462756050050290302e+00 5.702468027688897934e+00 -1.677120468260710595e+01
2.478542947807022667e+00 5.970416385098702428e+00 -1.715890874671277899e+01
2.494329845563755477e+00 6.244239903691817695e+00 -1.703759654051621553e+01
2.510116743320487842e+00 6.508357974309884497e+00 -1.563880154727954519e+01
2.525903641077220652e+00 6.738016225821286120e+00 -1.363904745308845179e+01
2.541690538833953461e+00 6.938994469592148384e+00 -1.105426906604871817e+01
2.557477436590685826e+00 7.087041456863532929e+00 -8.257131386266122419e+00
2.573264334347418636e+00 7.199703447509930854e+00 -5.670687608736542984e+00
2.589051232104151001e+00 7.266086587842521816e+00 -2.013313290556240531e+00
2.604838129860883811e+00 7.263271389650495458e+00 2.858867779483648341e+00
2.620625027617616620e+00 7.175821281173070609e+00 7.941602873268097440e+00
2.636411925374348986e+00 7.012524844480780395e+00 1.206242216721107319e+01
2.652198823131081795e+00 6.794964830268457767e+00 1.470530270364736225e+01
2.667985720887814161e+00 6.548222623952210775e+00 1.655503605048298965e+01
2.683772618644546970e+00 6.272259507292462288e+00 1.800965132774706490e+01
2.699559516401279780e+00 5.979589575661116818e+00 1.866067344519211701e+01
2.715346414158012145e+00 5.683071219790415185e+00 1.844298779653625786e+01
2.731133311914744954e+00 5.397274450315945771e+00 1.686931143177069004e+01
2.746920209671477320e+00 5.150443030190725580e+00 1.659456223010721132e+01
2.762707107428210129e+00 4.873321135827066719e+00 1.786485656315443293e+01
2.778494005184942495e+00 4.586381702188299769e+00 1.900918100963322388e+01
2.794280902941675304e+00 4.273129141750460214e+00 2.012973966004030757e+01
2.810067800698408114e+00 3.950809418422895458e+00 1.999505597137191515e+01
2.825854698455140479e+00 3.641809333230070944e+00 1.895217861428663042e+01
2.841641596211873289e+00 3.352417206320740029e+00 1.850067862612183234e+01
2.857428493968605654e+00 3.057672689428562851e+00 1.605672258506077199e+01
2.873215391725338463e+00 2.845445530803591971e+00 1.257595137357884063e+01
2.889002289482071273e+00 2.660602172371901997e+00 9.476130126144276744e+00
2.904789187238803638e+00 2.546248135941724833e+00 6.452727314663178504e+00
2.920576084995536448e+00 2.456865079634575011e+00 4.941571553988364229e+00
2.936362982752268813e+00 2.390223966180939463e+00 3.147949258019197671e+00
2.952149880509001623e+00 2.357472373475112182e+00 3.575431106995526909e-01
2.967936778265734432e+00 2.378934973116463514e+00 -1.798034569725224019e+00
2.983723676022466798e+00 2.414243149305757896e+00 -4.930578252340737322e+00
2.999510573779199607e+00 2.534612042619008854e+00 -9.627392506342054901e+00
3.015297471535931972e+00 2.718216471628869702e+00 -1.508434778168435031e+01
3.031084369292664782e+00 3.010882154931903809e+00 -2.063687776890908054e+01
3.046871267049397591e+00 3.369801030340782155e+00 -2.333829905061420362e+01
3.062658164806129957e+00 3.747760836788097016e+00 -2.838913995539914481e+01
3.078445062562862766e+00 4.266153930095700986e+00 -3.490213321220832654e+01
3.094231960319595132e+00 4.849753653814087073e+00 -3.777204151772319562e+01
3.110018858076327941e+00 5.458760645102413100e+00 -4.155343737181301123e+01
3.125805755833060751e+00 6.161753388273296217e+00 -4.254524940168214187e+01
3.141592653589793116e+00 6.802075649780505273e+00 -4.056036033008012254e+01
