0.000000000000000000e+00 2.915015071933827357e+02 2.055730116850351763e+01
1.578689775673262907e-02 2.911769711816812105e+02 4.111460233700703526e+01
3.157379551346525814e-02 2.902033631465766348e+02 8.222920467401587530e+01
4.736069327019788722e-02 2.885806830880689517e+02 1.233438070110229035e+02
6.314759102693051629e-02 2.863089310061582751e+02 1.439011081795264317e+02
7.893448878366314536e-02 2.840371789242475415e+02 1.439011081795282223e+02
9.472138654039577443e-02 2.817654268423368080e+02 1.439011081795264317e+02
1.105082842971284035e-01 2.794936747604261313e+02 1.439011081795264317e+02
1.262951820538610326e-01 2.772219226785153978e+02 1.439011081795282223e+02
1.420820798105936755e-01 2.749501705966046643e+02 1.439011081795282223e+02
1.578689775673262907e-01 2.726784185146939308e+02 1.439011081795282223e+02
1.736558753240589059e-01 2.704066664327831973e+02 1.439011081795282223e+02
1.894427730807915489e-01 2.681349143508724637e+02 1.439011081795282223e+02
2.052296708375241918e-01 2.658631622689617302e+02 1.439011081795264317e+02
2.210165685942568070e-01 2.635914101870510535e+02 1.439011081795264317e+02
2.368034663509894222e-01 2.613196581051403200e+02 1.439011081795264317e+02
2.525903641077220652e-01 2.590479060232296433e+02 1.439011081795264317e+02
2.683772618644547081e-01 2.567761539413189098e+02 1.439011081795273128e+02
2.841641596211873511e-01 2.545044018594082047e+02 1.439011081795273128e+02
2.999510573779199385e-01 2.522326497774974712e+02 1.439011081795273128e+02
3.157379551346525814e-01 2.499608976955867661e+02 1.439011081795273128e+02
3.315248528913852244e-01 2.476891456136760326e+02 1.439011081795282223e+02
3.473117506481178118e-01 2.454173935317652990e+02 1.439011081795282223e+02
3.630986484048504548e-01 2.431456414498545655e+02 1.439011081795273128e+02
3.788855461615830977e-01 2.408738893679438604e+02 1.439011081795273128e+02
3.946724439183157407e-01 2.386021372860331269e+02 1.439011081795282223e+02
4.104593416750483836e-01 2.363303852041223934e+02 1.439011081795273128e+02
4.262462394317809711e-01 2.340586331222116883e+02 1.439011081795273128e+02
4.420331371885136140e-01 2.317868810403009547e+02 1.439011081795282223e+02
4.578200349452462570e-01 2.295151289583902212e+02 1.439011081795282223e+02
4.736069327019788444e-01 2.272433768764794877e+02 1.439011081795264317e+02
4.893938304587114874e-01 2.249716247945688110e+02 1.439011081795264317e+02
5.051807282154441303e-01 2.226998727126580775e+02 1.439011081795273128e+02
5.209676259721767178e-01 2.204281206307473724e+02 1.439011081795273128e+02
5.367545237289094162e-01 2.181563685488366389e+02 1.439011081795282223e+02
5.525414214856420037e-01 2.158846164669259053e+02 1.439011081795273128e+02
5.683283192423747021e-01 2.136128643850152002e+02 1.439011081795264317e+02
5.841152169991072896e-01 2.113411123031044951e+02 1.439011081795264317e+02
5.999021147558398770e-01 2.090693602211937900e+02 1.439011081795282223e+02
6.156890125125725755e-01 2.067976081392830281e+02 1.439011081795282223e+02
6.314759102693051629e-01 2.045258560573723230e+02 1.439011081795273128e+02
6.472628080260377503e-01 2.022541039754615895e+02 1.439011081795273128e+02
6.630497057827704488e-01 1.999823518935508844e+02 1.439011081795264317e+02
6.788366035395030362e-01 1.977105998116401793e+02 1.439011081795273128e+02
6.946235012962356237e-01 1.954388477297294457e+02 1.439011081795282223e+02
7.104103990529683221e-01 1.931670956478187122e+02 1.439011081795273128e+02
7.261972968097009096e-01 1.908953435659080071e+02 1.439011081795264317e+02
7.419841945664336080e-01 1.886235914839973020e+02 1.439011081795273128e+02
7.577710923231661955e-01 1.863518394020865685e+02 1.439011081795282223e+02
7.735579900798987829e-01 1.840800873201758350e+02 1.439011081795282223e+02
7.893448878366314814e-01 1.818083352382651015e+02 1.439011081795273128e+02
8.051317855933640688e-01 1.795365831563543964e+02 1.439011081795264317e+02
8.209186833500967673e-01 1.772648310744436913e+02 1.439011081795282223e+02
8.367055811068293547e-01 1.749930789925329293e+02 1.439011081795282223e+02
8.524924788635619421e-01 1.727213269106222242e+02 1.439011081795264317e+02
8.682793766202946406e-01 1.704495748287115191e+02 1.439011081795273128e+02
8.840662743770272280e-01 1.681778227468007856e+02 1.439011081795273128e+02
8.998531721337598155e-01 1.659060706648900805e+02 1.439011081795273128e+02
9.156400698904925139e-01 1.636343185829793470e+02 1.439011081795282223e+02
9.314269676472251014e-01 1.613625665010686134e+02 1.439011081795273128e+02
9.472138654039576888e-01 1.590908144191579083e+02 1.439011081795264317e+02
9.630007631606903873e-01 1.568190623372472032e+02 1.439011081795273128e+02
9.787876609174229747e-01 1.545473102553364697e+02 1.439011081795282223e+02
9.945745586741556732e-01 1.522755581734257362e+02 1.439011081795273128e+02
1.010361456430888261e+00 1.500038060915150311e+02 1.439011081795273128e+02
1.026148354187620848e+00 1.477320540096042976e+02 1.439011081795273128e+02
1.041935251944353436e+00 1.454603019276935925e+02 1.439011081795273128e+02
1.057722149701086245e+00 1.431885498457828589e+02 1.439011081795273128e+02
1.073509047457818832e+00 1.409167977638721538e+02 1.439011081795273128e+02
1.089295945214551420e+00 1.386450456819614203e+02 1.439011081795282223e+02
1.105082842971284007e+00 1.363732936000506868e+02 1.439011081795282223e+02
1.120869740728016595e+00 1.341015415181399533e+02 1.439011081795264317e+02
1.136656638484749404e+00 1.318297894362292766e+02 1.439011081795264317e+02
1.152443536241481992e+00 1.295580373543185431e+02 1.439011081795282223e+02
1.168230433998214579e+00 1.272862852724078095e+02 1.439011081795277676e+02
1.184017331754947167e+00 1.250145331904970902e+02 1.439011081795264317e+02
1.199804229511679754e+00 1.227427811085863993e+02 1.439011081795268865e+02
1.215591127268412341e+00 1.204710290266756658e+02 1.439011081795273128e+02
1.231378025025145151e+00 1.181992769447649607e+02 1.439011081795268865e+02
1.247164922781877738e+00 1.159275248628542414e+02 1.439011081795282223e+02
1.262951820538610326e+00 1.136557727809434937e+02 1.439011081795286771e+02
1.278738718295342913e+00 1.113840206990327601e+02 1.439011081795273128e+02
1.294525616052075501e+00 1.091122686171220550e+02 1.439011081795268865e+02
1.310312513808808310e+00 1.068405165352113357e+02 1.439011081795273128e+02
1.326099411565540898e+00 1.045687644533006164e+02 1.439011081795273128e+02
1.341886309322273485e+00 1.022970123713898971e+02 1.439011081795268865e+02
1.357673207079006072e+00 1.000252602894791920e+02 1.439011081795268865e+02
1.373460104835738660e+00 9.775350820756847270e+01 1.439011081795277676e+02
1.389247002592471247e+00 9.548175612565773918e+01 1.439011081795277676e+02
1.405033900349204057e+00 9.321000404374701986e+01 1.439011081795273128e+02
1.420820798105936644e+00 9.093825196183630055e+01 1.439011081795268865e+02
1.436607695862669232e+00 8.866649987992559545e+01 1.439011081795277676e+02
1.452394593619401819e+00 8.639474779801484772e+01 1.439011081795282223e+02
1.468181491376134407e+00 8.412299571610412841e+01 1.439011081795268865e+02
1.483968389132867216e+00 8.185124363419342330e+01 1.439011081795273128e+02
1.499755286889599804e+00 7.957949155228268978e+01 1.439011081795273128e+02
1.515542184646332391e+00 7.730773947037198468e+01 1.439011081795273128e+02
1.531329082403064978e+00 7.503598738846125116e+01 1.439011081795277676e+02
1.547115980159797566e+00 7.276423530655053185e+01 1.439011081795273128e+02
1.562902877916530375e+00 7.049248322463981253e+01 1.439011081795268865e+02
1.578689775673262963e+00 6.822073114272910743e+01 1.439011081795273128e+02
1.594476673429995550e+00 6.594897906081837391e+01 1.439011081795277676e+02
1.610263571186728138e+00 6.367722697890765460e+01 1.439011081795273128e+02
1.626050468943460725e+00 6.140547489699693529e+01 1.439011081795273128e+02
1.641837366700193535e+00 5.913372281508621597e+01 1.439011081795273128e+02
1.657624264456926122e+00 5.686197073317549666e+01 1.439011081795275402e+02
1.673411162213658709e+00 5.459021865126477024e+01 1.439011081795277676e+02
1.689198059970391297e+00 5.231846656935404383e+01 1.439011081795273128e+02
1.704984957727123884e+00 5.004671448744333162e+01 1.351650740185213806e+02
1.720771855483856472e+00 4.805079216173085399e+01 1.306687453274413144e+02
1.736558753240589281e+00 4.592100624247363072e+01 1.394047794884472466e+02
1.752345650997321869e+00 4.364925416056290430e+01 1.474693794670469345e+02
1.768132548754054456e+00 4.126483821068347879e+01 1.280859594816830906e+02
1.783919446510787044e+00 3.960509426774224551e+01 1.044631408426382961e+02
1.799706344267519631e+00 3.796654036302369661e+01 1.002468737113560309e+02
1.815493242024252440e+00 3.643991997631571422e+01 1.021742514712369427e+02
1.831280139780985028e+00 3.474051144032948457e+01 1.000917440689651130e+02
1.847067037537717615e+00 3.327964371649611053e+01 8.379687309126914840e+01
1.862853935294450203e+00 3.209472610467795306e+01 6.612556645549246070e+01
1.878640833051182790e+00 3.119180860301833391e+01 7.966636669466605269e+01
1.894427730807915378e+00 2.957935653335982806e+01 9.772508083554274094e+01
1.910214628564648187e+00 2.810625688418004486e+01 9.299897270466637167e+01
1.926001526321380775e+00 2.664302598622035489e+01 9.054492290585623948e+01
1.941788424078113362e+00 2.524741000356806353e+01 8.905353362275630502e+01
1.957575321834845949e+00 2.383126792586394416e+01 8.913914801185357817e+01
1.973362219591578537e+00 2.243294877199728532e+01 9.017737207383251530e+01
1.989149117348311346e+00 2.098402602006308371e+01 8.721481472562027193e+01
2.004936015105043712e+00 1.967924604610579209e+01 8.160074490668837655e+01
2.020722912861776521e+00 1.840758078663286312e+01 8.052575779124947530e+01
2.036509810618509331e+00 1.713674223603804947e+01 8.056122669365424827e+01
2.052296708375241696e+00 1.586395708869350507e+01 7.699782329378696488e+01
2.068083606131974506e+00 1.470562870837808767e+01 7.285718325186191180e+01
2.083870503888706871e+00 1.356357928301215132e+01 6.957848472008188878e+01
2.099657401645439680e+00 1.250877185968945504e+01 6.526860748016822811e+01
2.115444299402172490e+00 1.150280161698469072e+01 6.438299208385258510e+01
2.131231197158904855e+00 1.047595643308884128e+01 6.165045205181105104e+01
2.147018094915637665e+00 9.556262850588113977e+00 5.719248249629958281e+01
2.162804992672370030e+00 8.670172685843237304e+00 5.532320630475587819e+01
2.178591890429102840e+00 7.809499247572500025e+00 5.191493366092718276e+01
2.194378788185835649e+00 7.031021186338008100e+00 4.818214205326135158e+01
2.210165685942568015e+00 6.288206146982091127e+00 4.555017253530009924e+01
2.225952583699300824e+00 5.592829353105381429e+00 4.055663071180009638e+01
2.241739481456033189e+00 5.007679382172590010e+00 3.505226080703632618e+01
2.257526379212765999e+00 4.486096438099363759e+00 3.007617839247371450e+01
2.273313276969498808e+00 4.058060275782122694e+00 2.472340507140330246e+01
2.289100174726231174e+00 3.705484701978305928e+00 2.090235417716971966e+01
2.304887072482963983e+00 3.398093619242139596e+00 1.713915098949178528e+01
2.320673970239696349e+00 3.164336653361686569e+00 1.289581747079346208e+01
2.336460867996429158e+00 2.990923715440334085e+00 9.510386432697879755e+00
2.352247765753161524e+00 2.864057656881649372e+00 7.020987969726985689e+00
2.368034663509894333e+00 2.769244476981674641e+00 4.656868251518712754e+00
2.383821561266627143e+00 2.717022650975049025e+00 1.546061222965106507e+00
2.399608459023359508e+00 2.720429456076476349e+00 -2.091323077446485268e+00
2.415395356780092317e+00 2.783053658174935219e+00 -5.271475958704841425e+00
2.431182254536824683e+00 2.886869960050771233e+00 -7.681225316629597621e+00
2.446969152293557492e+00 3.025579095615050562e+00 -9.336026843967907496e+00
2.462756050050290302e+00 3.181643762530436348e+00 -1.072043056740233169e+01
2.478542947807022667e+00 3.364063778166514140e+00 -1.153447631720231037e+01
2.494329845563755477e+00 3.545830959124689929e+00 -1.076077095690843777e+01
2.510116743320487842e+00 3.703822159927177005e+00 -9.396826525452119938e+00
2.525903641077220652e+00 3.842524438314821378e+00 -8.222140233225678330e+00
2.541690538833953461e+00 3.963426334334080092e+00 -7.334952899315800856e+00
2.557477436590685826e+00 4.074116741258717589e+00 -6.791487545169028195e+00
2.573264334347418636e+00 4.177859373317493130e+00 -5.758698519420945239e+00
2.589051232104151001e+00 4.255940710734609667e+00 -4.807561873145889564e+00
2.604838129860883811e+00 4.329652348818533447e+00 -4.958310901171461005e+00
2.620625027617616620e+00 4.412493405220383025e+00 -5.305520144875116806e+00
2.636411925374348986e+00 4.497167756965390950e+00 -5.766828667457770230e+00
2.652198823131081795e+00 4.594574074327884006e+00 -5.956831820193964511e+00
2.667985720887814161e+00 4.685247546764298221e+00 -5.627085924451336929e+00
2.683772618644546970e+00 4.772242534643209133e+00 -6.549469002813673946e+00
2.699559516401279780e+00 4.892039141780916367e+00 -8.263482695963103808e+00
2.715346414158012145e+00 5.033152047514606764e+00 -9.230523754297710326e+00
2.731133311914744954e+00 5.183481811281295926e+00 -9.992691822338906960e+00
2.746920209671477320e+00 5.348659255742211904e+00 -1.023577030410672073e+01
2.762707107428210129e+00 5.506663929785961642e+00 -9.296487278200304516e+00
2.778494005184942495e+00 5.642184644057639531e+00 -8.594036277552023151e+00
2.794280902941675304e+00 5.778010273848691369e+00 -7.923572993026059663e+00
2.810067800698408114e+00 5.892361917475460231e+00 -8.100668288562074437e+00
2.825854698455140479e+00 6.033779117914162882e+00 -7.546200550554443609e+00
2.841641596211873289e+00 6.130624110562265194e+00 -7.399958939815829417e+00
2.857428493968605654e+00 6.267423908287947043e+00 -9.114862804468511825e+00
2.873215391725338463e+00 6.418414924883844463e+00 -1.473227948289464351e+01
2.889002289482071273e+00 6.732577888128082222e+00 -2.102199521458040365e+01
2.904789187238803638e+00 7.082159103074051387e+00 -2.171697490594371871e+01
2.920576084995536448e+00 7.418265212979405554e+00 -2.672922250181813908e+01
2.936362982752268813e+00 7.926102108580371564e+00 -3.893140589813862107e+01
2.952149880509001623e+00 8.647477461858949610e+00 -4.726489623633327142e+01
2.967936778265734432e+00 9.418434277311511948e+00 -5.083802289806101982e+01
2.983723676022466798e+00 1.025262680115119274e+01 -5.092074045257216852e+01
2.999510573779199607e+00 1.102619532375526390e+01 -5.034561117393739949e+01
3.015297471535931972e+00 1.184222883335752385e+01 -5.428517431804485227e+01
3.031084369292664782e+00 1.274018431708602783e+01 -5.237848477164951078e+01
3.046871267049397591e+00 1.349601640084273946e+01 -4.448093578596618869e+01
3.062658164806129957e+00 1.414461628783970326e+01 -4.012842058641278697e+01
3.078445062562862766e+00 1.476302294671646642e+01 -3.884809726051056344e+01
3.094231960319595132e+00 1.537119816683027373e+01 -3.844506022193568384e+01
3.110018858076327941e+00 1.597687941666672096e+01 -3.826930863325517151e+01
3.125805755833060751e+00 1.657950549205836310e+01 -3.834829724507093829e+01
3.141592653589793116e+00 1.718768071217217397e+01 -3.852404883375156430e+01
