0.000000000000000000e+00 2.871820895398529956e+02 3.380927057098784161e+01
1.578689775673262907e-02 2.866483460421191012e+02 6.761854114197028309e+01
3.157379551346525814e-02 2.850471155489175885e+02 1.352370822839387472e+02
4.736069327019788722e-02 2.823783980602483439e+02 2.028556234259090161e+02
6.314759102693051629e-02 2.786421935761114241e+02 2.366648939968932552e+02
7.893448878366314536e-02 2.749059890919745044e+02 2.366648939968932552e+02
9.472138654039577443e-02 2.711697846078375846e+02 2.366648939968932552e+02
1.105082842971284035e-01 2.674335801237006649e+02 2.366648939968932552e+02
1.262951820538610326e-01 2.636973756395637452e+02 2.366648939968950742e+02
1.420820798105936755e-01 2.599611711554267686e+02 2.366648939968950742e+02
1.578689775673262907e-01 2.562249666712898488e+02 2.366648939968932552e+02
1.736558753240589059e-01 2.524887621871529291e+02 2.366648939968932552e+02
1.894427730807915489e-01 2.487525577030160093e+02 2.366648939968932552e+02
2.052296708375241918e-01 2.450163532188790896e+02 2.366648939968941647e+02
2.210165685942568070e-01 2.412801487347421414e+02 2.366648939968941647e+02
2.368034663509894222e-01 2.375439442506052217e+02 2.366648939968932552e+02
2.525903641077220652e-01 2.338077397664683019e+02 2.366648939968941647e+02
2.683772618644547081e-01 2.300715352823313538e+02 2.366648939968941647e+02
2.841641596211873511e-01 2.263353307981944340e+02 2.366648939968932552e+02
2.999510573779199385e-01 2.225991263140575143e+02 2.366648939968941647e+02
3.157379551346525814e-01 2.188629218299205661e+02 2.366648939968941647e+02
3.315248528913852244e-01 2.151267173457836464e+02 2.366648939968932552e+02
3.473117506481178118e-01 2.113905128616467266e+02 2.366648939968923742e+02
3.630986484048504548e-01 2.076543083775098353e+02 2.366648939968941647e+02
3.788855461615830977e-01 2.039181038933728587e+02 2.366648939968950742e+02
3.946724439183157407e-01 2.001818994092359389e+02 2.366648939968932552e+02
4.104593416750483836e-01 1.964456949250990192e+02 2.366648939968941647e+02
4.262462394317809711e-01 1.927094904409620710e+02 2.366648939968932552e+02
4.420331371885136140e-01 1.889732859568251797e+02 2.366648939968923742e+02
4.578200349452462570e-01 1.852370814726882600e+02 2.366648939968950742e+02
4.736069327019788444e-01 1.815008769885512834e+02 2.366648939968950742e+02
4.893938304587114874e-01 1.777646725044143636e+02 2.366648939968923742e+02
5.051807282154441303e-01 1.740284680202774723e+02 2.366648939968932552e+02
5.209676259721767178e-01 1.702922635361405241e+02 2.366648939968941647e+02
5.367545237289094162e-01 1.665560590520036044e+02 2.366648939968950742e+02
5.525414214856420037e-01 1.628198545678666278e+02 2.366648939968950742e+02
5.683283192423747021e-01 1.590836500837297081e+02 2.366648939968923742e+02
5.841152169991072896e-01 1.553474455995928167e+02 2.366648939968923742e+02
5.999021147558398770e-01 1.516112411154558970e+02 2.366648939968941647e+02
6.156890125125725755e-01 1.478750366313189488e+02 2.366648939968941647e+02
6.314759102693051629e-01 1.441388321471820291e+02 2.366648939968932552e+02
6.472628080260377503e-01 1.404026276630451093e+02 2.366648939968941647e+02
6.630497057827704488e-01 1.366664231789081612e+02 2.366648939968941647e+02
6.788366035395030362e-01 1.329302186947712414e+02 2.366648939968932552e+02
6.946235012962356237e-01 1.291940142106343217e+02 2.366648939968941647e+02
7.104103990529683221e-01 1.254578097264973735e+02 2.366648939968941647e+02
7.261972968097009096e-01 1.217216052423604538e+02 2.366648939968937100e+02
7.419841945664336080e-01 1.179854007582235198e+02 2.366648939968937100e+02
7.577710923231661955e-01 1.142491962740866001e+02 2.366648939968937100e+02
7.735579900798987829e-01 1.105129917899496661e+02 2.366648939968941647e+02
7.893448878366314814e-01 1.067767873058127321e+02 2.366648939968937100e+02
8.051317855933640688e-01 1.030405828216758124e+02 2.366648939968937100e+02
8.209186833500967673e-01 9.930437833753887844e+01 2.366648939968941647e+02
8.367055811068293547e-01 9.556817385340194448e+01 2.366648939968937100e+02
8.524924788635619421e-01 9.183196936926502474e+01 2.366648939968937100e+02
8.682793766202946406e-01 8.809576488512809078e+01 2.366648939968937100e+02
8.840662743770272280e-01 8.435956040099117104e+01 2.366648939968937100e+02
8.998531721337598155e-01 8.062335591685423708e+01 2.366648939968941647e+02
9.156400698904925139e-01 7.688715143271730312e+01 2.259958668980145262e+02
9.314269676472251014e-01 7.348780862852801476e+01 2.285078749526621493e+02
9.472138654039576888e-01 6.967229051574545906e+01 2.391769020515417878e+02
9.630007631606903873e-01 6.593608603160852510e+01 2.417917211220155025e+02
9.787876609174229747e-01 6.203800815619012354e+01 2.461295236390165542e+02
9.945745586741556732e-01 5.816484278240360339e+01 2.425532150228307273e+02
1.010361456430888261e+00 5.437968254392569634e+01 2.400396944249593219e+02
1.026148354187620848e+00 5.058587855551525081e+01 2.490136865717286696e+02
1.041935251944353436e+00 4.651737532405580566e+01 2.373088255943036700e+02
1.057722149701086245e+00 4.309313822266011584e+01 2.126053137275701772e+02
1.073509047457818832e+00 3.980461862334537670e+01 1.907687311178159177e+02
1.089295945214551420e+00 3.706984531598295973e+01 1.642805898285778881e+02
1.105082842971284007e+00 3.461765687326639807e+01 1.473811916986826986e+02
1.120869740728016595e+00 3.241646170675792860e+01 1.276465196653020939e+02
1.136656638484749404e+00 3.058737176334862795e+01 1.055721762937297967e+02
1.152443536241481992e+00 2.908314740054819936e+01 9.025563758545715132e+01
1.168230433998214579e+00 2.773765871828797458e+01 7.765276587966303623e+01
1.184017331754947167e+00 2.663135484960872645e+01 6.793093270640935089e+01
1.199804229511679754e+00 2.559282133997683673e+01 6.052137975267898895e+01
1.215591127268412341e+00 2.472046518110486346e+01 4.888932088732609316e+01
1.231378025025145151e+00 2.404919991948821689e+01 3.574790181759803431e+01
1.247164922781877738e+00 2.359176823908059006e+01 2.264311979743233394e+01
1.262951820538610326e+00 2.333427068521719150e+01 9.473577460428732167e+00
1.278738718295342913e+00 2.329265144156403977e+01 -1.933807986924537037e+00
1.294525616052075501e+00 2.339532834315865273e+01 -1.084557871025620912e+01
1.310312513808808310e+00 2.363508752598686158e+01 -2.012495065291516383e+01
1.326099411565540898e+00 2.403074941979237522e+01 -2.659955619329117482e+01
1.341886309322273485e+00 2.447493647398276551e+01 -2.952342329422425138e+01
1.357673207079006072e+00 2.496291594974168859e+01 -3.205400017769579080e+01
1.373460104835738660e+00 2.548700292098191156e+01 -3.528979388456374977e+01
1.389247002592471247e+00 2.607714868556524124e+01 -3.871664606577108714e+01
1.405033900349204057e+00 2.670943438682977700e+01 -4.181127853196267807e+01
1.420820798105936644e+00 2.739728944408997080e+01 -4.492834198450460548e+01
1.436607695862669232e+00 2.812799266940756127e+01 -4.777343242183192729e+01
1.452394593619401819e+00 2.890567803035324346e+01 -4.798696797231364997e+01
1.468181491376134407e+00 2.964312338347659903e+01 -4.424801463493957954e+01
1.483968389132867216e+00 3.030275579631364380e+01 -3.470332789506269933e+01
1.499755286889599804e+00 3.073883916207204337e+01 -2.486781832147877935e+01
1.515542184646332391e+00 3.108792720686201960e+01 -1.844112624920476406e+01
1.531329082403064978e+00 3.132109551130243119e+01 -8.728260718305357102e+00
1.547115980159797566e+00 3.136351152597000436e+01 5.108386157569790864e-01
1.562902877916530375e+00 3.130496639730813868e+01 7.839836157466155697e+00
1.578689775673262963e+00 3.111597814227509673e+01 1.414912546953568473e+01
1.594476673429995550e+00 3.085822480303865589e+01 1.470350832952386000e+01
1.610263571186728138e+00 3.065173257694817721e+01 1.665112997257815408e+01
1.626050468943460725e+00 3.033248543021634092e+01 2.507856961850483657e+01
1.641837366700193535e+00 2.985990694804330303e+01 3.169695383254530086e+01
1.657624264456926122e+00 2.933169229150780666e+01 3.766269137674951395e+01
1.673411162213658709e+00 2.867075283202706260e+01 4.277497440452305710e+01
1.689198059970391297e+00 2.798112399656568527e+01 4.511768537635801124e+01
1.704984957727123884e+00 2.724621625991307283e+01 4.952608946625526443e+01
1.720771855483856472e+00 2.641739737517655584e+01 5.386595594764169448e+01
1.736558753240589281e+00 2.554546358168490627e+01 5.384614656182637304e+01
1.752345650997321869e+00 2.471727015444536946e+01 5.247704704613713744e+01
1.768132548754054456e+00 2.388856402909967613e+01 5.162338176042915450e+01
1.783919446510787044e+00 2.308732405502802720e+01 5.061997872735709336e+01
1.799706344267519631e+00 2.229029917186614185e+01 5.057337429068860502e+01
1.815493242024252440e+00 2.149053067674788409e+01 4.937975462738687327e+01
1.831280139780985028e+00 2.073119289675593890e+01 4.664685545187308691e+01
1.847067037537717615e+00 2.001771240136427110e+01 4.524295973664210635e+01
1.862853935294450203e+00 1.930270093760725914e+01 4.497094699570141785e+01
1.878640833051182790e+00 1.859780891687510973e+01 4.489172653649284683e+01
1.894427730807915378e+00 1.788529874369763206e+01 4.499400094297622132e+01
1.910214628564648187e+00 1.717717753176891549e+01 4.469557234535187717e+01
1.926001526321380775e+00 1.647408988210819913e+01 4.519702344775595293e+01
1.941788424078113362e+00 1.575013595561217450e+01 4.664239390875038538e+01
1.957575321834845949e+00 1.500141247457481697e+01 4.714588262446682876e+01
1.973362219591578537e+00 1.426156149832542397e+01 4.760362419883669816e+01
1.989149117348311346e+00 1.349838537842090069e+01 4.809849744879852551e+01
2.004936015105043712e+00 1.274290937537212898e+01 4.802804211962760661e+01
2.020722912861776521e+00 1.198195779762368218e+01 4.805542303053574926e+01
2.036509810618509331e+00 1.122561727529292419e+01 4.704106051375392639e+01
2.052296708375241696e+00 1.049669297222587083e+01 4.473578879664301411e+01
2.068083606131974506e+00 9.813138627694147686e+00 4.232843301671064751e+01
2.083870503888706871e+00 9.160223683750837509e+00 3.899148522487583790e+01
2.099657401645439680e+00 8.582029446437616116e+00 3.455681196192864491e+01
2.115444299402172490e+00 8.069133969267632267e+00 2.990212356314153652e+01
2.131231197158904855e+00 7.637905911636614142e+00 2.498448146961636951e+01
2.147018094915637665e+00 7.280279060336003027e+00 1.993308476023560516e+01
2.162804992672370030e+00 7.008542769464364497e+00 1.475961124717706952e+01
2.178591890429102840e+00 6.814262112959392326e+00 9.189440272832488432e+00
2.194378788185835649e+00 6.718397261406749088e+00 3.550809843049577808e+00
2.210165685942568015e+00 6.702149569067745283e+00 -1.374480370488952774e+00
2.225952583699300824e+00 6.761794823561839252e+00 -6.429548569821730730e+00
2.241739481456033189e+00 6.905154820855189612e+00 -1.174172187667786282e+01
2.257526379212765999e+00 7.132525549072047610e+00 -1.554110659299596442e+01
2.273313276969498808e+00 7.395846542475410956e+00 -1.797828060544147988e+01
2.289100174726231174e+00 7.700168104591955220e+00 -1.909862114683374656e+01
2.304887072482963983e+00 7.998862501154683002e+00 -1.927549125051770673e+01
2.320673970239696349e+00 8.308768523757390057e+00 -1.910099955000961103e+01
2.336460867996429158e+00 8.601953555049478339e+00 -1.706588270585009326e+01
2.352247765753161524e+00 8.847603214568684038e+00 -1.354160673667446879e+01
2.368034663509894333e+00 9.029513477077001582e+00 -1.087075426426169855e+01
2.383821561266627143e+00 9.190834186785613369e+00 -8.245786059396159828e+00
2.399608459023359508e+00 9.289864239964158443e+00 -5.677617124123971237e+00
2.415395356780092317e+00 9.370098108866452336e+00 -2.450072395423078309e+00
2.431182254536824683e+00 9.367222324770432706e+00 9.076226755684695391e-01
2.446969152293557492e+00 9.341441016104669259e+00 2.351354390227931912e+00
2.462756050050290302e+00 9.292981142073687195e+00 4.031269404468282858e+00
2.478542947807022667e+00 9.214158540268298836e+00 6.488779285986150391e+00
2.494329845563755477e+00 9.088105751765951368e+00 8.286185241046149841e+00
2.510116743320487842e+00 8.952532221880813879e+00 1.004480123867288732e+01
2.525903641077220652e+00 8.770953251482691115e+00 1.083027852356327614e+01
2.541690538833953461e+00 8.610579222423952572e+00 1.073356686154863304e+01
2.557477436590685826e+00 8.432053806266047502e+00 1.222937782642912552e+01
2.573264334347418636e+00 8.224451347675373114e+00 1.311544576656319805e+01
2.589051232104151001e+00 8.017949403564637478e+00 1.337020416767892783e+01
2.604838129860883811e+00 7.802303255311797692e+00 1.430269054645624571e+01
2.620625027617616620e+00 7.566359176958455279e+00 1.466379508067694282e+01
2.636411925374348986e+00 7.339311587983146090e+00 1.495984951235809390e+01
2.652198823131081795e+00 7.094019947543047877e+00 1.624550586813539965e+01
2.667985720887814161e+00 6.826379307689839138e+00 1.583629042339597426e+01
2.683772618644546970e+00 6.594008152022895253e+00 1.414362718355771342e+01
2.699559516401279780e+00 6.379811315177499331e+00 1.209822087609052055e+01
2.715346414158012145e+00 6.212021400004476668e+00 8.997223326562574286e+00
2.731133311914744954e+00 6.095734825675632962e+00 5.718619185247063363e+00
2.746920209671477320e+00 6.031462887230106595e+00 1.601607166328720577e+00
2.762707107428210129e+00 6.045166008513069400e+00 -3.615972162546440050e+00
2.778494005184942495e+00 6.145632852872730645e+00 -8.005744588868102696e+00
2.794280902941675304e+00 6.297937751095021852e+00 -1.270663329554784582e+01
2.810067800698408114e+00 6.546829494210947509e+00 -1.695864782909756485e+01
2.825854698455140479e+00 6.833386629835819903e+00 -2.045431237456421414e+01
2.841641596211873289e+00 7.192649770493980022e+00 -2.488420408305569254e+01
2.857428493968605654e+00 7.619075401069557607e+00 -2.756450740625421858e+01
2.873215391725338463e+00 8.062965890768449384e+00 -2.918752509338624535e+01
2.889002289482071273e+00 8.540636349912270830e+00 -3.119220889708039479e+01
2.904789187238803638e+00 9.047822316098157458e+00 -3.094490052215256171e+01
2.920576084995536448e+00 9.517684311183240098e+00 -3.220454154991990237e+01
2.936362982752268813e+00 1.006464192560022397e+01 -3.562518596636694213e+01
2.952149880509001623e+00 1.064250664801448210e+01 -3.736832252809229971e+01
2.967936778265734432e+00 1.124450169978342728e+01 -3.943683788103354004e+01
2.983723676022466798e+00 1.188767730296791569e+01 -4.203006911958114955e+01
2.999510573779199607e+00 1.257155050758189319e+01 -4.316390579447610776e+01
3.015297471535931972e+00 1.325052563808518258e+01 -4.574217176255549333e+01
3.031084369292664782e+00 1.401580448515462507e+01 -4.639743219440921962e+01
3.046871267049397591e+00 1.471546867454132901e+01 -4.164476443928563754e+01
3.062658164806129957e+00 1.533068776176705938e+01 -3.290273301855435761e+01
3.078445062562862766e+00 1.575433283870330570e+01 -2.533362874765942152e+01
3.094231960319595132e+00 1.613056657545970296e+01 -2.177854076929340366e+01
3.110018858076327941e+00 1.644196403153464203e+01 -1.671861238584007125e+01
3.125805755833060751e+00 1.665843662419910487e+01 -8.658774028450732629e+00
3.141592653589793116e+00 1.671535439210624929e+01 -3.605380156647352230e+00
