0.000000000000000000e+00 2.231235649188799925e+02 2.421643831800820124e+01
1.578689775673262907e-02 2.227412624831213748e+02 4.843287663601550719e+01
3.157379551346525814e-02 2.215943551758455499e+02 9.686575327203010488e+01
4.736069327019788722e-02 2.196828429970525178e+02 1.452986299080456263e+02
6.314759102693051629e-02 2.170067259467422502e+02 1.695150682260520227e+02
7.893448878366314536e-02 2.143306088964320395e+02 1.695150682260511132e+02
9.472138654039577443e-02 2.116544918461218003e+02 1.695150682260529038e+02
1.105082842971284035e-01 2.089783747958115327e+02 1.695150682260529038e+02
1.262951820538610326e-01 2.063022577455012936e+02 1.695150682260529038e+02
1.420820798105936755e-01 2.036261406951910260e+02 1.695150682260520227e+02
1.578689775673262907e-01 2.009500236448808153e+02 1.695150682260511132e+02
1.736558753240589059e-01 1.982739065945705761e+02 1.695150682260529038e+02
1.894427730807915489e-01 1.955977895442603085e+02 1.695150682260529038e+02
2.052296708375241918e-01 1.929216724939500693e+02 1.695150682260529038e+02
2.210165685942568070e-01 1.902455554436398018e+02 1.695150682260529038e+02
2.368034663509894222e-01 1.875694383933295626e+02 1.695150682260520227e+02
2.525903641077220652e-01 1.848933213430193234e+02 1.695150682260538133e+02
2.683772618644547081e-01 1.822172042927090274e+02 1.695150682260529038e+02
2.841641596211873511e-01 1.795410872423988167e+02 1.695150682260511132e+02
2.999510573779199385e-01 1.768649701920885775e+02 1.695150682260520227e+02
3.157379551346525814e-01 1.741888531417783383e+02 1.695150682260520227e+02
3.315248528913852244e-01 1.715127360914680992e+02 1.695150682260529038e+02
3.473117506481178118e-01 1.688366190411578316e+02 1.695150682260529038e+02
3.630986484048504548e-01 1.661605019908475924e+02 1.695150682260520227e+02
3.788855461615830977e-01 1.634843849405373533e+02 1.695150682260520227e+02
3.946724439183157407e-01 1.608082678902271141e+02 1.695150682260529038e+02
4.104593416750483836e-01 1.581321508399168465e+02 1.695150682260538133e+02
4.262462394317809711e-01 1.554560337896065789e+02 1.695150682260520227e+02
4.420331371885136140e-01 1.527799167392963682e+02 1.695150682260511132e+02
4.578200349452462570e-01 1.501037996889861290e+02 1.695150682260529038e+02
4.736069327019788444e-01 1.474276826386758614e+02 1.695150682260529038e+02
4.893938304587114874e-01 1.447515655883656223e+02 1.695150682260520227e+02
5.051807282154441303e-01 1.420754485380553831e+02 1.695150682260520227e+02
5.209676259721767178e-01 1.393993314877451439e+02 1.695150682260529038e+02
5.367545237289094162e-01 1.367232144374348763e+02 1.695150682260529038e+02
5.525414214856420037e-01 1.340470973871246372e+02 1.695150682260529038e+02
5.683283192423747021e-01 1.313709803368143696e+02 1.695150682260529038e+02
5.841152169991072896e-01 1.286948632865041304e+02 1.695150682260524775e+02
5.999021147558398770e-01 1.260187462361938771e+02 1.695150682260524775e+02
6.156890125125725755e-01 1.233426291858836379e+02 1.695150682260520227e+02
6.314759102693051629e-01 1.206665121355733987e+02 1.695150682260520227e+02
6.472628080260377503e-01 1.179903950852631596e+02 1.695150682260524775e+02
6.630497057827704488e-01 1.153142780349529062e+02 1.695150682260524775e+02
6.788366035395030362e-01 1.126381609846426670e+02 1.695150682260524775e+02
6.946235012962356237e-01 1.099620439343324136e+02 1.695150682260524775e+02
7.104103990529683221e-01 1.072859268840221745e+02 1.695150682260524775e+02
7.261972968097009096e-01 1.046098098337119211e+02 1.695150682260524775e+02
7.419841945664336080e-01 1.019336927834016819e+02 1.695150682260529038e+02
7.577710923231661955e-01 9.925757573309141435e+01 1.695150682260529038e+02
7.735579900798987829e-01 9.658145868278117518e+01 1.695150682260520227e+02
7.893448878366314814e-01 9.390534163247093602e+01 1.695150682260524775e+02
8.051317855933640688e-01 9.122922458216068264e+01 1.695150682260529038e+02
8.209186833500967673e-01 8.855310753185042927e+01 1.695150682260524775e+02
8.367055811068293547e-01 8.587699048154019010e+01 1.695150682260524775e+02
8.524924788635619421e-01 8.320087343122993673e+01 1.695150682260524775e+02
8.682793766202946406e-01 8.052475638091969756e+01 1.695150682260524775e+02
8.840662743770272280e-01 7.784863933060944419e+01 1.591005423641163077e+02
8.998531721337598155e-01 7.550134839023367306e+01 1.656753562857021507e+02
9.156400698904925139e-01 7.261763950962418335e+01 1.760898821476383205e+02
9.314269676472251014e-01 6.994152245931394418e+01 1.883436404618900326e+02
9.472138654039576888e-01 6.667091591941884587e+01 2.087743267978420363e+02
9.630007631606903873e-01 6.334972455653750956e+01 2.165682170690199086e+02
9.787876609174229747e-01 5.983303531896585525e+01 2.253309299291026662e+02
9.945745586741556732e-01 5.623517185209705360e+01 2.412353588504370236e+02
1.010361456430888261e+00 5.221631942800474491e+01 2.398790624456171372e+02
1.026148354187620848e+00 4.866127938647737494e+01 2.297672304234291687e+02
1.041935251944353436e+00 4.496169587892013908e+01 2.111086068688471471e+02
1.057722149701086245e+00 4.199577940206786764e+01 1.803758105941719521e+02
1.073509047457818832e+00 3.926654691964421318e+01 1.612719225600356481e+02
1.089295945214551420e+00 3.690381269709389755e+01 1.424036342653529346e+02
1.105082842971284007e+00 3.477032369097566544e+01 1.253183298906081973e+02
1.120869740728016595e+00 3.294703737503885321e+01 1.042087901410636022e+02
1.136656638484749404e+00 3.148005666035610872e+01 8.636417057245128603e+01
1.152443536241481992e+00 3.022019271369424231e+01 7.529524108414470618e+01
1.168230433998214579e+00 2.910270011522825584e+01 6.949075895638472389e+01
1.184017331754947167e+00 2.802610570032984683e+01 6.304109674779878247e+01
1.199804229511679754e+00 2.711225341756867735e+01 5.121374106177118790e+01
1.215591127268412341e+00 2.640909351256592430e+01 3.963646201504153055e+01
1.231378025025145151e+00 2.586077987102852305e+01 3.272233768615968330e+01
1.247164922781877738e+00 2.537592511374056059e+01 2.683404089649837587e+01
1.262951820538610326e+00 2.501352735096251934e+01 1.882947255630984529e+01
1.278738718295342913e+00 2.478140719762122757e+01 7.626550219324173874e+00
1.294525616052075501e+00 2.477272821386440427e+01 -1.642037846627474762e+00
1.310312513808808310e+00 2.483325256481601429e+01 -8.111076835733507906e+00
1.326099411565540898e+00 2.502882569526985890e+01 -1.436195516584084153e+01
1.341886309322273485e+00 2.528671400039582906e+01 -2.129073374024084586e+01
1.357673207079006072e+00 2.570105496871585871e+01 -2.690501993387708524e+01
1.373460104835738660e+00 2.613620759807377070e+01 -2.849733083496634123e+01
1.389247002592471247e+00 2.660082386517865416e+01 -3.173467641785175530e+01
1.405033900349204057e+00 2.713819178197701021e+01 -3.748475199125149260e+01
1.420820798105936644e+00 2.778435975942338843e+01 -3.985396063287490875e+01
1.436607695862669232e+00 2.839653258540109704e+01 -4.029945874433350639e+01
1.452394593619401819e+00 2.905676662912030395e+01 -4.052945883134365346e+01
1.468181491376134407e+00 2.967620143081335016e+01 -4.062498816400425028e+01
1.483968389132867216e+00 3.033945169814752063e+01 -4.125791531788838995e+01
1.499755286889599804e+00 3.097887041237222405e+01 -3.508034413737222224e+01
1.515542184646332391e+00 3.144707131048290094e+01 -2.657400101021569938e+01
1.531329082403064978e+00 3.181791248624339374e+01 -1.814148424605307142e+01
1.547115980159797566e+00 3.201986682437853204e+01 -8.927302377162735780e+00
1.562902877916530375e+00 3.209978130598680224e+01 5.807653256730773705e-01
1.578689775673262963e+00 3.200152985874441924e+01 1.177223956540417227e+01
1.594476673429995550e+00 3.172808702121320579e+01 2.026338185949408555e+01
1.610263571186728138e+00 3.136173798350149156e+01 2.604344032579035328e+01
1.626050468943460725e+00 3.090579676189956615e+01 3.267104729157077259e+01
1.641837366700193535e+00 3.033018901710668302e+01 3.665080996262637569e+01
1.657624264456926122e+00 2.974859158273672577e+01 4.017165642116705015e+01
1.673411162213658709e+00 2.906181735182757109e+01 4.308868035028947929e+01
1.689198059970391297e+00 2.838811840041161716e+01 4.267559854800216357e+01
1.704984957727123884e+00 2.771438672985821583e+01 4.630856064454658139e+01
1.720771855483856472e+00 2.692598137609779840e+01 4.941464872553058996e+01
1.736558753240589281e+00 2.615417871562859631e+01 5.059917962837381822e+01
1.752345650997321869e+00 2.532837322536242652e+01 5.390725853251827004e+01
1.768132548754054456e+00 2.445212195803135913e+01 5.599221251212569683e+01
1.783919446510787044e+00 2.356048655715807882e+01 5.705699644272954174e+01
1.799706344267519631e+00 2.265061601973610195e+01 5.841391713100315997e+01
1.815493242024252440e+00 2.171613748252327980e+01 5.667682674676275667e+01
1.831280139780985028e+00 2.086111348168171631e+01 5.409057492709531090e+01
1.847067037537717615e+00 2.000829273056940139e+01 5.301927885348933245e+01
1.862853935294450203e+00 1.918709361289025139e+01 5.039678931790472660e+01
1.878640833051182790e+00 1.841707481011068737e+01 4.768535797259612252e+01
1.894427730807915378e+00 1.768148587127711124e+01 4.714293976218287696e+01
1.910214628564648187e+00 1.692859327015591475e+01 4.640912023537686082e+01
1.926001526321380775e+00 1.621617379900549949e+01 4.576756643302871197e+01
1.941788424078113362e+00 1.548353748645052974e+01 4.655036754662302911e+01
1.957575321834845949e+00 1.474640201301177456e+01 4.682719369745793614e+01
1.973362219591578537e+00 1.400502524817756367e+01 4.718047240302599477e+01
1.989149117348311346e+00 1.325673542512994096e+01 4.706097217188977311e+01
2.004936015105043712e+00 1.251913173615743702e+01 4.615159429319928108e+01
2.020722912861776521e+00 1.179955442429605661e+01 4.638516647022017025e+01
2.036509810618509331e+00 1.105457597516866031e+01 4.621675771747621297e+01
2.052296708375241696e+00 1.034031596682909537e+01 4.449898123568782893e+01
2.068083606131974506e+00 9.649574241075525194e+00 4.181567686265926653e+01
2.083870503888706871e+00 9.020036336310351288e+00 3.863799158306285619e+01
2.099657401645439680e+00 8.429626195780906883e+00 3.562211450618596587e+01
2.115444299402172490e+00 7.895310977134791131e+00 3.130197289826164564e+01
2.131231197158904855e+00 7.441304104323162250e+00 2.554232960832555221e+01
2.147018094915637665e+00 7.088842685143990963e+00 1.984232274439942501e+01
2.162804992672370030e+00 6.814806663479314075e+00 1.424080661956608296e+01
2.178591890429102840e+00 6.639206368991009022e+00 9.019175284466863118e+00
2.194378788185835649e+00 6.530037067347457480e+00 3.616738106625063232e+00
2.210165685942568015e+00 6.525012219586671769e+00 -2.207073924104460794e+00
2.225952583699300824e+00 6.599722768110233062e+00 -6.775338998232117937e+00
2.241739481456033189e+00 6.738935387651259212e+00 -1.078725569131421125e+01
2.257526379212765999e+00 6.940317373459252259e+00 -1.480943137898147199e+01
2.273313276969498808e+00 7.206525345681916050e+00 -1.772999213976995847e+01
2.289100174726231174e+00 7.500120519735695268e+00 -1.959813739627308848e+01
2.304887072482963983e+00 7.825312928276638935e+00 -2.067519850971291362e+01
2.320673970239696349e+00 8.152915009681672487e+00 -2.019297095119233987e+01
2.336460867996429158e+00 8.462881663898929929e+00 -1.892540522781838419e+01
2.352247765753161524e+00 8.750461884354276521e+00 -1.680617526796298122e+01
2.368034663509894333e+00 8.993516405173050288e+00 -1.309565095169699411e+01
2.383821561266627143e+00 9.163941289618874109e+00 -9.534746085939769245e+00
2.399608459023359508e+00 9.294564528363325806e+00 -6.818431555408263733e+00
2.415395356780092317e+00 9.379225053271893486e+00 -3.247005099483751600e+00
2.431182254536824683e+00 9.397084803405604703e+00 -1.835784961934255194e-02
2.446969152293557492e+00 9.379804680261841554e+00 2.591516972355774495e+00
2.462756050050290302e+00 9.315260776450768887e+00 5.275892792115249641e+00
2.478542947807022667e+00 9.213224720092629383e+00 6.733593441765289178e+00
2.494329845563755477e+00 9.102655674049660917e+00 8.306664972094996102e+00
2.510116743320487842e+00 8.950951778864837394e+00 1.098545056099152539e+01
2.525903641077220652e+00 8.755803304413632304e+00 1.226659004214327986e+01
2.541690538833953461e+00 8.563648973226696270e+00 1.282880081245139081e+01
2.557477436590685826e+00 8.350749370878315148e+00 1.402131374776364758e+01
2.573264334347418636e+00 8.120942880124667695e+00 1.462481526188382297e+01
2.589051232104151001e+00 7.888988444377389442e+00 1.526076869513766354e+01
2.604838129860883811e+00 7.639102489966099085e+00 1.611939290253382495e+01
2.620625027617616620e+00 7.380038029071583239e+00 1.600103715056452813e+01
2.636411925374348986e+00 7.133889014970813847e+00 1.582838160181081655e+01
2.652198823131081795e+00 6.880275945066912868e+00 1.540247706350981716e+01
2.667985720887814161e+00 6.647574353766716015e+00 1.364146506256457769e+01
2.683772618644546970e+00 6.449563116677418328e+00 1.229650223038114376e+01
2.699559516401279780e+00 6.259327106813792341e+00 1.071648047383611413e+01
2.715346414158012145e+00 6.111203153572473568e+00 7.088390659461970777e+00
2.731133311914744954e+00 6.035519709612382933e+00 3.092708950238328480e+00
2.746920209671477320e+00 6.013554593594984787e+00 -7.103156777343588857e-01
2.762707107428210129e+00 6.057947071571176068e+00 -3.944725340974068128e+00
2.778494005184942495e+00 6.138104544867684531e+00 -7.314716277594669691e+00
2.794280902941675304e+00 6.288900427558965944e+00 -1.270237467286025712e+01
2.810067800698408114e+00 6.539166725323994456e+00 -1.765807504881593815e+01
2.825854698455140479e+00 6.846432878311703440e+00 -2.145844186773105378e+01
2.841641596211873289e+00 7.216691180893316293e+00 -2.555439201938362714e+01
2.857428493968605654e+00 7.653282026402650651e+00 -2.872891712590906010e+01
2.873215391725338463e+00 8.123772135550058948e+00 -3.267244940278563803e+01
2.889002289482071273e+00 8.684875262770244575e+00 -3.637192673626283579e+01
2.904789187238803638e+00 9.272171912751561607e+00 -3.667480498239159203e+01
2.920576084995536448e+00 9.842838055780493534e+00 -3.739753259770431981e+01
2.936362982752268813e+00 1.045295395969962904e+01 -3.659529580908618129e+01
2.952149880509001623e+00 1.099829044241135279e+01 -3.401717264346810055e+01
2.967936778265734432e+00 1.152700521269073519e+01 -3.360986126289584064e+01
2.983723676022466798e+00 1.205948132916196336e+01 -3.292665921913209814e+01
2.999510573779199607e+00 1.256662481781716778e+01 -3.168735401421325193e+01
3.015297471535931972e+00 1.305997136516951507e+01 -3.285509949179389366e+01
3.031084369292664782e+00 1.360398501074562461e+01 -3.362962398395089991e+01
3.046871267049397591e+00 1.412178623603350758e+01 -3.465295670251794746e+01
3.062658164806129957e+00 1.469811037960789157e+01 -3.589644843632567017e+01
3.078445062562862766e+00 1.525517335862170398e+01 -3.395609041007704576e+01
3.094231960319595132e+00 1.577023303465240289e+01 -3.088837009141277790e+01
3.110018858076327941e+00 1.623043643963220717e+01 -2.848008082652976114e+01
3.125805755833060751e+00 1.666945728287621620e+01 -2.691506048132254136e+01
3.141592653589793116e+00 1.708024705550203493e+01 -2.602093070822793308e+01
