0.000000000000000000e+00 9.321590545625288371e+01 2.295251009790937324e+00
1.578689775673262907e-02 9.317967056323527686e+01 4.590502019582775262e+00
3.157379551346525814e-02 9.307096588418242789e+01 9.181004039165550523e+00
4.736069327019788722e-02 9.288979141909436521e+01 1.377150605874832401e+01
6.314759102693051629e-02 9.263614716797106041e+01 1.606675706853971164e+01
7.893448878366314536e-02 9.238250291684776982e+01 1.606675706853971164e+01
9.472138654039577443e-02 9.212885866572446503e+01 1.606675706853971164e+01
1.105082842971284035e-01 9.187521441460117444e+01 1.606675706853926044e+01
1.262951820538610326e-01 9.162157016347788385e+01 1.606675706853971164e+01
1.420820798105936755e-01 9.136792591235457905e+01 1.606675706853926044e+01
1.578689775673262907e-01 9.111428166123130268e+01 1.606675706853881280e+01
1.736558753240589059e-01 9.086063741010801209e+01 1.606675706854016283e+01
1.894427730807915489e-01 9.060699315898469308e+01 1.606675706853971164e+01
2.052296708375241918e-01 9.035334890786141671e+01 1.606675706853881280e+01
2.210165685942568070e-01 9.009970465673812612e+01 1.606675706853926044e+01
2.368034663509894222e-01 8.984606040561483553e+01 1.606675706853971164e+01
2.525903641077220652e-01 8.959241615449153073e+01 1.606675706853971164e+01
2.683772618644547081e-01 8.933877190336824015e+01 1.606675706853926044e+01
2.841641596211873511e-01 8.908512765224494956e+01 1.606675706853971164e+01
2.999510573779199385e-01 8.883148340112164476e+01 1.606675706853971164e+01
3.157379551346525814e-01 8.857783914999835417e+01 1.606675706853971164e+01
3.315248528913852244e-01 8.832419489887504938e+01 1.606675706853971164e+01
3.473117506481178118e-01 8.807055064775175879e+01 1.606675706853926044e+01
3.630986484048504548e-01 8.781690639662846820e+01 1.606675706853926044e+01
3.788855461615830977e-01 8.756326214550517761e+01 1.606675706853926044e+01
3.946724439183157407e-01 8.730961789438188703e+01 1.606675706853926044e+01
4.104593416750483836e-01 8.705597364325859644e+01 1.606675706854016283e+01
4.262462394317809711e-01 8.680232939213527743e+01 1.606675706853971164e+01
4.420331371885136140e-01 8.654868514101200105e+01 1.606675706853881280e+01
4.578200349452462570e-01 8.629504088988871047e+01 1.606675706853971164e+01
4.736069327019788444e-01 8.604139663876540567e+01 1.606675706853971164e+01
4.893938304587114874e-01 8.578775238764211508e+01 1.606675706853971164e+01
5.051807282154441303e-01 8.553410813651881028e+01 1.606675706853971164e+01
5.209676259721767178e-01 8.528046388539551970e+01 1.606675706853926044e+01
5.367545237289094162e-01 8.502681963427222911e+01 1.606675706853926044e+01
5.525414214856420037e-01 8.477317538314893852e+01 1.606675706853971164e+01
5.683283192423747021e-01 8.451953113202563372e+01 1.606675706853971164e+01
5.841152169991072896e-01 8.426588688090234314e+01 1.606675706853971164e+01
5.999021147558398770e-01 8.401224262977903834e+01 1.606675706853971164e+01
6.156890125125725755e-01 8.375859837865574775e+01 1.606675706853971164e+01
6.314759102693051629e-01 8.350495412753244295e+01 1.606675706853971164e+01
6.472628080260377503e-01 8.325130987640915237e+01 1.606675706853926044e+01
6.630497057827704488e-01 8.299766562528586178e+01 1.606675706853926044e+01
6.788366035395030362e-01 8.274402137416257119e+01 1.606675706853926044e+01
6.946235012962356237e-01 8.249037712303928060e+01 1.606675706853926044e+01
7.104103990529683221e-01 8.223673287191599002e+01 1.606675706853926044e+01
7.261972968097009096e-01 8.198308862079269943e+01 1.606675706853971164e+01
7.419841945664336080e-01 8.172944436966939463e+01 1.606675706853971164e+01
7.577710923231661955e-01 8.147580011854610404e+01 1.606675706853971164e+01
7.735579900798987829e-01 8.122215586742279925e+01 1.606675706853971164e+01
7.893448878366314814e-01 8.096851161629950866e+01 1.606675706853926044e+01
8.051317855933640688e-01 8.071486736517621807e+01 1.606675706853926044e+01
8.209186833500967673e-01 8.046122311405292749e+01 1.606675706853971164e+01
8.367055811068293547e-01 8.020757886292962269e+01 1.606675706853971164e+01
8.524924788635619421e-01 7.995393461180633210e+01 1.606675706853971164e+01
8.682793766202946406e-01 7.970029036068302730e+01 1.606675706853971164e+01
8.840662743770272280e-01 7.944664610955973671e+01 1.606675706853926044e+01
8.998531721337598155e-01 7.919300185843644613e+01 1.606675706853926044e+01
9.156400698904925139e-01 7.893935760731315554e+01 1.606675706853926044e+01
9.314269676472251014e-01 7.868571335618986495e+01 1.606675706853926044e+01
9.472138654039576888e-01 7.843206910506657437e+01 1.606675706854016283e+01
9.630007631606903873e-01 7.817842485394325536e+01 1.606675706853971164e+01
9.787876609174229747e-01 7.792478060281997898e+01 1.606675706853881280e+01
9.945745586741556732e-01 7.767113635169668839e+01 1.606675706853971164e+01
1.010361456430888261e+00 7.741749210057338360e+01 1.606675706853971164e+01
1.026148354187620848e+00 7.716384784945009301e+01 1.606675706853971164e+01
1.041935251944353436e+00 7.691020359832678821e+01 1.606675706853971164e+01
1.057722149701086245e+00 7.665655934720349762e+01 1.606675706853971164e+01
1.073509047457818832e+00 7.640291509608019282e+01 1.606675706853971164e+01
1.089295945214551420e+00 7.614927084495690224e+01 1.606675706853926044e+01
1.105082842971284007e+00 7.589562659383361165e+01 1.606675706853926044e+01
1.120869740728016595e+00 7.564198234271032106e+01 1.606675706853971164e+01
1.136656638484749404e+00 7.538833809158701627e+01 1.606675706853971164e+01
1.152443536241481992e+00 7.513469384046372568e+01 1.606675706853926044e+01
1.168230433998214579e+00 7.488104958934043509e+01 1.606675706853926044e+01
1.184017331754947167e+00 7.462740533821714450e+01 1.606675706853971164e+01
1.199804229511679754e+00 7.437376108709383971e+01 1.606675706853971164e+01
1.215591127268412341e+00 7.412011683597054912e+01 1.606675706853926044e+01
1.231378025025145151e+00 7.386647258484725853e+01 1.606675706853926044e+01
1.247164922781877738e+00 7.361282833372396794e+01 1.606675706853971164e+01
1.262951820538610326e+00 7.335918408260066315e+01 1.606675706853971164e+01
1.278738718295342913e+00 7.310553983147737256e+01 1.606675706853971164e+01
1.294525616052075501e+00 7.285189558035406776e+01 1.606675706853971164e+01
1.310312513808808310e+00 7.259825132923077717e+01 1.606675706853926044e+01
1.326099411565540898e+00 7.234460707810748659e+01 1.606675706853926044e+01
1.341886309322273485e+00 7.209096282698419600e+01 2.333606998839928082e+01
1.357673207079006072e+00 7.160779877620585410e+01 2.385449289376077431e+01
1.373460104835738660e+00 7.133778594627918324e+01 1.658517997390120158e+01
1.389247002592471247e+00 7.108414169515587844e+01 4.022073345578179726e+01
1.405033900349204057e+00 7.006786473274473792e+01 8.084342682951159986e+01
1.420820798105936644e+00 6.853160786783308822e+01 1.039940482570991804e+02
1.436607695862669232e+00 6.678437791845765048e+01 1.280726977206350909e+02
1.452394593619401819e+00 6.448786669914390757e+01 1.415591515248722772e+02
1.468181491376134407e+00 6.231481821515168917e+01 1.688084910295885663e+02
1.483968389132867216e+00 5.915794192243904348e+01 2.081815253037613900e+02
1.499755286889599804e+00 5.574173730552943340e+01 1.999359331136726894e+02
1.515542184646332391e+00 5.284520565451407492e+01 1.661796022956304455e+02
1.531329082403064978e+00 5.049481652413821564e+01 1.292518869508216142e+02
1.547115980159797566e+00 4.876423300619930501e+01 9.420960716983216798e+01
1.562902877916530375e+00 4.752026165195404417e+01 8.739509870583876250e+01
1.578689775673262963e+00 4.600483803078203948e+01 6.848138864630138301e+01
1.594476673429995550e+00 4.535804429035758290e+01 3.529488520158630394e+01
1.610263571186728138e+00 4.489044454275592244e+01 2.980924020160418664e+01
1.626050468943460725e+00 4.441685343582036438e+01 3.061019193517038062e+01
1.641837366700193535e+00 4.392396460196692942e+01 4.727988626579089271e+01
1.657624264456926122e+00 4.292404797496438817e+01 6.668272016061457919e+01
1.673411162213658709e+00 4.181853803133405734e+01 5.719019882461091697e+01
1.689198059970391297e+00 4.111833633190170190e+01 5.129673211887930506e+01
1.704984957727123884e+00 4.019890550090355674e+01 6.438464569730008691e+01
1.720771855483856472e+00 3.908546869444823813e+01 6.559348626819587480e+01
1.736558753240589281e+00 3.812787017845624860e+01 6.783438744699027723e+01
1.752345650997321869e+00 3.694367961641579257e+01 7.814115116902661384e+01
1.768132548754054456e+00 3.566065745025862554e+01 8.121860730824037944e+01
1.783919446510787044e+00 3.437929991737697577e+01 8.733843452834672405e+01
1.799706344267519631e+00 3.290305157799443236e+01 9.486162514233532761e+01
1.815493242024252440e+00 3.138415836305788531e+01 8.792197096995423067e+01
1.831280139780985028e+00 3.012702124544826887e+01 7.893086520209310208e+01
1.847067037537717615e+00 2.889201136546610726e+01 7.560221914381109798e+01
1.862853935294450203e+00 2.773997223783738875e+01 7.118593411207594102e+01
1.878640833051182790e+00 2.664440123837641039e+01 6.846860090887523143e+01
1.894427730807915378e+00 2.557815863364750086e+01 6.676786649787075589e+01
1.910214628564648187e+00 2.453628627470229162e+01 6.539642146306537995e+01
1.926001526321380775e+00 2.351334539506028420e+01 6.916120377400982022e+01
1.941788424078113362e+00 2.235260456927660400e+01 7.664959879062325854e+01
1.957575321834845949e+00 2.109322663665599151e+01 7.879730401526613548e+01
1.973362219591578537e+00 1.986467460528623619e+01 7.776053508695183325e+01
1.989149117348311346e+00 1.863803140280293391e+01 7.672858144142384162e+01
2.004936015105043712e+00 1.744206206481645438e+01 7.476970628276896491e+01
2.020722912861776521e+00 1.627726798602892799e+01 7.287302828683147027e+01
2.036509810618509331e+00 1.514118397124106785e+01 7.025350850580599626e+01
2.052296708375241696e+00 1.405909807436311709e+01 6.639034384473596617e+01
2.068083606131974506e+00 1.304498883061872760e+01 6.327031222984960124e+01
2.083870503888706871e+00 1.206141417394474580e+01 6.002791409216814600e+01
2.099657401645439680e+00 1.114967974597275102e+01 5.706088824122878833e+01
2.115444299402172490e+00 1.025978535679949388e+01 5.428438256011856566e+01
2.131231197158904855e+00 9.435715751444847754e+00 5.026589551338828699e+01
2.147018094915637665e+00 8.672700250558561308e+00 4.732486738447348529e+01
2.162804992672370030e+00 7.941490065945620458e+00 4.349056426493250171e+01
2.178591890429102840e+00 7.299538067692362908e+00 3.882348960922101355e+01
2.194378788185835649e+00 6.715685143904932985e+00 3.504036477790034354e+01
2.210165685942568015e+00 6.193180755477706967e+00 2.968287497285946586e+01
2.225952583699300824e+00 5.778484119260112628e+00 2.446305155876270021e+01
2.241739481456033189e+00 5.420789367925975988e+00 2.012995703352036614e+01
2.257526379212765999e+00 5.142904972188898860e+00 1.536576919648625505e+01
2.273313276969498808e+00 4.935633713409015577e+00 1.163041834720108803e+01
2.289100174726231174e+00 4.775688521558317134e+00 8.470638306655295935e+00
2.304887072482963983e+00 4.668183511646155637e+00 5.605337565426119717e+00
2.320673970239696349e+00 4.598706739483607642e+00 4.065589192765300730e+00
2.336460867996429158e+00 4.539817429832029738e+00 2.615460686985081384e+00
2.352247765753161524e+00 4.516126718579233312e+00 1.654777364675588391e-01
2.368034663509894333e+00 4.534592669618771943e+00 -2.661199890076932917e+00
2.383821561266627143e+00 4.600150899728978615e+00 -4.854626110794075800e+00
2.399608459023359508e+00 4.687871641735313233e+00 -6.811075300699442003e+00
2.415395356780092317e+00 4.815202398500076697e+00 -9.798723453041423781e+00
2.431182254536824683e+00 4.997254532334639343e+00 -1.314454946130682522e+01
2.446969152293557492e+00 5.230225715308008283e+00 -1.546632244491044261e+01
2.462756050050290302e+00 5.485585034555559680e+00 -1.606491584903829306e+01
2.478542947807022667e+00 5.737456083266570417e+00 -1.522386142277229304e+01
2.494329845563755477e+00 5.966260122043504310e+00 -1.460830499029998997e+01
2.510116743320487842e+00 6.198695717828636376e+00 -1.344924815005407304e+01
2.525903641077220652e+00 6.390903932943162502e+00 -1.075857308843843541e+01
2.541690538833953461e+00 6.538384704539661918e+00 -7.622832241231177086e+00
2.557477436590685826e+00 6.631585679361245766e+00 -5.106875904239073449e+00
2.573264334347418636e+00 6.699628160052749415e+00 -2.790120870799893904e+00
2.589051232104151001e+00 6.719680385193733230e+00 -3.197098793589617238e-01
2.604838129860883811e+00 6.709722614407263919e+00 2.055884034135869953e+00
2.620625027617616620e+00 6.654768323100529237e+00 4.450877324155563031e+00
2.636411925374348986e+00 6.569191523918856745e+00 6.287421815902498601e+00
2.652198823131081795e+00 6.456250552378323349e+00 8.086910963476654501e+00
2.667985720887814161e+00 6.313857050822444528e+00 1.040741720161849670e+01
2.683772618644546970e+00 6.127648889831100121e+00 1.166889946390970501e+01
2.699559516401279780e+00 5.945425605281775105e+00 1.196778726066891174e+01
2.715346414158012145e+00 5.749780422114085354e+00 1.302298236628518247e+01
2.731133311914744954e+00 5.534240623073222842e+00 1.386774602969968129e+01
2.746920209671477320e+00 5.311923044739677913e+00 1.497281454317747951e+01
2.762707107428210129e+00 5.061492038425898343e+00 1.615492151133793186e+01
2.778494005184942495e+00 4.801850856404612955e+00 1.676270096942461407e+01
2.794280902941675304e+00 4.532229945763919687e+00 1.818159904153817763e+01
2.810067800698408114e+00 4.227788766159270573e+00 1.852694179496872451e+01
2.825854698455140479e+00 3.947264074039704251e+00 1.734911363123658745e+01
2.841641596211873289e+00 3.680011400026733881e+00 1.591974866054192539e+01
2.857428493968605654e+00 3.444617185205991028e+00 1.422687948846945538e+01
2.873215391725338463e+00 3.230814816263086087e+00 1.235767168848251885e+01
2.889002289482071273e+00 3.054438586291305047e+00 9.862429400059532725e+00
2.904789187238803638e+00 2.919420487119618546e+00 6.784664270470992520e+00
2.920576084995536448e+00 2.840220983987939984e+00 4.722716752927147432e+00
2.936362982752268813e+00 2.770306394094680158e+00 2.921488752745234230e+00
2.952149880509001623e+00 2.747978495513873298e+00 1.125024019900240591e+00
2.967936778265734432e+00 2.734785115742613293e+00 -1.028858918865556582e+00
2.983723676022466798e+00 2.780463476630339326e+00 -4.816537869944492734e+00
2.999510573779199607e+00 2.886861497531102216e+00 -8.122724363466922171e+00
3.015297471535931972e+00 3.036928714694686171e+00 -1.080315920344342828e+01
3.031084369292664782e+00 3.227958237120035268e+00 -1.233999769402429436e+01
3.046871267049397591e+00 3.426549278522442066e+00 -1.190638037871719135e+01
3.062658164806129957e+00 3.603887856503186882e+00 -1.369874273774038365e+01
3.078445062562862766e+00 3.859070580515424176e+00 -2.199183676855099634e+01
3.094231960319595132e+00 4.298253613598922662e+00 -3.294349947066318407e+01
3.110018858076327941e+00 4.899221896300094414e+00 -3.936675647389159849e+01
3.125805755833060751e+00 5.541211532533960593e+00 -3.921662630912823744e+01
3.141592653589793116e+00 6.137439636112491215e+00 -3.776727465814222739e+01
